0.04058438287151608 0.03603022670023374 0.017078085642308775 0.009833753148609655 0.006115869017629161 0.004594458438284839 0.0038337531486126782 0.004065491183877045 0.004463476070526718 0.005471032745589183 0.006977329974807568 0.011032745591933988 0.013450881612083904 0.011994962216618643 0.008075566750625655 0.007229219143573184 0.0050327455919370115 0.0056624685138510515 0.004110831234254856 0.005314861460954502 0.005556675062969493 0.008458438287149391 0.0142670025188845 0.0318841309823517 0.03783375314859555 0.6910478589417174
0.0248651960784009 0.02072303921566088 0.014399509803903922 0.011029411764692366 0.009424019607831588 0.010147058823516977 0.011041666666653136 0.014313725490178538 0.018676470588212406 0.023517156862716278 0.03348039215682171 0.05073529411758488 0.06139705882345417 0.054313725490129514 0.03007352941172785 0.023725490196049356 0.015698529411745467 0.012757352941160836 0.009093137254890818 0.008958333333322355 0.008272058823519274 0.011286764705868521 0.010404411764693132 0.017512254901939323 0.024019607843107818 0.4701348039209925
0.04006253908690428 0.03265165728578321 0.016335209505931 0.01095684803001191 0.007986241400870552 0.007110694183860468 0.007173233270789761 0.007617260787987731 0.008042526579106915 0.009018136335203866 0.009974984365222029 0.012570356472787635 0.013814884302680542 0.013708567854900745 0.00869293308317155 0.008042526579106915 0.0058661663539675635 0.00657285803626856 0.0050969355847372754 0.006091307066913013 0.006666666666662498 0.009180737961220025 0.013045653533450254 0.02853033145714288 0.03849906191367198 0.6666916823010215
0.03644225823039409 0.03245563271599721 0.01572145061725868 0.009002057613154254 0.008005401234555032 0.006896219135791384 0.0062532150205660796 0.006815843621388221 0.009323559670766906 0.01009516460903727 0.012956532921789872 0.0195312499999686 0.025993441357982906 0.022585519547288796 0.012168852880638875 0.010609567901217512 0.007040895061717077 0.008246527777764521 0.00644611625513367 0.007748199588464911 0.007330246913568463 0.00898598251027362 0.012201003086400139 0.025720164609012153 0.03263245884768417 0.6387924382705781
0.03270399999994767 0.02516799999995973 0.0166879999999733 0.015135999999975782 0.014159999999977343 0.011375999999981798 0.011423999999981721 0.012879999999979392 0.015551999999975117 0.02031999999996749 0.026239999999958016 0.038863999999937816 0.04489599999992817 0.04313599999993098 0.029423999999952922 0.026319999999957887 0.018127999999970994 0.015423999999975322 0.011583999999981465 0.011055999999982311 0.009471999999984845 0.012319999999980288 0.01363199999997819 0.021983999999964827 0.029663999999952537 0.4724479999992441
0.042063789868641614 0.035165728580340734 0.01639149468416736 0.009324577861157396 0.006760475297056435 0.004915572232642329 0.0047779862413978875 0.005359599749840301 0.006103814884298872 0.006666666666662498 0.008048780487799844 0.009193245778605882 0.01110068792994928 0.010769230769224035 0.007942464040020048 0.007529706066286723 0.005478424015005955 0.006222639149464526 0.005303314571603938 0.005847404627888776 0.0056597873671009 0.008067542213878632 0.013408380237640145 0.031601000625371106 0.03934959349591035 0.6869480925574191
0.03138461538459873 0.026514588859402378 0.016445623342166343 0.011618037135272352 0.009214854111400947 0.008530503978775316 0.008870026525194233 0.01030769230768684 0.0122811671087468 0.01566578249336039 0.018864721485401133 0.026822281167094522 0.033236074270539394 0.028509283819613523 0.01785676392571997 0.014445623342167403 0.00982493368699744 0.009575596816971047 0.00750132625994297 0.007920424403178822 0.008387267904504834 0.01124668435012666 0.015692307692299366 0.026090185676378733 0.033241379310327196 0.5799522546416022
0.04197994987451136 0.03441938178765907 0.01883876357552699 0.01549707602332708 0.013032581453579646 0.009607351712574739 0.010192147034209724 0.01403508771923962 0.014243943191252113 0.014828738512887097 0.01507936507930209 0.01629072681697456 0.017543859649049524 0.018295739348294503 0.01140350877188219 0.014285714285654613 0.010860484544649706 0.014327485380057112 0.008771929824524762 0.00956558061817224 0.008813700918927261 0.009732664995782236 0.013575605680812132 0.023266499582191867 0.03383458646602408 0.5876775271487565
0.034577777777726554 0.03351111111106146 0.015585185185162095 0.011185185185168615 0.008325925925913592 0.00842962962961714 0.007140740740730162 0.009081481481468028 0.010222222222207079 0.012474074074055593 0.01591111111108754 0.01900740740737925 0.028251851851809996 0.02238518518515202 0.016370370370346117 0.0118370370370195 0.008281481481469212 0.007362962962952055 0.0071111111111005765 0.00645925925924969 0.006651851851841997 0.00857777777776507 0.012637037037018316 0.026340740740701717 0.03180740740736029 0.6204740740731548
0.045045317220516586 0.03785498489423694 0.015117824773404762 0.007613293051354916 0.005033232628395751 0.0038429003021124815 0.003444108761327224 0.003812688821749962 0.004386706948637833 0.005051359516613262 0.00687613293050944 0.008410876132925432 0.011486404833829917 0.01116616314198721 0.00638066465256412 0.006555891238666733 0.004489425981870399 0.005087613293048286 0.0037462235649524194 0.00404229607250511 0.00415105740181018 0.006205438066461507 0.01048338368579427 0.033099697885176374 0.038108761329282106 0.7085075528696625
0.03883199999993787 0.0347519999999444 0.014463999999976858 0.009391999999984973 0.008511999999986381 0.00948799999998482 0.008959999999985663 0.010687999999982899 0.010847999999982642 0.012591999999979852 0.013871999999977805 0.021103999999966233 0.024975999999960037 0.023935999999961703 0.012607999999979826 0.010383999999983386 0.007983999999987225 0.008831999999985869 0.007711999999987661 0.00839999999998656 0.007359999999988224 0.008239999999986815 0.011359999999981824 0.02803199999995515 0.03351999999994637 0.6131519999990189
0.03970550411516251 0.03534915123451108 0.014773019547301355 0.01083461934154637 0.00861625514401907 0.006896219135791384 0.006992669753075179 0.007426697530852259 0.00818222736624199 0.01052919238681435 0.01424254115224048 0.01903292181066899 0.02033500514400023 0.016444830246887143 0.009259259259244375 0.008905606995870457 0.005835262345669632 0.006896219135791384 0.004613554526741555 0.006028163580237223 0.007040895061717077 0.00991833847735031 0.014162165637837317 0.030365869341514973 0.03613683127566207 0.6414769804516437
0.038596491228021806 0.03607769423554376 0.014172932330809306 0.007919799498736942 0.005476190476183614 0.005538847117787545 0.005726817042599339 0.006679197994979099 0.007355889724301559 0.007380952380943132 0.009298245614023436 0.010902255639084082 0.013709273182940214 0.01270676691727731 0.007731829573925148 0.007431077694226277 0.004210526315784197 0.005451127819542041 0.004072681704255548 0.0045614035087662135 0.004586466165407786 0.006466165413525731 0.009536340852118375 0.02994987468667926 0.036954887217998805 0.6975062656632863
0.04131999999997934 0.03610999999998195 0.013144999999993428 0.007854999999996072 0.00503999999999748 0.00429999999999785 0.004049999999997975 0.004204999999997897 0.004869999999997565 0.005874999999997062 0.0073749999999963125 0.00931999999999534 0.010974999999994512 0.011294999999994353 0.008269999999995866 0.006924999999996537 0.005304999999997347 0.005909999999997045 0.004389999999997805 0.00507999999999746 0.005634999999997182 0.008134999999995932 0.013009999999993496 0.03169999999998415 0.04066999999997967 0.6992349999996503
0.04607929515411736 0.032922173274547835 0.01835535976502444 0.012878120411141149 0.009588839941248768 0.00756240822319007 0.007151248164453523 0.007709251101310265 0.009397944199692514 0.010029368575609354 0.011439060205563232 0.014625550660771475 0.02074889867838363 0.019588839941234084 0.013553597650494048 0.013538913362682028 0.008502202643159321 0.010792951541834371 0.006490455212912642 0.007092511013205444 0.007019089574145346 0.010646108663714175 0.015609397944176784 0.027151248164424154 0.03641703377380849 0.6151101321576871
0.0323130990415129 0.029348242811482843 0.01276677316293114 0.008792332268364988 0.006581469648558095 0.0071373801916887305 0.00604472843450093 0.007444089456864253 0.00900319488817316 0.013750798722035941 0.019763578274747756 0.026242811501580674 0.027929712460046052 0.026019169329056856 0.017661341853023857 0.014127795527147522 0.010217252396159605 0.00928434504791739 0.006504792332264214 0.006651757188494152 0.005897763578270992 0.0077635782747554226 0.00996166134184667 0.028447284345029748 0.03654952076674981 0.6137955271561573
0.04261162865396304 0.03943141663983387 0.017218117571446808 0.009331834243480032 0.00587857372308725 0.004898811435906041 0.00549309347895038 0.005380661741077127 0.005428846771594236 0.0053967234179161635 0.006810150979751349 0.009412142627675214 0.010970125281061725 0.011949887568242933 0.0069547060713026744 0.00689045936394653 0.004449084484413028 0.005894635399926285 0.004159974301310376 0.006456794089292553 0.0054449084484332715 0.0066816575650390595 0.011982010921921006 0.030420815933134563 0.038066174108515795 0.6923867651771726
0.04081481481478458 0.03498518518515927 0.020222222222207244 0.012103703703694738 0.00929629629628941 0.006725925925920944 0.006014814814810359 0.006125925925921388 0.006274074074069427 0.007814814814809026 0.010170370370362837 0.013711111111100955 0.016977777777765202 0.015133333333322124 0.00983703703702975 0.00960740740740029 0.006496296296291484 0.007170370370365059 0.0067111111111061396 0.008148148148142112 0.009074074074067353 0.01183703703702827 0.016637037037024714 0.029799999999977927 0.03814074074071249 0.6401703703698962
0.046694736841908654 0.04277894736824093 0.016294736842036653 0.007705263157862293 0.006610526315761639 0.005599999999976421 0.005094736842083811 0.005473684210503269 0.004884210526295224 0.004210526315771745 0.003999999999983158 0.004757894736822072 0.005557894736818703 0.008926315789436099 0.004884210526295224 0.008126315789439467 0.004589473684191202 0.007368421052600554 0.005810526315765008 0.00677894736839251 0.00412631578945631 0.006947368421023379 0.01305263157889241 0.029810526315663954 0.03545263157879809 0.7044631578917706
0.042982456140171335 0.040852130325643894 0.019256474519551977 0.010651629072637211 0.007268170426034803 0.005680868838739846 0.004302422723457384 0.005973266499557338 0.005012531328299864 0.004970760233897365 0.006558061821192322 0.010066833751002226 0.008771929824524762 0.012573099415152158 0.007560568086852295 0.009732664995782236 0.008270676691694775 0.01027568922301472 0.008563074352512268 0.010066833751002226 0.006892230576412313 0.008813700918927261 0.012573099415152158 0.024979114452694323 0.02873851294891922 0.6786131996629966
0.04505599999992791 0.030319999999951486 0.024703999999960473 0.014159999999977343 0.012015999999980775 0.01076799999998277 0.009903999999984153 0.010495999999983206 0.01134399999998185 0.012303999999980313 0.013279999999978752 0.01759999999997184 0.023087999999963058 0.02366399999996214 0.01636799999997381 0.01465599999997655 0.010063999999983898 0.010335999999983463 0.009471999999984845 0.012031999999980749 0.012671999999979724 0.01519999999997568 0.018879999999969792 0.025071999999959883 0.03079999999995072 0.5657439999990947
0.033980861243986624 0.02881339712915903 0.014267942583718404 0.011693779904295029 0.009617224880373572 0.009578947368411887 0.009435406698555564 0.01052631578946361 0.012899521531088134 0.014813397129172427 0.01797129186601151 0.02122488038275481 0.020928229665051742 0.02190430622007473 0.01575119617223373 0.011712918660275873 0.008985645933005755 0.009942583732047901 0.007770334928222229 0.008468899521522997 0.008794258373197326 0.01012440191386591 0.011942583732045988 0.02658373205739083 0.037483253588480876 0.6047846889946366
0.029607407407385475 0.026718518518498727 0.010162962962955435 0.00744444444443893 0.005814814814810508 0.005444444444440411 0.005740740740736488 0.00725185185184648 0.00948888888888186 0.014066666666656246 0.020274074074059057 0.026377777777758238 0.028059259259238474 0.023170370370353206 0.014874074074063055 0.011814814814806063 0.007859259259253437 0.007355555555550107 0.005370370370366392 0.005629629629625459 0.005296296296292373 0.006488888888884083 0.009037037037030344 0.026237037037017602 0.03128888888886571 0.649125925925445
0.041779192386764114 0.03896604938265341 0.01313335905347683 0.006671167695462527 0.00458140432098029 0.0037937242798292926 0.0035204475308585385 0.004179526748964475 0.003890174897113088 0.004967206790115472 0.006221064814804814 0.008134002057600093 0.009805812757185882 0.012811856995864178 0.008294753086406419 0.006655092592581895 0.004758230452667248 0.005867412551430897 0.0040509259259194135 0.004935056584354207 0.004806455761309146 0.006719393004104425 0.010480967078172452 0.030446244855918136 0.03464184670776324 0.715888631686092
0.03610526315787238 0.025863777089767268 0.011746130030952479 0.010414860681108102 0.010371517027857356 0.010111455108352872 0.009770897832811288 0.010563467492253521 0.010507739938073989 0.012520123839001536 0.016266253869958967 0.024619195046424385 0.033157894736821576 0.036934984520100966 0.01839628482970997 0.015560371517018229 0.010018575851386985 0.014470588235285157 0.009566563467486336 0.012916408668722653 0.011492260061912389 0.013962848297204976 0.01644582043342635 0.029040247678000595 0.05066873065012342 0.538507739937747
0.030251366120202048 0.02783606557375528 0.010775956284147117 0.0062950819672096744 0.004825136612019222 0.004672131147538431 0.004016393442620756 0.005010928961745896 0.005180327868849628 0.006879781420761268 0.007497267759558745 0.01361202185791606 0.019546448087421012 0.02979781420763399 0.01053005464480299 0.012087431693982466 0.005994535519122407 0.012693989071031316 0.004999999999997268 0.009590163934420989 0.007699453551908361 0.015005464480866117 0.017491803278678966 0.03953005464478714 0.064382513661167 0.6237978142073094
0.045781119465138756 0.039223057643946437 0.01182121971590718 0.00697577276521731 0.004928989139494866 0.004469507101067379 0.005806182121947342 0.0055555555555323495 0.005806182121947342 0.007268170426034803 0.009607351712574739 0.02055137844602944 0.02431077694225434 0.02543859649112181 0.010860484544649706 0.011487050960687188 0.006516290726789823 0.006558061821192322 0.004928989139494866 0.004010025062639891 0.003508771929809905 0.005221386800312359 0.009064327485342255 0.024519632414266836 0.027861319966466742 0.6679197994959569
0.044487348011647686 0.03697009530053824 0.01741702267492024 0.01150180742683412 0.007928031547782089 0.00505257969107356 0.00427209990139553 0.004929346040071766 0.006120604666422442 0.005545514295080736 0.008174498849785678 0.00846204403545653 0.010392704567817972 0.012528754518515737 0.007394019060107648 0.0069421623397677365 0.003697009530053824 0.0057919815970843246 0.003984554715724677 0.005381202760411677 0.004929346040071766 0.0072297075254385895 0.013021689122522915 0.029945777193435975 0.035573447255851244 0.6923266513280795
0.03934333958721742 0.02902439024388429 0.019349593495922857 0.013871169480916903 0.01163852407754119 0.01058161350843616 0.009674796747961428 0.010131332082545259 0.01041901188242 0.011619762351462401 0.013133208255151262 0.0168292682926724 0.018993120700425897 0.017854909318312785 0.011238273921193722 0.010512820512813938 0.008780487804872558 0.009843652282670517 0.008255159474666507 0.009468417761094767 0.009793621013127083 0.012782989368347228 0.018674171357086506 0.025484677923686375 0.04255159474669008 0.600150093808255
0.027759907359708312 0.027840324240819864 0.0110975295933944 0.00775218733915377 0.007189269171372894 0.006948018528038233 0.007607436953152973 0.011338780236729061 0.014700205867192003 0.01796513124032108 0.0241411477096884 0.039565105506884385 0.04524253731336007 0.04170419454445171 0.022050308800788003 0.01926788471432825 0.012898867730293202 0.012786284096737027 0.010212943901167311 0.010341610910945796 0.009344441585162531 0.009843026248054164 0.011242279979395198 0.017820380854320285 0.02528306742147246 0.5480571281514602
0.03262944162434892 0.028213197969528824 0.012512690355323597 0.008035532994919778 0.006593908629438277 0.006710659898473751 0.0063857868020272155 0.007020304568524355 0.00794416243654419 0.010685279187811834 0.012847715736034087 0.023050761421308096 0.030289340101507467 0.029147208121812616 0.015482233502530212 0.01324873096446028 0.009604060913700708 0.009791878172583863 0.008035532994919778 0.009350253807101853 0.009131979695426836 0.011477157360400265 0.015619289340093594 0.03126395939084707 0.04420812182738873 0.6007208121824362
0.03901427469129531 0.03666730967072295 0.015078446502033374 0.00978973765430525 0.007233796296284668 0.0060924639917597535 0.006237139917685447 0.006204989711924182 0.006896219135791384 0.007957175925913135 0.008969907407392988 0.011204346707800919 0.012972608024670504 0.012409979423848364 0.007507073045255422 0.008085776748958195 0.005561985596698878 0.005979938271595325 0.005899562757192163 0.006622942386820629 0.007603523662539217 0.01139724794236851 0.014901620370346416 0.02967463991764777 0.03626543209870713 0.6737718621388346
0.039974937343191415 0.025605680868731804 0.018170426065087005 0.017418546365842027 0.017167919799427035 0.015371762740119583 0.018922305764331987 0.019590643274771967 0.015705931495339574 0.01808688387628201 0.021679197994896912 0.023767752715021854 0.026900584795209268 0.025146198830304316 0.015622389306534576 0.014076858813642118 0.008646616541317265 0.0110275689222597 0.008855472013329759 0.011904761904712177 0.014076858813642118 0.016165413533767062 0.01620718462816956 0.018922305764331987 0.033500417710804094 0.5274853801147557
0.0435402482978878 0.036571886263457636 0.0168682418902413 0.009499399279119745 0.0070004004805654775 0.007288746495783278 0.006535843011603467 0.006231477773318011 0.007016419703633134 0.0077853424108806 0.009627553063660988 0.011870244293132767 0.0121105326391476 0.011982378854606356 0.008458149779722134 0.010412494993976111 0.0071605927112420335 0.008842611133345868 0.005782939527423656 0.00796155386462481 0.007897476972354189 0.010572687224652667 0.014913896675987323 0.02828994793747971 0.035722867440871886 0.6600560672796795
0.02807017543847924 0.022932330826971877 0.015204678362509588 0.013575605680812132 0.011737677527102182 0.012322472848737165 0.013074352547982145 0.01687552213860954 0.018253968253892004 0.020760233918041937 0.02652464494558678 0.03638262322457651 0.047619047618848706 0.03279030910596161 0.023767752715021854 0.015413533834522082 0.008939014202134757 0.008771929824524762 0.006015037593959837 0.007142857142827306 0.008354218880499774 0.0110275689222597 0.011946532999114676 0.015998329156157065 0.023266499582191867 0.5432330827044978
0.04684284979416338 0.03644225823039409 0.013535236625492645 0.006124614197521019 0.004083076131680679 0.0027649176954688062 0.0031185699588427234 0.004002700617277516 0.004179526748964475 0.005706661522624571 0.00786072530862934 0.015046296296272108 0.020045653292148847 0.018807870370340138 0.01046489197529182 0.008953832304512355 0.006108539094640386 0.006944444444433281 0.004565329218099657 0.004661779835383453 0.0050315072016380025 0.00792502572015187 0.013406635802447584 0.030446244855918136 0.04087898662544869 0.6720518261306069
0.02834645669279591 0.027434728553553937 0.02101118939071276 0.013012847078271807 0.011976792374587746 0.01168669705755621 0.01019477828425116 0.013758806464924332 0.01761292996262904 0.01852465810187101 0.021632822212923196 0.023539162867701868 0.02834645669279591 0.025694156651364715 0.01612101118932399 0.017157065893008052 0.010526315789430061 0.010277662660545885 0.008785743887240838 0.009283050145009188 0.010236220472398524 0.01036054703684061 0.01168669705755621 0.020140903439618146 0.024782428512122742 0.5778698715268219
0.03200442026507989 0.024778986739099035 0.014323359401503215 0.01130567834065239 0.011730703842180674 0.012240734444014618 0.015598435906088072 0.018276096565716268 0.020358721523204868 0.022908874532374578 0.02545902754154429 0.031196871812176143 0.03132437946263463 0.03213192791553837 0.020358721523204868 0.018743624617397384 0.008840530431788335 0.009095545732705306 0.004505270316199825 0.005822849370937509 0.005142808568492253 0.008755525331482678 0.012070724243403302 0.02465147908864055 0.0300918055082026 0.548282896971488
0.04754491017961225 0.03561077844309245 0.01734730538921117 0.010880239520951568 0.0069281437125707016 0.004922155688619807 0.003814371257482746 0.003862275449099484 0.003784431137722285 0.004377245508979415 0.005329341317362078 0.007251497005983681 0.009257485029934577 0.009580838323347557 0.006550898203588892 0.0066826347305349205 0.005053892215565836 0.0058622754490982865 0.004610778443111012 0.005790419161673179 0.00611377245508616 0.008844311377240214 0.014017964071847893 0.033634730538902015 0.04623353293410405 0.686113772454679
0.051754385964696094 0.04690893901400622 0.015956558061754566 0.006683375104399819 0.003759398496224898 0.0023809523809424356 0.0023809523809424356 0.002506265664149932 0.0020885547201249435 0.0020467836257224443 0.0025898078529549297 0.0026315789473574285 0.004302422723457384 0.007685881370059791 0.002506265664149932 0.00588972431075234 0.002506265664149932 0.00405179615704239 0.0023391812865399364 0.004553049289872376 0.00513784461150736 0.007936507936474784 0.011278195488674694 0.0295739348369692 0.045781119465138756 0.7247702589777578
0.044695071010673784 0.04139515455287637 0.027777777777661748 0.021595655806091914 0.014494569757667107 0.00847953216370727 0.005931495405154839 0.008771929824524762 0.009482038429367243 0.010568086883832213 0.012489557226347162 0.016040100250559564 0.020760233918041937 0.019632414369174466 0.011612364243894684 0.012489557226347162 0.006850459482009814 0.010944026733454702 0.008688387635719764 0.011111111111064699 0.00918964076854975 0.014160401002447115 0.01549707602332708 0.03057644110262917 0.031954887217911634 0.5748120300727869
0.0467882304183722 0.04608371321986704 0.01425611272269268 0.007625362619114689 0.00542892664730448 0.004227103191030969 0.0024036469125470216 0.0028595109821680084 0.0028595109821680084 0.0020721094073681222 0.003439701616231083 0.00356402818067317 0.004268545379178331 0.007335267302083152 0.002610857853283834 0.006050559469514917 0.003066721922904821 0.0048487360132414056 0.0022793203481049342 0.005636137588041292 0.005346042271009755 0.006879403232462166 0.010111893907956436 0.031454620803848095 0.0431413178614043 0.7253626191432848
0.03270481927708873 0.030012048192753004 0.013945783132521719 0.009554216867464124 0.007734939759031485 0.006572289156622547 0.006301204819273313 0.007698795180718253 0.00800602409638072 0.010138554216861361 0.0129578313252934 0.025813253012032644 0.03230120481925765 0.03592771084335185 0.01575903614456882 0.013909638554208488 0.00862048192770565 0.009524096385536432 0.007349397590357018 0.008903614457825962 0.009108433734934272 0.01241566265059493 0.01526506024095466 0.026807228915646502 0.04095783132527653 0.5917108433731375
0.04513324666864993 0.03497725056859369 0.018077673058100107 0.010724731881659389 0.007027949301238918 0.0071498212544395924 0.007352941176440717 0.007759181020442967 0.011252843678862314 0.010359116022057364 0.013730906727276036 0.017833929151698756 0.01811829704250033 0.014380890477679636 0.007677933051642517 0.008002924926844316 0.005687357816031494 0.007637309067242292 0.00467175820602587 0.0062967175820348685 0.006581085472836443 0.008693532661648141 0.010805979850459838 0.02612122196934465 0.03493662658419346 0.6490087747779939
0.030459259259214135 0.027466666666625974 0.017896296296269782 0.012474074074055593 0.009362962962949091 0.008251851851839628 0.008903703703690513 0.010222222222207079 0.012059259259241393 0.01451851851849701 0.01912592592589759 0.029748148148104076 0.039259259259201096 0.03451851851846738 0.02247407407404078 0.017496296296270374 0.012592592592573938 0.011644444444427193 0.00903703703702365 0.009792592592578085 0.008903703703690513 0.012207407407389322 0.013199999999980444 0.02448888888885261 0.03207407407402656 0.5518222222214048
0.04135156878513057 0.03174577634749518 0.01494770716007249 0.009203539822994041 0.007610619469014303 0.006838294448902915 0.007739340305699534 0.0086242960579105 0.009251810136751002 0.011214802896200781 0.013869670152833677 0.018278358809302852 0.022333065164887637 0.020788415124664863 0.015333869670128184 0.01219629927592567 0.010201126307304584 0.009541432019292773 0.007031375703930762 0.007224456958958609 0.007031375703930762 0.008399034593711345 0.010120675784376315 0.025824617859974537 0.03263073209970614 0.630667739339291
0.028565891472849762 0.026337209302308567 0.015226098191204634 0.010749354005161015 0.00789405684754012 0.007583979328160476 0.00736434108526656 0.009760981912138398 0.011976744186038774 0.016363049095596664 0.020878552971562738 0.02770671834623533 0.030536175710574587 0.0334689922480404 0.021233850129185248 0.019418604651150247 0.013533591731257406 0.012648578811361338 0.009257105943146474 0.009696382428934305 0.009018087855291332 0.011440568475444805 0.014069767441851375 0.023294573643395804 0.032222222222201405 0.5697545219634562
0.04204582385423283 0.04074585635342563 0.017062073448094482 0.008856028599249041 0.006743581410437343 0.0051186220344283445 0.004143646408822946 0.0052811179720292445 0.007881052973643643 0.008246668833245667 0.010927851803660514 0.013690282742875811 0.015680857978486833 0.01787455313609898 0.012552811179669512 0.011496587585263663 0.008612284692847692 0.01088722781926029 0.006702957426037118 0.007190445238839818 0.0064592135196357685 0.007434189145241167 0.01121221969446209 0.02482125446853745 0.02746181345455207 0.6608709782228597
0.055176876617535904 0.040681622087831396 0.016177739430473778 0.009275237273471633 0.006125970664339404 0.003451251078501073 0.003882657463313707 0.002933563416725912 0.003451251078501073 0.0037963761863511803 0.003062985332169702 0.003451251078501073 0.003882657463313707 0.008067299395996258 0.003968938740276234 0.005220017256232873 0.004184641932682551 0.005996548748895615 0.0035375323554636 0.005047454702307819 0.004012079378757498 0.007247627264852253 0.01276962899045397 0.027394305435602267 0.034598792061973256 0.7226056945611622
0.0552213868001035 0.033040935672376606 0.0294068504593592 0.01908939014194198 0.012406015037542163 0.008980785296537256 0.007811194653267288 0.006850459482009814 0.006223893065972331 0.008312447786097275 0.008228905597292276 0.009482038429367243 0.008563074352512268 0.009816207184587233 0.006056808688362335 0.008395989974902271 0.006182121971569832 0.00956558061817224 0.008688387635719764 0.01027568922301472 0.01027568922301472 0.01324143692559214 0.019674185463576965 0.025020885547096822 0.04168755221369387 0.6175020885521407
0.03084812242793395 0.024627057613129135 0.01673418209873853 0.014628343621375661 0.013278034979402524 0.013020833333312403 0.013229809670760626 0.013888888888866562 0.017345036008202572 0.019595550411491133 0.024755658436174197 0.03153935185180115 0.0362975823044684 0.03657085905343915 0.024755658436174197 0.02168531378597337 0.016798482510261063 0.016091177983513227 0.014258616255121112 0.01610725308639386 0.012490354938251527 0.012184927983519507 0.013615612139895808 0.02514146090530938 0.04763052983531438 0.472881301439569
0.03949543279669641 0.03527620704638853 0.01396259243143122 0.009656372335756171 0.0061331013483856755 0.0031317964332182174 0.004262722922991463 0.004436711613725808 0.004001739886889944 0.004915180513245258 0.005045672031296017 0.00643758155717078 0.00561113527618264 0.012179208351404179 0.005306655067397535 0.008655937364033684 0.0032622879512689763 0.008742931709400856 0.0032622879512689763 0.0064810787298543665 0.003305785123952563 0.007655502392311198 0.00930839495428748 0.03636363636347819 0.045628534145082084 0.7074815136985321
0.03554205246907867 0.0290477109053031 0.011188271604920285 0.007474922839494157 0.005561985596698878 0.0048707561728316764 0.004018775720158149 0.006880144032910751 0.009034207818915518 0.013294110082283156 0.017554012345650793 0.03314686213986441 0.04377250514396255 0.05885095164599593 0.027970679012300714 0.026347093621356822 0.013213734567879993 0.013004758230431769 0.007571373456777952 0.00811792695471946 0.007507073045255422 0.008407278806570847 0.009548611111095761 0.02062435699585162 0.029449588477318916 0.5480002572007652
0.036102819237087726 0.030199004975074297 0.019568822553864728 0.01494195688223061 0.013399668325019237 0.011824212271953858 0.010978441127676652 0.013466003316727253 0.013565505804289278 0.01671641791042004 0.017014925373106112 0.019502487562156712 0.020348258706433916 0.021625207296813224 0.012951907130990129 0.01253731343281503 0.008971807628509168 0.011210613598654709 0.007910447761180911 0.009303482587049248 0.008839137645093136 0.01303482587062515 0.016268656716390932 0.024975124378068033 0.04356550580423953 0.571177446101872
0.04272762345672144 0.036281507201587765 0.013454861111089482 0.007330246913568463 0.005224408436205593 0.0050797325102799 0.004935056584354207 0.005336934156370022 0.006413966049372406 0.007490997942374789 0.008551954732496541 0.011638374485578 0.015753600823019943 0.018663194444414444 0.01331018518516379 0.01239390432096773 0.009998713991753474 0.009194958847721844 0.00705697016459771 0.007507073045255422 0.0069122942386720156 0.008471579218093378 0.011992026748951915 0.027954603909420082 0.035477752057556135 0.660847479422806
0.04614760014414405 0.03766690725352911 0.020840851678000538 0.012901479610190808 0.007037170696467714 0.005413208228052088 0.006405629736528303 0.007082280765034815 0.007533381450705822 0.007398051245004519 0.00929267412482275 0.012360158787385599 0.019893540238091423 0.01425478166720383 0.007668711656407124 0.00924756405625565 0.005683868639454692 0.005458318296619189 0.004601226993844274 0.0055936485023204904 0.005232767953783684 0.008886683507718844 0.012721039335922406 0.026930710934559135 0.03288523998541643 0.6608625045080256
0.04071216617208266 0.03731157270027459 0.01321661721067465 0.005851632047474272 0.0038575667655763456 0.0026765578634998953 0.0026824925816007817 0.002937685459938909 0.003810089020769252 0.0047062314540031415 0.006403560830856734 0.00950741839762047 0.012605341246283321 0.012362017804146965 0.006783382789313482 0.006439169139462054 0.004160237388721567 0.003756676557861272 0.002433234421363541 0.0032166172106805834 0.003127596439167283 0.005240356083082943 0.008973293768540669 0.03389317507416386 0.03830860534122356 0.7250267062310237
0.051946589446505875 0.03582689832684069 0.024501287001247585 0.015508365508340559 0.009958172458156438 0.007191119691108122 0.007512870012857926 0.007319819819808044 0.006354568854558632 0.0063063063062961605 0.007657657657645338 0.008976833976819535 0.012001287001267694 0.014929214929190911 0.008268983268969967 0.009604247104231653 0.0064189189189085925 0.008976833976819535 0.006821106821095848 0.009025096525082005 0.010199485199468792 0.01470398970396605 0.017519305019276836 0.025916988416946722 0.04787644787637085 0.6186776061766108
0.03835263835257665 0.029166666666619743 0.016280566280540087 0.011180823680805694 0.007689832689820319 0.006451093951083573 0.005823680823671455 0.008381595881582398 0.009668597168581615 0.01325611325609193 0.01558880308877801 0.017487129987101856 0.018951093951063463 0.028442728442682686 0.018951093951063463 0.016956241956214677 0.012146074646055107 0.016409266409240012 0.009749034749019066 0.014124839124816402 0.011969111969092713 0.016682754182727345 0.01565315315312797 0.027091377091333507 0.040170527670463044 0.5733751608742385
0.031603652263323685 0.02768132716044933 0.013888888888866562 0.00935570987652817 0.007442772633732892 0.008407278806570847 0.008905606995870457 0.01226530349792267 0.016669881687216 0.020945859053464272 0.029128086419706264 0.040991512345613115 0.04441550925918786 0.035590277777720565 0.020961934156344904 0.017377186213963836 0.012072402263355079 0.011638374485578 0.008519804526735276 0.009886188271589045 0.009130658436199314 0.010014789094634107 0.0130690586419543 0.02075295781889668 0.028838734567854876 0.5304462448551144
0.03215663256743217 0.02964112024142705 0.008804293141017935 0.005135837665593795 0.003961931913458071 0.004737548213976317 0.0065612946503300325 0.009370283414369088 0.011529431494190152 0.014422270669096045 0.017713399295619416 0.018509978198854374 0.019495220526539712 0.020732014086825564 0.013709542176727927 0.012808150259909425 0.0073997987589984075 0.00698054670466422 0.004150595337908455 0.004066744927041618 0.0037313432835742676 0.00530353848732747 0.00794482642963285 0.023436189837281074 0.029158980378942732 0.6785384873371656
0.03588137009174652 0.04097744360885139 0.019256474519551977 0.016123642439364563 0.011194653299869696 0.007142857142827306 0.0073517126148398 0.009398496240562245 0.010025062656599727 0.009147869674147251 0.010944026733454702 0.01725146198823203 0.020050125313199454 0.019632414369174466 0.011361737677479692 0.00956558061817224 0.007101086048424807 0.009857978278989732 0.007852965747669787 0.00847953216370727 0.008688387635719764 0.014285714285654613 0.014411027568862108 0.019548872180369468 0.02401837928143685 0.6304511278169154
0.04059945504084981 0.031940054495895404 0.014076294277921484 0.007852861035418063 0.00488828337874393 0.003683923705720063 0.0030517711171645493 0.003689373297000714 0.0033133514986357967 0.00444141689373055 0.005558583106264001 0.010615803814708112 0.013400544959120762 0.021258855585819476 0.007247956403265805 0.008795640326970684 0.004681198910079193 0.010495912806533789 0.004261580381469067 0.0076566757493146285 0.006081743869206495 0.011400544959121852 0.01516621253405168 0.032223433242489254 0.052098092643023376 0.6715204359669364
0.050251868703078274 0.043711407214642055 0.014462138446480085 0.007677933051642517 0.0062154696132344185 0.00483425414362677 0.004346766330824071 0.0032905427364182216 0.003534286642819571 0.004143646408822946 0.003818654533621146 0.004387390315224295 0.004428014299624521 0.008571660708447466 0.0036155346116200212 0.007190445238839818 0.0024780630484137227 0.0041030224244227205 0.0022343191420123726 0.00524049398762902 0.005646733831631269 0.0071498212544395924 0.012512187195269288 0.03298667533298267 0.03700844978860494 0.7161602209915657
0.038955223880532415 0.03500829187390546 0.017728026533967284 0.012570480928669038 0.008938640132655159 0.008076285240450952 0.007827529021545892 0.008673300165823095 0.009668325041443337 0.011111111111092685 0.012155887230493937 0.014991708126011622 0.017280265339938174 0.015572139303456762 0.009867330016567383 0.011028192371457664 0.0091044776119252 0.009121061359852203 0.007114427860684719 0.007927031509107915 0.007396351575443787 0.010613598673282565 0.01452736318405551 0.02723051409614058 0.033084577114372994 0.6344278606954653
0.0183781005011914 0.02053078010535193 0.007711091119381007 0.005574476288385853 0.005349569464070573 0.004931885361770768 0.005445958103062836 0.006988176326939037 0.00747011952190035 0.010024418455195309 0.011470248040079248 0.019020691427806484 0.03262755429888088 0.04992931499799202 0.014072741292870337 0.018988561881475727 0.00885169001412278 0.02229790515354341 0.006875722914781397 0.015759542475234933 0.007389795656073465 0.01743027888443415 0.012241357152017348 0.025462665467122697 0.13788394807843163 0.507293407016278
0.04795497185738089 0.042338961851130494 0.009999999999993747 0.0044590368980584995 0.0029393370856767107 0.0021701063164464227 0.0021888680425252104 0.002045028142587839 0.0024953095684787396 0.0031832395247009485 0.003914946841773662 0.005515947467163529 0.005753595997494838 0.006353971232016039 0.003558474046276699 0.004165103189490828 0.002726704190117119 0.00400250156347467 0.0026766729205736856 0.0041588492807979 0.0036835522201352825 0.005647279549715042 0.0098186366478988 0.03647279549716293 0.04370856785488198 0.7380675422134221
0.04131999999997934 0.03610999999998195 0.013144999999993428 0.007854999999996072 0.00503999999999748 0.00429999999999785 0.004049999999997975 0.004204999999997897 0.004869999999997565 0.005874999999997062 0.0073749999999963125 0.00931999999999534 0.010974999999994512 0.011294999999994353 0.008269999999995866 0.006924999999996537 0.005304999999997347 0.005909999999997045 0.004389999999997805 0.00507999999999746 0.005634999999997182 0.008134999999995932 0.013009999999993496 0.03169999999998415 0.04066999999997967 0.6992349999996503
0.037037037036977395 0.03006441223827687 0.012012882447645711 0.007504025764883246 0.007987117552322082 0.005764895330103438 0.00669887278581852 0.00840579710143574 0.00922705314008176 0.012866344605454322 0.016328502415432645 0.03152979066017467 0.039887278582866524 0.04421900161023475 0.015942028985481575 0.01425120772944565 0.009001610305943637 0.009710144927520595 0.005942028985497678 0.00637681159419263 0.006409017713355219 0.009082125603850109 0.011803542673088883 0.02764895330108269 0.03652173913037597 0.5777777777768474
0.051128010139352184 0.045893536121614835 0.007300380228127629 0.0027122940430890845 0.0013688212927739304 0.0015969581749029189 0.0015335868187559777 0.0013181242078563775 0.0013561470215445422 0.0016983523447380248 0.00144486692015026 0.0027122940430890845 0.003574144486687485 0.004271229404303838 0.0023067173637486608 0.0036501901140638146 0.0017870722433437425 0.0034220532319348264 0.0016730038022792484 0.0030544993662825672 0.0023827629911249903 0.004638783269956098 0.007046894803539865 0.03728770595686022 0.043523447401719234 0.7613181242068932
0.02993184156373789 0.030606995884724462 0.01146154835389104 0.0067515432098656895 0.005176183127563696 0.005288708847728123 0.004629629629622187 0.00842335390945148 0.008825231481467294 0.013374485596686319 0.013840663580224665 0.021106610082270598 0.02155671296292831 0.03263245884768417 0.0167181069958579 0.021090534979389966 0.013004758230431769 0.02057613168720972 0.011156121399159022 0.01634837962960335 0.011445473251010408 0.018695344650175708 0.016589506172812837 0.024257330246874587 0.04833783436206222 0.5681745113159591
0.029761904761788974 0.032407407407281326 0.018751945222460504 0.01384998443816585 0.010154061624610355 0.009064737005878211 0.008948023653871194 0.012605042016757682 0.014978213507567 0.01602863367563014 0.0239651416121072 0.037464985994252 0.05209305944579796 0.04263927793322969 0.020697167755910763 0.01789604730774239 0.010231870525948367 0.013772175536827838 0.008558979147181144 0.009765017117920305 0.009609399315244283 0.009726112667251298 0.011476812947356533 0.02104730781193181 0.021241830065276836 0.5232648614981199
0.029252396166115493 0.027105431309886834 0.01028115015973784 0.006076677316290047 0.004690095846642371 0.004498402555907669 0.004683706070284547 0.0075654952076628975 0.009130990415329629 0.014038338658137995 0.018843450479221185 0.02965495207665837 0.039309904153329515 0.041265175718823474 0.02367412140573567 0.017546325878583038 0.010741214057501124 0.009501597444083385 0.0049968051118178935 0.005661341853031526 0.004824281150156662 0.006702875399356739 0.009706070287533734 0.027073482428097716 0.03502236421723002 0.5981533546322056
0.034026829464159324 0.02758454494332463 0.012868503494235893 0.01069965459071299 0.012177684954595265 0.012498995903265324 0.012290143786629786 0.015358663346428856 0.017656036629419784 0.01995340991241071 0.021720620130096038 0.02721503735235406 0.03050847457622217 0.027086512972886036 0.018539641738262447 0.015696039842532417 0.01124588320345209 0.010763916780447 0.008209494738520026 0.009109165394796193 0.008916378825594158 0.010346212547175923 0.012290143786629786 0.02705438187801903 0.04062976945932906 0.5455538597468944
