0.03191593352875876 0.02619745845545895 0.002052785923748649 0.00100195503421065 0.0003910068426187903 0.0006353861192555342 0.0004398826979461391 0.0017595307917845564 0.001490713587484138 0.002785923753658881 0.002101661779075998 0.0033724340175870665 0.003103616813286648 0.05173509286399869 0.005571847507317762 0.021383186705715096 0.0049608993157259015 0.035581622678309915 0.003787878787869531 0.020992179863096302 0.005351906158344692 0.025171065493584624 0.011583577712581663 0.03223362658838653 0.2933284457470837 0.41107038123066697
0.048620510150709936 0.04008328995294074 0.01093180635080202 0.006559083810481212 0.005309734513246696 0.0048412285267837515 0.006819364914071736 0.008901613742795932 0.006559083810481212 0.005830296720427744 0.0041124414367302835 0.014471629359633151 0.03815720978637086 0.03243102550737933 0.001978136387287985 0.0041124414367302835 0.0008849557522077826 0.0027589796980595576 0.0009370119729258875 0.003019260801650082 0.0019260801665698798 0.00374804789170355 0.006350858927608793 0.028682977615675776 0.03545028630902941 0.6765226444524908
0.0323496433427193 0.025574349309288417 0.001836963523148515 0.0011928334565899448 0.0007872700813493635 0.0007872700813493635 0.0007634134122175647 0.0023856669131798896 0.0025526635971024818 0.004031777083274013 0.003817067061087823 0.005439320562050148 0.005701743922499936 0.05930767946165205 0.007085430732144272 0.023737385786139903 0.0053438938855229524 0.03991220745749955 0.004437340458514595 0.02333182241089932 0.0060357372903451206 0.02700574945719635 0.014075434787761349 0.032802920056223484 0.2199584893951858 0.4497459264726728
0.038318218550690675 0.04244859477408088 0.0015264433869050767 0.000538744724790027 0.00015713387806375788 0.000179581574930009 0.00015713387806375788 0.000875460177783794 0.000718326299720036 0.0016835772649688345 0.0016162341743700811 0.0030977821675426554 0.002626380533351382 0.03340217293698168 0.005724162700894038 0.014613450659929484 0.005993535063289051 0.026016880667985055 0.0046691209481802345 0.014770584537993242 0.0069812337254041 0.021572236688467333 0.012413576367036874 0.03699380443558186 0.18636077938361686 0.5365448504971344
0.04425200803201744 0.04252008032117841 0.004116465863443483 0.0019327309236899278 0.0019327309236899278 0.002108433734934467 0.00158132530120085 0.0032128514056144254 0.0023845381526044563 0.0045180722891452856 0.004166666666656208 0.006902610441749743 0.007680722891546986 0.03247991967863333 0.007379518072270634 0.013679718875467671 0.005572289156612519 0.019653614457781993 0.004844377510028001 0.011872489959809556 0.006852409638537017 0.01759538152606025 0.013027108433702242 0.03383534136537692 0.11116967871458039 0.5947289156611578
0.045275754422429475 0.03139438085324517 0.01635796045783938 0.012424557752328383 0.009479708636826765 0.008834547346504854 0.007918834547338273 0.007856399583758734 0.007523413111334523 0.008959417273663934 0.008355879292395051 0.01053069719041568 0.013267429760652167 0.013829344432868023 0.0090634755462965 0.009375650364194198 0.007429760665965213 0.009687825182091896 0.007221644120700081 0.008761706555662059 0.008522372528607157 0.010967741935472458 0.01273673257022608 0.02985431841828319 0.042445369406823676 0.6419250780430364
0.029965397923771744 0.02885813148778942 0.01027681660896098 0.006193771626276146 0.006193771626276146 0.004878892733547132 0.005916955017280564 0.0092041522491031 0.013771626297530202 0.016228373702365993 0.01961937716256187 0.022768166089886615 0.02204152249127321 0.018788927335575124 0.011418685121067754 0.011418685121067754 0.006228373702400594 0.005190311418667161 0.00397923875431149 0.003910034602062595 0.003183391003449192 0.004186851211058177 0.007854671280249638 0.024913494809602376 0.025467128027593537 0.6775432525928112
0.026696500906497833 0.022337101191997465 0.002083252960911681 0.0010802052389912418 0.0005786813780310224 0.0005786813780310224 0.0008873114463142344 0.0019675166853054763 0.0016203078584868626 0.002739091856013506 0.002353304270659491 0.0029319856486905134 0.0018903591682346732 0.05786813780310224 0.0025461980633364983 0.021334053470077025 0.0035492457852569375 0.04174221673530441 0.0030863006828321196 0.02272288877735148 0.005632498746168618 0.02530766559922338 0.011226418733801834 0.023185833879776296 0.4005632498730737 0.3134909918586725
0.04535147392279537 0.0437452758880297 0.012825963718790566 0.006519274376401834 0.003944633408909806 0.002739984882835554 0.003354119425540074 0.0033777399848748633 0.003708427815561913 0.003968253968244595 0.005621693121679843 0.009967876039281065 0.015471466364286963 0.015636810279630486 0.005361866968997161 0.006708238851080148 0.002881708238844289 0.005905139833697314 0.003354119425540074 0.005456349206336318 0.004346182917601223 0.009377362055911335 0.013062169312138458 0.03193499622063507 0.03895030234306748 0.6964285714269264
0.03446121811538542 0.03482561166041215 0.011452368557983069 0.006559083810481212 0.003279541905240606 0.0031233732430862916 0.005049453409656172 0.007756376886997624 0.009578344612131294 0.011712649661573593 0.01457574180106936 0.0149921915668142 0.016241540864048717 0.01650182196763924 0.008120770432024358 0.008849557522077826 0.004633003643911332 0.006350858927608793 0.002290473711596614 0.003279541905240606 0.0020301926080060896 0.0038521603331397596 0.006767308693353632 0.02378969286817392 0.02311296199883856 0.7168141592883039
0.05125184774563181 0.04568551367321303 0.010254988913501814 0.0061899482631046976 0.0036262010347292446 0.003649297856606501 0.003649297856606501 0.002979490022166067 0.0030718773096750926 0.003256651884693143 0.003441426459711194 0.003741685144115526 0.004041943828519859 0.0058203991130685966 0.002748521803393504 0.004018847006642602 0.0027947154471480167 0.004134331116028884 0.0023096821877256336 0.0030949741315523488 0.002748521803393504 0.003580007390974732 0.006813562453790619 0.03485310421277981 0.04014227642267151 0.7421008869162461
0.03588969823097202 0.029042663891749174 0.00973985431840818 0.005952133194582776 0.004308012486988233 0.004235171696145437 0.005119667013522248 0.008002081165444326 0.00854318418313367 0.010749219562944069 0.015608740894884902 0.03341311134231695 0.056795005202854534 0.0530385015608189 0.01803329864722369 0.009542143600406304 0.004859521331940833 0.00474505723204501 0.003080124869923954 0.003891779396457969 0.003839750260141686 0.0057127991675278746 0.008251821019762485 0.02324661810611525 0.028959417273643123 0.6054006243490058
0.055648099947654094 0.05111920874517897 0.0096304008328494 0.0029672045809319768 0.0019260801665698798 0.0010411244143620972 0.001874023945851775 0.00182196772513367 0.0016137428422612506 0.0014055179593888312 0.001874023945851775 0.002863092139495767 0.00791254554915194 0.004997397188938066 0.001457574180106936 0.002550754815187138 0.001145236855798307 0.002498698594469033 0.0009890681936439924 0.0028110359187776624 0.002342529932314719 0.0044768349817570175 0.006975533576226051 0.035398230088311305 0.04768349817778405 0.7449765746967987
0.04370594604139977 0.046003933093121493 0.003027156020056506 0.0022096029343478146 0.0013257617606086886 0.0013478577899521669 0.0014583379366695575 0.0030934441080869403 0.0030050599907130277 0.005059990719656495 0.004198245575260847 0.010451421879465163 0.011335263053204288 0.03398369313026939 0.007711514240873872 0.015069492012252094 0.004551782044756498 0.017477959210691212 0.00464016616213041 0.013368097752804278 0.004551782044756498 0.0147601476014434 0.009037276001482561 0.03424884548239113 0.11748458801927329 0.586892635392123
0.03678054786079941 0.03326298201637149 0.0036494745635939642 0.001319087191660469 0.0011212241129113986 0.0017367981356862842 0.0015389350569372138 0.0035835202040109407 0.002880007035125357 0.003561535417483266 0.00426504858636885 0.010069032229674913 0.014290111242988414 0.044123466561042685 0.009255595128150957 0.01717011827811377 0.005364287912752574 0.023369828078917975 0.003957261574981407 0.013806445939379575 0.0049026073956714095 0.019720353515324012 0.01294903926480027 0.033592753814286606 0.13687728092130133 0.5568526579594669
0.04070536295572399 0.03875478108723465 0.010532379150389286 0.005742390950520103 0.0041898091634109255 0.0039354960123692915 0.003608703613280791 0.003968556722004704 0.004110972086588019 0.005176544189452467 0.005498250325520134 0.010454813639321587 0.021542867024736845 0.012779235839842125 0.006019592285155485 0.006749471028644975 0.004282633463541122 0.005916595458983623 0.003650665283202661 0.004787445068358766 0.004058837890624484 0.006680806477863734 0.01102956136067568 0.037192026774083814 0.04277165730793727 0.6958605448404063
0.005530104712041819 0.004113041408852878 0.0007822465492622467 0.0006943122322703391 0.0007804616849119374 0.0008231794383626746 0.0007118039029033708 0.0017970014278914587 0.002313779152784361 0.0038485245121370314 0.004005592574964255 0.009981556401713351 0.016296406473107847 0.026000475963826437 0.009033674440742396 0.015173964778676639 0.0075504521656353215 0.016012851023322037 0.005035102332222691 0.01240564017134683 0.0062881960970965455 0.017021418372203508 0.012971323179438207 0.015978105663969348 0.701585078534023 0.10326570680628148
0.04861111111099629 0.04435941043073422 0.013487339380164665 0.00855064247919371 0.00507842025697969 0.004535147392279537 0.0034249811035444422 0.0029998110355182353 0.002007747543457087 0.0026691232048311857 0.0030706727135226034 0.0038029100529010703 0.006897203325758463 0.006141345427045207 0.003117913832192182 0.0030942932728573926 0.0014408541194221446 0.002480158730152872 0.0016061980347656694 0.0023384353741441365 0.002409297052148504 0.004487906273609958 0.007133408919106355 0.03902116402107185 0.036918934240275605 0.7403155706709649
0.04505635245890098 0.03737192622941247 0.0037909836065476666 0.0024077868852397342 0.0015881147540942927 0.0015112704917994075 0.0014600409836028176 0.0027663934426158648 0.0032530737704834704 0.004303278688513567 0.0051229508196590084 0.007966188524569758 0.009989754098335068 0.038063524590066435 0.008504098360633955 0.016521516393400302 0.00578893442621468 0.022899590163875768 0.004994877049167534 0.01951844262290082 0.006813524590146482 0.021209016393388295 0.012781762295049227 0.0330686475408989 0.13017418032753542 0.5530737704903865
0.024934929723972227 0.028839146277830092 0.008589276418487302 0.004372722540320808 0.0044768349817570175 0.003279541905240606 0.004737116085347542 0.011868818323727907 0.018271733472054807 0.03138990109301723 0.04414367516895292 0.06095783446090079 0.06272774596531636 0.05288912024959454 0.0193128578864169 0.0107235814679296 0.004164497657448389 0.0053617907339648 0.0017178552836974604 0.003019260801650082 0.001457574180106936 0.0031754294638043964 0.0053617907339648 0.02207183758447646 0.021915668922322145 0.5402394586124922
0.04768349817778405 0.04346694429961756 0.011504424778701174 0.009942738157158027 0.0055700156168372195 0.004685059864629438 0.00577824049970964 0.005986465382582059 0.0053617907339648 0.00577824049970964 0.0048412285267837515 0.007860489328433834 0.00931806350854077 0.008953669963514035 0.003071317022368187 0.006507027589763108 0.0017178552836974604 0.0031754294638043964 0.0016137428422612506 0.002654867256623348 0.0016657990629793554 0.003591879229549235 0.006090577824018268 0.034981780322566464 0.04633003643911333 0.711868818320084
0.04561914672211694 0.03569198751297014 0.015473465140462566 0.00955254942766956 0.007190426638910312 0.005483870967736229 0.005150884495312018 0.005171696149838531 0.005026014568152938 0.005598335067632051 0.005868886576476723 0.00750260145680801 0.009427679500510482 0.008626430801239723 0.005223725286154814 0.0048074921956245496 0.003756503642035633 0.004516129032253365 0.0030385015608709277 0.003943808532774252 0.004141519250776127 0.006670135275747482 0.011321540062423183 0.03231009365241175 0.04044745057227841 0.7084391259097726
0.033753779289413845 0.02796674225239048 0.002007747543457087 0.0007322373393784669 0.0007794784580480455 0.0005905139833697314 0.0006377551020393099 0.0016061980347656694 0.001488095238091723 0.002503779289487661 0.002480158730152872 0.0028344671201747107 0.0031887755101965495 0.05772864701422494 0.005834278155692946 0.022911942554745577 0.005503590325005896 0.041406840513885566 0.00569255479968421 0.02761243386236864 0.011314247921364054 0.0329743008313658 0.018471277399805197 0.03365929705207469 0.2648573318209919 0.39146352985546234
0.022372196832780012 0.02104368158142728 0.0038792645339499783 0.001647358911677388 0.0008856768342351549 0.00148793708151506 0.0019130619619479345 0.0037375562404723534 0.0030113012363995263 0.0033832855067782914 0.0044815247812298835 0.00577461295921321 0.01057498140076775 0.013356006660266135 0.0027101711127595737 0.0017004995217314973 0.001098239274451592 0.0006731143940187177 0.0007085414673881239 0.0008148226874963425 0.000903390370919858 0.000903390370919858 0.0012045204945598106 0.003843837460580572 0.565823502319471 0.3220675240012717
0.03797729618143458 0.04778121775001145 0.00665634674919166 0.0037151702786186007 0.002115583075324481 0.0037667698658216367 0.0028379772961669865 0.005159958720303612 0.003973168214633781 0.005882352941146118 0.003869969040227709 0.007172342621222021 0.01264189886474385 0.01475748194006833 0.00665634674919166 0.010629514963825441 0.0028895768833700226 0.006037151702755226 0.001805985552106264 0.0038183694530246727 0.002476780185745734 0.004489164086664142 0.006501547987582551 0.03157894736825811 0.03550051599568885 0.7293085655277125
0.06480999479404055 0.054294638208983365 0.004893284747501857 0.00182196772513367 0.00041644976574483885 0.0002602811035905243 0.00031233732430862915 0.000364393545026734 0.0002602811035905243 0.00031233732430862915 0.0005205622071810486 0.0005726184278991535 0.00046850598646294375 0.003019260801650082 0.00031233732430862915 0.003019260801650082 0.00015616866215431457 0.002706923477341453 0.00041644976574483885 0.002342529932314719 0.0005205622071810486 0.0019260801665698798 0.003227485684522501 0.04013534617365885 0.05283706402887643 0.760072878705049
0.04466423737613397 0.03659552316482772 0.004320666319602704 0.001457574180106936 0.001145236855798307 0.0005726184278991535 0.0013014055179526214 0.002863092139495767 0.0023945861530328236 0.0039042165538578644 0.0031754294638043964 0.0039042165538578644 0.002863092139495767 0.029828214471474084 0.001978136387287985 0.011764705882291698 0.001093180635080202 0.02066631962508763 0.00182196772513367 0.012285268089472747 0.002915148360213872 0.01327433628311674 0.009370119729258875 0.030348776678655133 0.1640291514827484 0.5914627797991074
0.05286192396796348 0.04327211876760647 0.004183472067269837 0.002188277696725761 0.0010726851454538045 0.0008581481163630435 0.0007723333047267391 0.0009010555221811957 0.001222861065817337 0.0017377499356351631 0.0018664721530896196 0.0022526388054529894 0.003690036900361087 0.0068437312279952724 0.004676907234178587 0.006243027546541141 0.0052776109156327175 0.01606882347889799 0.005535055350541631 0.011670814382537392 0.006114305329086685 0.01508195314508049 0.013580193941445164 0.031022054406524023 0.11868188449300891 0.6423238650977381
0.0410371580235435 0.029842112426739342 0.004525656730622956 0.0029263645025080767 0.00176942969919093 0.0013610997686084078 0.0014631822512540383 0.0024499795834951343 0.003300666938875389 0.004423574247977326 0.005274261603357581 0.007417993738915823 0.006635361371965988 0.05168776371290429 0.006771471348826829 0.020382469034910908 0.006056893970307415 0.03375527426148851 0.004899959166990269 0.020246359058050067 0.008949230978600281 0.027324077854813788 0.017932489451415772 0.04277256022851922 0.1739145229339393 0.4728800871087761
0.029411764705726488 0.027080021197524746 0.00731319554845091 0.003656597774225455 0.003232644409097866 0.003709591944866404 0.004292527821916838 0.00847906730255178 0.014096449390492333 0.028669846316753206 0.04531001589801108 0.07027027026989788 0.0751987281395061 0.05357710651799906 0.020296767355483324 0.009062003179602214 0.0025967143614064824 0.0027556968733293283 0.0009009009008961266 0.0015898251192284587 0.0010598834128189725 0.0017488076311513046 0.003921568627430198 0.019660837307791938 0.02390037095906783 0.5382087970294742
0.01721296296296197 0.012324652777777065 0.0036718749999997877 0.003211226851851666 0.003778935185184967 0.003418981481481284 0.002538194444444298 0.004961226851851565 0.004989583333333045 0.007730902777777331 0.006865740740740344 0.01704918981481383 0.03546412037036832 0.04181365740740499 0.011802083333332651 0.018632523148147073 0.009166666666666138 0.021196759259258034 0.009776041666666102 0.02255092592592462 0.015559027777776879 0.025356481481480016 0.019914930555554405 0.0302418981481464 0.36572858796294183 0.2850428240740576
0.022755417956538928 0.025541795665502878 0.004231166150648962 0.0033539731681973477 0.002579979360151806 0.00345717234260342 0.002012383900918409 0.007739938080455418 0.012177502579916524 0.0247162022702543 0.04112487100081979 0.11052631578890337 0.21604747161911222 0.10815273477756371 0.020123839009184085 0.010010319917389007 0.006604747161988623 0.0053147574819127205 0.0022703818369335894 0.002063983488121445 0.0015995872032941198 0.002063983488121445 0.0037667698658216367 0.014809081527271367 0.01965944272435676 0.3272961816288581
0.05233265720054598 0.048782961460198865 0.004716024340746876 0.0029918864097211364 0.001166328600399765 0.0017241379310257395 0.0013691683569910286 0.001572008113582292 0.001977687626764819 0.00233265720079953 0.0024340770790951616 0.00233265720079953 0.0025862068965386096 0.004208924949268718 0.0017241379310257395 0.00466531440159906 0.0009634888438085016 0.0032961460446080315 0.00040567951318252695 0.0021298174442082665 0.0005578093306259746 0.0031947261663123998 0.0032961460446080315 0.03331643002011503 0.04016227180507017 0.7757606490832872
0.05965642894294817 0.05085892764158845 0.009057782404950246 0.0026028110359052428 0.0014055179593888312 0.0006767308693353632 0.00046850598646294375 0.001093180635080202 0.0009370119729258875 0.0006246746486172583 0.0006767308693353632 0.000728787090053468 0.0013014055179526214 0.004580947423193228 0.0005205622071810486 0.00395627277457597 0.0006767308693353632 0.002342529932314719 0.001093180635080202 0.002134305049442299 0.0006246746486172583 0.002134305049442299 0.004008328995294074 0.036543466944109614 0.049297241020045304 0.761998958871619
0.02734651404783835 0.025619146722137755 0.011467221644108775 0.007970863683654556 0.0067741935483800475 0.005889698231003236 0.006337148803323271 0.007658688865756859 0.01175858480747996 0.018012486992697176 0.028647242455745424 0.04493236212274201 0.05325702393334729 0.04305931321535582 0.021331945889676032 0.014609781477612268 0.007148803329857285 0.0057856399583706706 0.003059313215397441 0.0034131113423481654 0.0033298647242421126 0.004859521331940833 0.0076170655567038325 0.027856399583737923 0.03199791883451405 0.5702601456809883
0.0611140031230551 0.049869859447944455 0.008797501301359721 0.0039042165538578644 0.00182196772513367 0.0014055179593888312 0.000728787090053468 0.0007808433107715729 0.0013014055179526214 0.0006246746486172583 0.0008328995314896777 0.0013014055179526214 0.0017699115044155652 0.004633003643911332 0.000364393545026734 0.003383654346676816 0.000364393545026734 0.0027589796980595576 0.0009370119729258875 0.002498698594469033 0.000728787090053468 0.0020822488287241944 0.005309734513246696 0.03617907339908288 0.045236855804033124 0.7612701717815654
0.04945340968219961 0.04383133784464429 0.012337324310190852 0.0072358146798165756 0.006507027589763108 0.004424778761038913 0.004060385216012179 0.006402915148326898 0.004893284747501857 0.004789172306065647 0.005101509630374276 0.01093180635080202 0.013899010931733997 0.012909942738090005 0.004685059864629438 0.0066631962519174215 0.002186361270160404 0.004528891202475123 0.002498698594469033 0.00364393545026734 0.0024466423737509284 0.004685059864629438 0.008328995314896778 0.032014575741634486 0.03289953149384227 0.7086413326355614
0.04331523868139427 0.04043315238670202 0.004924729979279969 0.0032458447590708885 0.0026862163523345283 0.0032738261794077067 0.0023784207286295304 0.0034417147014286146 0.0031059376573867987 0.005316469863995421 0.006043986792752689 0.011024679612706294 0.010548995466980387 0.03643180927853704 0.008590296043403127 0.015613632547944446 0.006239856735110415 0.021070009513623957 0.004085287369175429 0.013431081761672643 0.006631596619825867 0.0170966478257958 0.013431081761672643 0.03226257764835116 0.14220157815170908 0.5431753315783111
0.041521367521296544 0.041025641025570894 0.007675213675200555 0.004239316239308993 0.0026153846153801445 0.002290598290594375 0.0027350427350380595 0.004085470085463102 0.004068376068369114 0.005965811965801768 0.006683760683749258 0.015333333333307123 0.021709401709364598 0.03362393162387415 0.010256410256392724 0.009726495726479099 0.003811965811959296 0.006034188034177719 0.0023076923076883627 0.0029914529914478777 0.002666666666662108 0.004188034188027029 0.0073675213675087736 0.03254700854695291 0.0355213675213068 0.6890085470073692
0.03505658436204975 0.03279320987645887 0.0039351851851750635 0.0033179012345593674 0.0028806584362065825 0.003600823045258228 0.0034465020576043043 0.005272633744842405 0.005092592592579494 0.006815843621381646 0.006018518518503039 0.009156378600799495 0.00987654320985114 0.04452160493815709 0.01152263374482633 0.020293209876491015 0.006147119341547975 0.030272633744778104 0.00707304526747152 0.01880144032916975 0.007253086419734431 0.02209362139912013 0.010005144032896077 0.03199588477358026 0.15511831275680268 0.5076388888875832
0.04683492356610538 0.04793782702357664 0.0063096337334402645 0.003513901713338684 0.002128860162095699 0.002257104750173753 0.001974966656402034 0.0020262644916332557 0.0035651995485699054 0.004565507335578728 0.005283677028815831 0.005745357545896826 0.00556581512258755 0.006873909920983703 0.0034369549604918513 0.0061300913101309884 0.0026674874320235264 0.005591464040203161 0.002436647173483029 0.004283369241807009 0.004719400841272393 0.007002154509061757 0.009900482199625782 0.032753667795135034 0.037473068636407425 0.7390222632585949
0.03237896928666122 0.03232691306594312 0.008328995314896778 0.00395627277457597 0.004685059864629438 0.004372722540320808 0.004008328995294074 0.00931806350854077 0.016241540864048717 0.03263925039025175 0.03758459135847171 0.05273295158744022 0.04799583550209268 0.045809474231932275 0.015356585111840933 0.009526288391413189 0.0020822488287241944 0.0044768349817570175 0.0011972930765164118 0.002863092139495767 0.0011972930765164118 0.00374804789170355 0.004320666319602704 0.022904737115966137 0.02550754815187138 0.5744403956242872
0.049869859447944455 0.045340968245469335 0.007339927121252785 0.003227485684522501 0.002706923477341453 0.003279541905240606 0.0033315981259587108 0.004060385216012179 0.0033315981259587108 0.0031233732430862916 0.003019260801650082 0.0031754294638043964 0.004424778761038913 0.008537220197769197 0.0031754294638043964 0.006194690265454478 0.002290473711596614 0.00546590317540101 0.0013014055179526214 0.003071317022368187 0.0022384174908785088 0.004997397188938066 0.0074960957834071 0.034513274336103524 0.035294117646875095 0.7491931285749651
0.03807319972825548 0.03125283061593761 0.007167119565216377 0.0033302196557966303 0.0026537024456517984 0.0025433084239126834 0.0018752830615939376 0.002840523097825685 0.002904211956521328 0.00432942708333272 0.004656363224637022 0.00924196105072333 0.01457342617753417 0.017173346920287425 0.006357563405796201 0.007946954257245252 0.005525362318839798 0.008794723731882814 0.005884850543477428 0.009975090579708733 0.009672214673911675 0.018924082880432104 0.0268851902173875 0.0479478034420222 0.11460031702896929 0.5948709239129593
0.04575741801121417 0.04055179593940369 0.015044247787532303 0.009057782404950246 0.005726184278991534 0.0038521603331397596 0.0038521603331397596 0.00395627277457597 0.004320666319602704 0.0038001041124216548 0.004893284747501857 0.008276939094178672 0.015668922436149563 0.024362311296073073 0.004268610098884598 0.0038001041124216548 0.0020301926080060896 0.0031754294638043964 0.001874023945851775 0.0029672045809319768 0.0020301926080060896 0.0038521603331397596 0.0070275897969441555 0.03581467985405614 0.03284747527312416 0.7111920874507486
0.04622707336511606 0.038402113237543854 0.010790470494390973 0.008821770334906245 0.007226874003171783 0.007052432216888326 0.0064543460924879024 0.008074162679405717 0.008398125996789279 0.009619218500773477 0.010915071770307727 0.012684409888325646 0.014653110047810374 0.018764952153063286 0.012410287081308785 0.012858851674609104 0.007849880382755558 0.009021132376373054 0.005233253588503705 0.006030701754370936 0.0057565789473540754 0.007874800637938908 0.010117623604440497 0.027885765550169743 0.03448963317375775 0.6523873604449452
0.03441594022414226 0.029688667496871886 0.0062764632627615065 0.0036114570361127714 0.0028244084682426777 0.003173100871729428 0.0038455790784538754 0.005434620174343495 0.005942714819424188 0.008473225404728033 0.010575342465748157 0.017280199252793383 0.024014943960137477 0.027257783312564256 0.015013698630129508 0.01385305105852361 0.008328767123283523 0.008956413449559672 0.0055193026151902766 0.006122042341217374 0.004483188044829647 0.00727272727272365 0.010132004981315003 0.02894645080945009 0.03439601494394302 0.6741618929012831
0.03409682457035868 0.032587194169533644 0.00577824049970964 0.0031233732430862916 0.004060385216012179 0.004320666319602704 0.005309734513246696 0.009786569495003714 0.01155648099941928 0.014940135346096095 0.01723060905769271 0.03066111400296376 0.056168662154835146 0.04461218115541586 0.02108276939083247 0.017542946382001337 0.006559083810481212 0.006507027589763108 0.0016657990629793554 0.0028110359187776624 0.002290473711596614 0.003435710567394921 0.005153565851092381 0.019104633003544483 0.024310255075354968 0.6153045288879995
0.03601572436109372 0.030437044744969253 0.0041334258295637255 0.00208116545264747 0.0015608740894856028 0.0016186842409480324 0.001474158862291958 0.0024280263614220488 0.0023124060584971892 0.004364666435413445 0.004104520753832511 0.007428604462922221 0.012804948548928186 0.060585038732626356 0.011244074459442583 0.024887270204575998 0.008035611053277733 0.038183605040934834 0.007399699387191006 0.022806104751928527 0.006619262342448204 0.024887270204575998 0.012573707943078466 0.03483061625611391 0.2199098161630827 0.41727367325581777
0.031609195402216274 0.03137408568434855 0.007105538140002337 0.00569487983279599 0.0035266457680158654 0.0032654127481628386 0.004284221525589644 0.007366771159855364 0.00888192267500292 0.013401253918460289 0.01940961337507991 0.03531870428412926 0.04890282131648667 0.054179728317517814 0.027168234064714816 0.01852142110757962 0.010057471264341542 0.009143155694855947 0.004467084639486763 0.004597701149413277 0.0034482758620599575 0.004336468129560249 0.005564263322869477 0.024738766980081664 0.02630616509919983 0.5873301985355608
0.04442508710789667 0.04582409460446145 0.0024020694752338663 0.001319818392985641 0.0010294583465287998 0.0012406292894065023 0.0007918910357913845 0.002692429521690707 0.0019533312216187485 0.0035107169253418046 0.0026660331538309943 0.004012247914676348 0.004619364375449743 0.03869707528233899 0.006335128286331076 0.01800232288032414 0.007654946679316717 0.032388343363867624 0.01135043817967651 0.029907084785054622 0.016629711751619074 0.029379157427860365 0.015785027980108265 0.03740365325721306 0.0994615140953979 0.5405184246633393
0.04872462259214615 0.04617386777695901 0.005882352941145849 0.0024466423737509284 0.0015616866215431458 0.0008849557522077826 0.001509630400825041 0.001874023945851775 0.002342529932314719 0.0041124414367302835 0.004893284747501857 0.005413846954682906 0.006142634044736374 0.008953669963514035 0.002706923477341453 0.004737116085347542 0.001145236855798307 0.003695991670985445 0.0009370119729258875 0.0013534617386707264 0.0007808433107715729 0.002134305049442299 0.005153565851092381 0.029203539822856825 0.03352420614245953 0.7737116085331925
0.045717234261890005 0.04158926728564711 0.013106295149571174 0.009545923632561681 0.007997936016470598 0.004179566563445925 0.002992776057776095 0.0037151702786186007 0.0024251805985426975 0.0028895768833700226 0.004076367389039853 0.007172342621222021 0.00835913312689185 0.016150670794550306 0.0024251805985426975 0.004798761609882359 0.001238390092872867 0.0018575851393093003 0.0014963880288880475 0.0023219814241366254 0.002167182662527517 0.002992776057776095 0.00758513931884631 0.032610939112318826 0.03611971104212528 0.7344685242480161
0.0365277777777053 0.031765873015809985 0.002976190476184571 0.0014087301587273637 0.0006150793650781447 0.0004365079365070704 0.0004365079365070704 0.0006746031746018361 0.0005357142857132228 0.0009325396825378323 0.002599206349201192 0.005714285714274376 0.008174603174586955 0.02134920634916399 0.007023809523795587 0.008670634920617717 0.005396825396814689 0.01839285714282065 0.004027777777769786 0.011329365079342601 0.005972222222210373 0.01587301587298438 0.014801587301557933 0.03295634920628382 0.2767460317454826 0.48466269841173676
0.04586153045265038 0.04830817282640131 0.010879750130083915 0.006090577824018268 0.003071317022368187 0.002706923477341453 0.0015616866215431458 0.002134305049442299 0.0022384174908785088 0.002290473711596614 0.0019260801665698798 0.002342529932314719 0.0031754294638043964 0.0076002082248433096 0.0017178552836974604 0.005309734513246696 0.0012493492972345166 0.00374804789170355 0.0008849557522077826 0.0031754294638043964 0.00182196772513367 0.0026028110359052428 0.004164497657448389 0.034044768349640576 0.04882873503358236 0.7522644455973333
0.037688703799907915 0.03456533055682163 0.00577824049970964 0.001978136387287985 0.002863092139495767 0.0034877667881130256 0.006507027589763108 0.01093180635080202 0.013534617386707264 0.022019781363758355 0.028787090057111987 0.049193128578609094 0.03831337844852518 0.04112441436730284 0.013482561165989159 0.017855283706309965 0.007339927121252785 0.009786569495003714 0.0038001041124216548 0.005882352941145849 0.0033315981259587108 0.006454971369045002 0.008068714211306253 0.026913066111260212 0.031441957313735336 0.5688703800074499
0.043592037575388966 0.046902259002355395 0.005188995750379805 0.005703422053219182 0.00541265936030997 0.0038022813688127883 0.002281368821287673 0.003176023261008329 0.004182509505694067 0.004696935808533444 0.004383806754631215 0.007291433683723347 0.011652874077361545 0.022232162827058304 0.007917691791527806 0.010579288749696759 0.006620442853932855 0.012346231268145054 0.006106016551093478 0.010422724222745643 0.006888839185849052 0.013911876537656203 0.013688212927726038 0.03296801610370618 0.06604786401237743 0.6420040259435428
0.04371500487994114 0.03975959315754929 0.0050084758822494255 0.002696871628903537 0.0020033903528997705 0.0018749678943805544 0.0013099090768960036 0.004032465197503384 0.0029794010376458123 0.005624903683141663 0.004751630965210994 0.007653978527745277 0.008578620229083633 0.03505933117574598 0.007268711152187629 0.015795962397863576 0.005573534699733976 0.0240149997430934 0.004083834180911071 0.015102481121859808 0.005316689782695544 0.01792777520928256 0.011866235167175563 0.03464837930848449 0.12873067241966216 0.5646221811255853
0.024395883917145346 0.021129610359518065 0.001907734998260181 0.0012140131807110244 0.0008093421204740162 0.0008960573476676608 0.00034686090877457837 0.0021100705283786853 0.0013585385593670987 0.0026592669672717674 0.002167880679841115 0.0032373684818960647 0.0028905075731214865 0.05477511851065217 0.0035264192392082134 0.02115851543524928 0.004220141056757371 0.03893513700994642 0.004306856283951015 0.02292172505485339 0.005665394843318114 0.0262458087639431 0.010723783096280715 0.027402011793191693 0.4001329633472074 0.3148629899401235
0.053954543645157914 0.05025275643822343 0.007443378577384382 0.003661983043419054 0.0017513831946786781 0.0012936353142512964 0.0009353978426124758 0.0009154957608547635 0.0006169645344890797 0.0007562791067930655 0.001034908251401037 0.0007960832703084901 0.0016916769494055414 0.00282609560959514 0.0008358874338239145 0.0025673685467448803 0.0008159853520662023 0.003642080961661342 0.0013533415595244332 0.00282609560959514 0.0017314811129209658 0.003642080961661342 0.0057517016279788405 0.04312781116896245 0.042152609162834545 0.7636229749616613
0.04329411764685508 0.04437647058802646 0.01232941176464786 0.005599999999973647 0.0043294117646855085 0.00305882352939737 0.0026352941176346575 0.0026352941176346575 0.0019764705882259932 0.002729411764693038 0.003152941176455751 0.00451764705880227 0.003999999999981177 0.005458823529386076 0.002117647058813564 0.005364705882327695 0.0009411764705838062 0.003999999999981177 0.0013176470588173287 0.0020235294117551834 0.0021647058823427543 0.003764705882335225 0.005929411764677979 0.03035294117632775 0.03359999999984188 0.7683294117610902
0.030222437137257682 0.025193423597618003 0.004158607350086657 0.0030705996131453806 0.0015473887814275932 0.0012330754352001135 0.0013781431334589503 0.0022969052224315837 0.0018375241779452671 0.003022243713725768 0.002514506769819839 0.003820116054149371 0.004134429400376851 0.05425531914880499 0.005464216634416189 0.020986460348111736 0.004448742746604331 0.03762088974845836 0.003916827852988596 0.02057543520304503 0.005294970986447546 0.02495164410051994 0.01073500967115393 0.025314313346167034 0.32911025144988126 0.3728965183743402
0.023060905778120453 0.02613222280048864 0.00869338885992351 0.005726184278991534 0.006454971369045002 0.006923477355507946 0.007756376886997624 0.011400312337264963 0.01738677771984702 0.025976054138334325 0.028839146277830092 0.04305049453387272 0.05127537740733329 0.043987506506798606 0.024934929723972227 0.012077043206600328 0.009161894846386456 0.00739198334197089 0.004164497657448389 0.004268610098884598 0.0029672045809319768 0.00374804789170355 0.004580947423193228 0.0192608016656988 0.021707444039449728 0.5790733992681985
0.04338884939564489 0.03787955722545476 0.014166751294774635 0.010104600385878681 0.007921194272347108 0.0070579872042067174 0.007134152533748517 0.00690565654512312 0.006651772113317122 0.008352797806417303 0.009723773738169687 0.01462374327202543 0.01543617345380462 0.014065197522052236 0.007083375647387318 0.005585457499731935 0.0033766629430197607 0.003859043363451155 0.002335736772615173 0.002386513658976372 0.002056463897628576 0.004163704681618351 0.006753325886039521 0.033842794759739406 0.036432415964160574 0.6887122981601281
0.01675338189384313 0.014568158168559242 0.0062851196670069874 0.005837669094686954 0.005681581685738104 0.006035379812688829 0.005691987513001361 0.006337148803323271 0.00753381893859778 0.010062434963569135 0.010946930280945944 0.01784599375648507 0.023236212278851993 0.05086368366279827 0.017429760665954808 0.02357960457853946 0.01221644120706325 0.026264308012459662 0.008116545265340148 0.015057232049932302 0.00817898022891969 0.018085327783539974 0.01393340270550059 0.0321540062434629 0.1866389177937704 0.45066597294438016
0.03601853538105583 0.0426354236224071 0.003197150893374619 0.0025293915295685277 0.002772213116407106 0.002772213116407106 0.0028329185131167507 0.003399502215740101 0.0028531536453532988 0.004411258827567512 0.003682794067051776 0.006050304538727918 0.008215463688038577 0.0323559764462406 0.0075679394564690345 0.013759889920852789 0.005605131629523857 0.014670470871497459 0.007325117869630455 0.013092130557046697 0.0085189906715868 0.01398247637545482 0.013132600821519794 0.03818369453036649 0.11347862158256242 0.5969566361104091
0.011925078043692066 0.012382934443275356 0.00474505723204501 0.004921956295520373 0.004058272632670074 0.0043184183142514895 0.0038501560874049426 0.0054422476586832025 0.005754422476580901 0.008740894901135545 0.009229968782508606 0.01644120707594543 0.025587929240347983 0.05628511966695496 0.01377731529655174 0.02238293444326495 0.012091571279904172 0.03212278876167313 0.009667013527565382 0.02012486992713827 0.010936524453682688 0.024027055150859494 0.014963579604562993 0.03185223725282846 0.21355879292381524 0.420811654526097
0.040322580645073165 0.050528892385587616 0.004218026051219036 0.002054375382459012 0.00135501355013254 0.001267593321091731 0.001027187691229506 0.002316636069581439 0.002316636069581439 0.0037809249060149906 0.0038027799632751927 0.007911530728193217 0.009135413934764544 0.02476177987580916 0.00609756097559643 0.010861963458320521 0.004436576623821058 0.013615700673106006 0.0029067226156069 0.008895008304902318 0.0036497945624537767 0.018664218900212727 0.008173791415315644 0.03232362968783914 0.08582480986081427 0.6497508523458131
0.045879292403698355 0.03458896982306495 0.01919875130070843 0.013579604578549865 0.011061394380841768 0.009791883454724462 0.00896982310092719 0.009656607700302126 0.00900104058271696 0.01049947970862591 0.011383975026002722 0.01549427679498908 0.019521331945869386 0.018355879292384646 0.01163371488032088 0.011706555671163677 0.009427679500510482 0.010572320499468707 0.009469302809563507 0.010301768990624035 0.01123829344431713 0.014255983350661545 0.01784599375648507 0.028824141519220785 0.04048907388133144 0.5872528616018863
0.04687822497407926 0.04388544891629544 0.017156862745053774 0.014654282765700065 0.010397316821438603 0.00959752321978948 0.008694530443734017 0.008204334365303911 0.008359133126913419 0.008694530443734017 0.01021671826622751 0.01233230134155745 0.01906604747157104 0.01333849329201925 0.006398348813192987 0.009313725490172049 0.0044117647058709705 0.006914344685224679 0.006501547987599325 0.007430340557256372 0.006811145510818341 0.009855521155805326 0.012383900928760619 0.029102167182587454 0.04148606811134808 0.6279153766753666
0.05178516466591827 0.04606545603763705 0.01513286139321039 0.007156048014755422 0.0038729865599572357 0.0027957320201015805 0.002077562326864477 0.0017441263978615366 0.0013337437160117632 0.0017184774802459256 0.002282753667789364 0.0020262644916332557 0.002564891761561083 0.005258028111200221 0.0021801579973269205 0.004052528983266511 0.0018467220683239798 0.003513901713338684 0.0014106904688585956 0.002693136349639137 0.0020262644916332557 0.004360315994653841 0.008079409048917411 0.03793474915348842 0.0438083512874633 0.7422796757957775
0.03178889703317083 0.0232244126383117 0.0024690405462656955 0.0008487326877788328 0.0010802052389912418 0.0013502565487390522 0.0006944176536372268 0.002507619304801097 0.002353304270659491 0.003973612129146354 0.0037807183364693465 0.005092396126672997 0.004243663438894164 0.06141738358835918 0.006635546468089057 0.024651826704121554 0.005130974885208399 0.04262952818161865 0.005246711160814603 0.025616295667506592 0.007021334053443072 0.0284325450405909 0.015122873345877386 0.02893406890155112 0.3048107711882072 0.3609428648572164
0.037134666666661716 0.036495999999995136 0.008914666666665478 0.004930666666666009 0.0034239999999995433 0.0032133333333329048 0.003018666666666264 0.003427999999999543 0.0035199999999995304 0.004469333333332737 0.005395999999999281 0.009113333333332118 0.018761333333330833 0.009971999999998671 0.005743999999999234 0.0051813333333326425 0.0036373333333328483 0.003694666666666174 0.002985333333332935 0.003358666666666219 0.003642666666666181 0.005067999999999324 0.009323999999998757 0.03382533333332882 0.05289066666665961 0.7188559999999041
