0.031185233160601563 0.023860103626927552 0.014831606217606975 0.01257124352330792 0.009948186528490966 0.009831606217610213 0.009831606217610213 0.013782383419680192 0.0168523316062067 0.023296632124337243 0.03111398963728555 0.04908031088079723 0.0677396373056556 0.04547279792743169 0.025194300518118398 0.01778497409325273 0.012441709844551528 0.010621761658024208 0.00810233160621237 0.008367875647662974 0.008283678756471319 0.010194300518128113 0.013620466321234702 0.024481865284958236 0.032221502590652706 0.46928756476653544
0.02719841269839111 0.02253968253966465 0.00886507936507233 0.007261904761898998 0.008222222222215697 0.0077539682539621 0.007087301587295963 0.010888888888880247 0.012015873015863479 0.019119047619032443 0.021246031746014884 0.035015873015845224 0.035444444444416315 0.048087301587263424 0.030412698412674275 0.030960317460292888 0.01915079365077845 0.01705555555554202 0.010023809523801568 0.01197619047618097 0.008682539682532792 0.01288888888887866 0.014087301587290407 0.024301587301568013 0.03784920634917631 0.5118650793646731
0.026114996114975822 0.023931623931605337 0.009782439782432182 0.008422688422681878 0.008329448329441857 0.00870240870240194 0.00726495726495162 0.008842268842261972 0.010458430458422333 0.01367521367520305 0.0152447552447434 0.023162393162375165 0.024537684537665472 0.02623154623152585 0.014926184926173328 0.015190365190353387 0.011476301476292559 0.010932400932392438 0.008679098679091935 0.009246309246302062 0.008671328671321933 0.011445221445212553 0.012206682206672722 0.025594405594385708 0.05359751359747195 0.6033333333328645
0.016708035991299483 0.01546695625192719 0.0036146447409218007 0.0029010238907827327 0.004142103630155025 0.0036146447409218007 0.001915916847655976 0.008571206950039892 0.007927396835240515 0.015397145516587498 0.00843158547936051 0.01651411728202256 0.005662426310886082 0.05468507601609162 0.006065777226182077 0.026675457648133203 0.012216878684446 0.0379537697796789 0.011906608749602927 0.035114799875864786 0.018662736580810843 0.03824852621777983 0.020601923673580047 0.031244182438697452 0.277055538318122 0.31870152032243354
0.029596977329955986 0.03359794417726789 0.006748848688390995 0.0032122229855206905 0.0022899015342325714 0.001761952013840062 0.0016347352619382523 0.0016665394499137047 0.0018382820649811475 0.002060911380809314 0.003288553036661776 0.005692949647605976 0.011315930081665957 0.01134773426964141 0.005126835101642924 0.0049868966745509336 0.0025697783884165524 0.003568429890845757 0.0018510037401713285 0.0020291071928338618 0.0016410960995333428 0.0027478818410790855 0.008797038394010128 0.04337455156092196 0.05310027224381529 0.754153626949117
0.016147592245143123 0.01674796747966432 0.00581613508442413 0.004871794871791825 0.006629143214504922 0.006885553470915019 0.0069543464665372395 0.011807379612250276 0.019143214509056195 0.03210131332080544 0.03580988117571244 0.06756097560971384 0.0578611632269807 0.0909193245778043 0.038874296435247736 0.04340212632892845 0.025165728580346988 0.025165728580346988 0.012251407129448248 0.017085678549082498 0.010343964978104851 0.016191369605993627 0.010612883051900805 0.015353345841141118 0.034258911819866004 0.3720387742336635
0.03035606060603761 0.024272727272708884 0.009545454545447314 0.005946969696965192 0.0038712121212091883 0.0035833333333306185 0.003848484848481933 0.0051742424242385045 0.0060303030302984615 0.008962121212114423 0.01353030303029278 0.02660606060604045 0.039075757575727975 0.028181818181796832 0.013575757575747291 0.01088636363635539 0.007356060606055034 0.007727272727266873 0.005242424242420271 0.006575757575752594 0.005704545454541133 0.01047727272726479 0.012810606060596355 0.03622727272724528 0.07953787878781853 0.5948939393934887
0.02296835443036521 0.0205506329113794 0.0084430379746782 0.007867088607589957 0.007664556962020465 0.008651898734171739 0.010107594936702463 0.014506329113914869 0.020234177215177066 0.027329113924033335 0.035645569620230605 0.05074683544300586 0.06139873417717633 0.048734177215159026 0.03419620253162393 0.023955696202516485 0.015943037974673453 0.011999999999992406 0.009424050632905428 0.008234177215184662 0.007050632911387943 0.0070379746835398495 0.008297468354425129 0.018025316455684795 0.02187974683542919 0.48910759493639927
0.019475555555538242 0.0171111111110959 0.010524444444435089 0.009288888888880633 0.011751111111100665 0.011582222222211927 0.011742222222211784 0.016702222222207377 0.021671111111091847 0.0322577777777491 0.041466666666629806 0.0641511111110541 0.06822222222216158 0.06985777777771568 0.04470222222218249 0.03812444444441056 0.026435555555532057 0.021084444444425702 0.014524444444431534 0.012977777777766241 0.009244444444436227 0.010168888888879849 0.01026666666665754 0.01521777777776425 0.02069333333331494 0.370755555555226
0.025749999999979883 0.02174999999998301 0.009429687499992633 0.008398437499993439 0.008328124999993494 0.009328124999992712 0.011085937499991339 0.014531249999988647 0.017437499999986377 0.024804687499980622 0.034718749999972875 0.05114843749996004 0.06006249999995308 0.053437499999958255 0.033531249999973804 0.023624999999981543 0.017117187499986627 0.013445312499989495 0.00980468749999234 0.009749999999992383 0.009710937499992413 0.009515624999992566 0.011070312499991351 0.01964843749998465 0.024796874999980626 0.46777343749963457
0.053885003884962014 0.03287490287487733 0.017342657342643866 0.01515928515927338 0.012766122766112846 0.009603729603722142 0.008500388500381895 0.008096348096341806 0.0078088578088517414 0.008484848484841892 0.010621600621592368 0.011942501942492663 0.012206682206672722 0.014063714063703136 0.010202020202012276 0.009898989898982207 0.007614607614601698 0.008492618492611894 0.008531468531461903 0.009914529914522211 0.010217560217552279 0.012160062160052712 0.01604506604505358 0.02954156954154659 0.042160062160029405 0.6118648018643265
0.011972222222213908 0.011513888888880892 0.0044791666666635565 0.003909722222219507 0.006826388888884149 0.006111111111106867 0.005534722222218379 0.014111111111101311 0.022131944444429074 0.03549999999997535 0.031354166666644895 0.057458333333293435 0.037138888888863096 0.09482638888882304 0.033111111111088116 0.0533680555555185 0.030270833333312312 0.03910416666663951 0.014673611111100921 0.028534722222202408 0.01322916666665748 0.02698611111109237 0.013062499999990929 0.01763888888887664 0.03306944444442148 0.35408333333308745
0.02434538653365066 0.018472568578542098 0.00975062344139043 0.00811720698253858 0.00846633416458325 0.01052369077306077 0.012849127182036877 0.016539900249366246 0.022337905236893805 0.031022443890254974 0.04430174563588261 0.05329800498749794 0.05694513715707173 0.04706982543637963 0.03350997506232325 0.026259351620931258 0.019569825436396775 0.01579177057355624 0.012531172069817624 0.010199501246876434 0.008578553615954752 0.007842892768074912 0.008996259351615339 0.017219451371560338 0.0219264339151983 0.45353491271792173
0.015383333333320514 0.0148416666666543 0.011024999999990813 0.008433333333326305 0.007683333333326931 0.009316666666658903 0.010558333333324534 0.018166666666651527 0.026849999999977624 0.03945833333330045 0.04578333333329518 0.07039999999994133 0.06905833333327578 0.07668333333326943 0.04172499999996523 0.039683333333300264 0.026366666666644695 0.0200833333333166 0.011624999999990313 0.011691666666656924 0.008408333333326327 0.010224999999991479 0.010233333333324806 0.014799999999987667 0.017691666666651923 0.3638249999996968
0.025992857142838575 0.022664285714269525 0.01270714285713378 0.010157142857135601 0.008664285714279525 0.00882142857142227 0.008557142857136745 0.011764285714277312 0.014399999999989714 0.018842857142843682 0.02517142857141059 0.04123571428568483 0.050985714285677865 0.047478571428537515 0.02957142857140745 0.023678571428554514 0.015192857142846291 0.014171428571418449 0.011021428571420699 0.010657142857135244 0.009321428571421913 0.010985714285706438 0.014492857142846791 0.02249999999998393 0.03098571428569215 0.4999785714282143
0.034136212624556364 0.0197342192690866 0.013156146179391067 0.013064784053145295 0.015930232558126305 0.01921926910297407 0.022151162790679278 0.02413621262456467 0.02634551495014423 0.030523255813928136 0.03595514950163126 0.04399501661125914 0.048646179401952955 0.03742524916940413 0.024127906976724147 0.018280730896994783 0.01439368770762924 0.016254152823906767 0.0160299003322126 0.01601328903653155 0.016204318936863617 0.015564784053143219 0.013189368770753164 0.020083056478388636 0.030481727574725514 0.4149584717604527
0.023610411418955826 0.021880772460099177 0.013593618807713188 0.009983207388740568 0.010789252728790269 0.01277078085641245 0.01483627204028981 0.019966414777481137 0.024273719563371727 0.034517212426503345 0.044298908480231484 0.06024349286308964 0.060797649034373805 0.04838790931985862 0.030545759865633463 0.02609571788410907 0.017464315701076857 0.015046179680927753 0.011536523929461346 0.011460957178831686 0.010209907640629547 0.011167086481938567 0.013081444164556607 0.022586062132642665 0.025969773299726304 0.4048866498737155
0.03835944674010104 0.030001721763063875 0.01726784894397292 0.012769742883370086 0.009390782828276092 0.0075255394857613594 0.007224230945816672 0.007554235537184663 0.0076761937557337035 0.008802513774098368 0.010897325527999529 0.015129993112936804 0.019391356749297383 0.017770029843880732 0.012906049127630779 0.011693640954996202 0.00829315886133473 0.009304694674006181 0.0076761937557337035 0.00913251836546636 0.009125344352610533 0.010359274563812587 0.014556072084470732 0.030633034894376555 0.03866075528004573 0.6278983011933053
0.013136842105253939 0.013515789473674726 0.008596491228064143 0.0072421052631528125 0.007340350877187831 0.007698245614029685 0.009522807017537178 0.01663157894735675 0.020954385964897577 0.034912280701729886 0.053136842105225866 0.08644912280695688 0.10111578947361326 0.09935438596484256 0.06320701754381529 0.045712280701722306 0.027319298245594863 0.02114385964910797 0.011592982456132215 0.010554385964904874 0.006940350877188112 0.008428070175432682 0.00735438596490712 0.012540350877184182 0.018877192982442892 0.28672280701734265
0.02598293303787574 0.02802727548501825 0.0073200648913812364 0.00240704836518392 0.0013848771416126663 0.0012529840805066983 0.0015959060393822156 0.0013584985293914728 0.0021036943246401933 0.0034358142418104724 0.005612049750058948 0.010558039541532756 0.018003402840964664 0.013855366069181963 0.0070892520344457925 0.005341668974791713 0.00323797465015152 0.004134847465672104 0.0020970996715848947 0.0024400216304604123 0.0018530975085388536 0.004523931995934711 0.012529840805066982 0.035545179968058435 0.04330708661414467 0.7550020443419493
0.025354624411210926 0.022774919001318592 0.010169076206805135 0.006935936181214479 0.005867298320124515 0.005411255411251728 0.0066228320945257 0.011053935582229946 0.011360233058338533 0.0167442620272695 0.02241416864056848 0.0416700699719284 0.060694546543561836 0.08129135015921936 0.034175991723138274 0.027525933186291807 0.01396035829997144 0.013756159982565713 0.007813988946059098 0.00831087151841303 0.0066908982003276085 0.009297830052540704 0.012571809741612506 0.024612703857970125 0.02824743390779204 0.4846715129730699
0.04254643962845004 0.025797213622271054 0.017716718266240158 0.018707430340542796 0.01901702786376237 0.017368421052618137 0.014055727554168687 0.01404024767800771 0.014055727554168687 0.01704334365323758 0.020085139318869905 0.02877708978325946 0.036710526315761056 0.0248916408668538 0.015804953560359283 0.013839009287914985 0.011037151702777834 0.009961300309589813 0.00852167182661879 0.0093885448916336 0.011369969040238877 0.01547987616097873 0.018831269349830627 0.025549535603695394 0.03474458204331676 0.5146594427240598
0.023326972010163278 0.01947201017810466 0.010585241730273165 0.008994910941470105 0.009109414758263925 0.011437659033071604 0.01444020356233178 0.018562340966909313 0.021437659033065243 0.027805343511432695 0.04029898218826953 0.06414758269716021 0.08085877862590277 0.05912849872769776 0.035884223918552234 0.025362595419831196 0.018346055979632094 0.014732824427471545 0.011049618320603657 0.009688295165388239 0.00835241730279367 0.009077608142487864 0.010069974554700973 0.017684478371490023 0.02256997455469302 0.40757633587760334
0.017729563883397085 0.015450361604196472 0.006479655197599182 0.005887939221268254 0.005953685440860579 0.006910658192704426 0.006852217108622359 0.011607860325800565 0.012820512820503454 0.0186573160931999 0.023339907955275522 0.03353057199208596 0.04021477098397237 0.04845496383954383 0.030805756446759584 0.030301702096551756 0.021557454890772477 0.02141135218056731 0.013463364745406192 0.013960113960103762 0.01113302651763377 0.014654101833578308 0.01707940682298409 0.029030608517766798 0.04845496383954383 0.49425816348857166
0.020619469026533468 0.017256637168128867 0.00853982300884326 0.0069985250737411514 0.006231563421824313 0.008237463126837583 0.008716814159285607 0.010840707964593774 0.01508112094394168 0.025405604719745276 0.04034660766958677 0.07070796460171777 0.08855457227132113 0.07799410029492773 0.047101769911469686 0.03426991150439951 0.02186578171089833 0.016474926253675165 0.010272861356924578 0.009793510324476553 0.007794985250731715 0.0076917404129736786 0.007610619469020936 0.017647492625355716 0.024041297935085516 0.3899041297932228
0.03525831015455562 0.03081824814188203 0.014078245406038211 0.012163148055257304 0.011473485021196324 0.010897815877062778 0.009672381560342853 0.010857918015588176 0.011348091742276146 0.012128949888279075 0.01391295426564343 0.01903127992338526 0.02037640782452899 0.020461903241974565 0.014460124937295118 0.013576672290357498 0.010829419543106317 0.011399388992743491 0.009130910583187537 0.010487437873324013 0.010020062924621528 0.011051707628464814 0.013160594592122361 0.029695408326096795 0.03891751402122628 0.5947916191688735
0.030599078340988187 0.02276497695850627 0.01760368663592995 0.015743611227469003 0.015383326351055398 0.014495182237105575 0.012601591956420107 0.014176790950972622 0.01819857561791521 0.0242061164641607 0.032542940930010436 0.05038123167151204 0.06152492668616546 0.05116045245073216 0.02919983242561441 0.021499790532030584 0.01350649350648219 0.01092584834519403 0.009124423963125995 0.009602010892325428 0.010196899874310685 0.014235441977365534 0.014788437369070139 0.02144113950563767 0.02874738165058337 0.43534981147847895
0.030244883040915934 0.026883615288203006 0.010847431077687156 0.00699665831244322 0.0053649749373398566 0.005156119465326626 0.005188753132828693 0.006663794903922134 0.007701545530487872 0.009724832915616042 0.011552318295731808 0.01461988304092613 0.015370457393473678 0.01926691729322051 0.012759763993308297 0.012322472848780595 0.008654448621548237 0.009032999164572217 0.006246083959895673 0.007355628654965959 0.006494099832911384 0.009920634920628446 0.015546679197984841 0.029207132414350193 0.03723501461985874 0.6696428571424201
0.024898305084724664 0.029652542372856226 0.004186440677962554 0.0029067796610144857 0.002025423728811843 0.0034830508474546756 0.0019491525423712295 0.001957627118642409 0.002067796610167739 0.0031186440677939673 0.004271186440674347 0.009423728813551335 0.018449152542357246 0.017754237288120547 0.008033898305077938 0.008974576271178834 0.0046271186440638755 0.007237288135587087 0.003271186440675194 0.0047118644067756675 0.004940677966097508 0.0067966101694857655 0.013288135593209079 0.035601694915224066 0.05024576271182182 0.7261271186434525
0.026840062111780402 0.021172360248430767 0.011692546583841853 0.010062111801234425 0.010559006211171926 0.00934006211179399 0.008012422360242227 0.010714285714277396 0.009891304347818408 0.014122670807442452 0.01745341614905477 0.03078416149065933 0.03882763975152265 0.04144409937884981 0.016739130434769614 0.018144409937874112 0.012158385093158261 0.017546583850918052 0.012499999999990295 0.018649068322966887 0.016428571428558674 0.0240605590061925 0.025372670807433717 0.03425465838506657 0.10854037267072318 0.4346894409934513
0.04931376780315122 0.03871385412167569 0.020768234786343747 0.012749244712979932 0.0076737160120779685 0.005671126456620051 0.005144583513159133 0.005101424255498402 0.004410876132926706 0.004126025032365882 0.004151920586962321 0.005075528700901963 0.005412170910655665 0.007708243418206553 0.004773413897276846 0.0056538627535557585 0.003556322831244233 0.005515753129041419 0.0044454035390552905 0.006491152352173939 0.00710401381095632 0.01104876996114713 0.017151488994374492 0.032593871385384034 0.04982304704354784 0.6758221838578543
0.003425499231945583 0.003824884792620853 0.0022734254992284584 0.0025192012288747785 0.0029646697388587334 0.0034562211981513727 0.004009216589855593 0.006789554531479586 0.00757296466972723 0.010829493087540968 0.011013824884775708 0.016943164362493175 0.019769585253425852 0.09926267281090743 0.010890937019952548 0.027849462365548618 0.007619047619035916 0.0355606758832019 0.007557603686624335 0.025437788018394105 0.009600614439309369 0.029124423963088904 0.011705069124405982 0.014685099846367611 0.42370199692715255 0.20161290322549674
0.03263090676879613 0.02107279693483899 0.0060280970625721225 0.004750957854400063 0.006334610472533417 0.004636015325664577 0.0031545338441849877 0.005427841634731255 0.004980842911871034 0.0073307790549076235 0.007228607918253859 0.012937420178782966 0.02010217113662822 0.0354661558109381 0.010804597701135626 0.015031928480185145 0.008825031928468934 0.01772669220942819 0.007969348658993654 0.016411238825010967 0.015261813537656115 0.022477650063828254 0.026781609195368095 0.05125159642394476 0.1432311621964965 0.4921455938691033
0.04905144694529819 0.03890675241154429 0.019935691318311948 0.013207395498381666 0.009204180064301282 0.0075080385852029675 0.006840836012856237 0.005707395498387695 0.0058279742765226464 0.005900321543403617 0.005361736334400835 0.006647909967840315 0.006905144694528211 0.008681672025716495 0.005554662379416757 0.006615755627004328 0.004686495176845107 0.006454983922824393 0.005361736334400835 0.006189710610927501 0.007395498392277013 0.012017684887450147 0.017371382636641983 0.032419614147883906 0.04640675241153826 0.6598392282952895
0.02399828767121233 0.024434931506828395 0.01124143835615476 0.010111301369854357 0.007773972602733071 0.007773972602733071 0.008142123287664262 0.011883561643825442 0.014905821917795457 0.02061643835614673 0.026892123287648208 0.0379708904109264 0.040256849315034024 0.039477739725993596 0.027217465753401355 0.022731164383542182 0.014717465753412057 0.01200342465752397 0.007063356164377514 0.007054794520541905 0.005916095890405894 0.007422945205473097 0.010821917808209913 0.023527397260253827 0.028005136986277393 0.5480393835611747
0.024263698630123138 0.02200913242007876 0.010148401826478226 0.008904109589036013 0.008316210045657354 0.009726027397254722 0.011113013698623794 0.015313926940630529 0.018270547945195052 0.0236929223744157 0.03203196347030135 0.045182648401800696 0.05273972602736716 0.041055936073035926 0.02741438356162819 0.019121004566199133 0.013824200913234119 0.010410958904103648 0.007585616438351835 0.007317351598169339 0.005970319634699788 0.006820776255703869 0.009063926940634097 0.022391552511402745 0.024326484018250955 0.5229851598170531
0.00423832969586503 0.004037213875498851 0.001824939851470883 0.00139291327438798 0.0010800664427072573 0.0015418879561407053 0.0013333234016868899 0.0028156214851265053 0.0027336854101625064 0.005147075254556654 0.005348191074922832 0.009489687227648591 0.012603258076280547 0.05558245376194175 0.007716888514791162 0.020938391520345517 0.0060930644836864585 0.035694333747952944 0.004737394879736659 0.020863904179469154 0.004886369561489384 0.02228661239020768 0.007769029653404616 0.0139291327438798 0.5687555399955541 0.17716069154034073
0.041301546391725966 0.03307345360822611 0.019780927835038802 0.015489690721639504 0.012545103092775421 0.01047680412370459 0.009239690721643531 0.009130154639169375 0.010025773195869829 0.011301546391745295 0.011701030927827512 0.014613402061846255 0.016037371134010284 0.015206185567000511 0.011372422680405043 0.010463917525766454 0.008376288659788417 0.009007731958757082 0.00784793814432484 0.008878865979375723 0.00946520618556091 0.01251932989689915 0.016868556701020058 0.030399484536062886 0.03961984536079921 0.6052577319583728
0.013388364779863689 0.011187106918230199 0.005817610062888508 0.0045283018867888925 0.006729559748422383 0.008938679245275992 0.010448113207538955 0.017617924528288035 0.022012578616334894 0.03448899371066471 0.04233490566034408 0.07958333333327076 0.09268081760999003 0.09813679245275303 0.04593553459115886 0.0418632075471369 0.023199685534572956 0.019882075471682484 0.010794025157224219 0.01213050314464455 0.007319182389931352 0.010385220125778 0.008946540880496111 0.01579402515722029 0.0263050314465202 0.32955188679219377
0.03066111881643027 0.019556171983338366 0.013610725843722967 0.012020342117418382 0.011890892279230798 0.013564493758655973 0.014359685621808267 0.015774387424858274 0.01969486823853935 0.028118354137745615 0.03923254738785092 0.062376329172388 0.0734812760054799 0.058178455848304965 0.035691169671719196 0.024909847434096247 0.017651410078578223 0.014637078132210228 0.011826167360137007 0.011280628756346481 0.010245030050845821 0.01054091539527458 0.011826167360137007 0.017253814147002076 0.0289597780859649 0.39265834489099155
0.01168275217931843 0.013823163138220872 0.005845267745948128 0.004880136986297572 0.005790784557903338 0.008561643835609775 0.009285491905347693 0.014897260273961007 0.019894146948925984 0.032043897882914035 0.04713574097132072 0.09545454545447116 0.11450809464499181 0.0836472602739075 0.04320516811951805 0.035491905354891426 0.023957036114551713 0.02354452054792688 0.016570672478193826 0.01813511830633707 0.013239414694883843 0.014430261519291384 0.009176525529258113 0.011597135740962331 0.020937110834354813 0.30226494395991416
0.029968434343415423 0.028213383838366028 0.013592171717163136 0.008863636363630767 0.006433080808076747 0.0067234848484806035 0.0071148989898944985 0.00937499999999408 0.011698232323224938 0.015574494949485117 0.019854797979785444 0.029488636363617746 0.037354797979774396 0.033478535353514215 0.01969696969695726 0.014393939393930306 0.010385101010094454 0.008699494949489458 0.006786616161611877 0.007266414141409554 0.007670454545449703 0.010852272727265876 0.013939393939385139 0.024842171717156032 0.030700757575738195 0.5870328282824577
0.03116524619576194 0.024167558055260916 0.009972050653869797 0.007018391359851614 0.006659535557774639 0.00852972637244503 0.010496532210751528 0.012553051999577272 0.017149166695409303 0.02480245678201249 0.030585556053945286 0.0378592871191209 0.03612711776678781 0.035616438356139805 0.024836962147596814 0.02108967944513917 0.013022324971524087 0.011490286739580077 0.008778165004652167 0.008157068424134325 0.006901073116864911 0.007542872916733347 0.009978951726986662 0.02518201580344006 0.03923950174249388 0.531078982781456
0.010962962962954842 0.00983703703702975 0.002962962962960768 0.0024518518518500355 0.003799999999997185 0.0034814814814789026 0.002422222222220428 0.009748148148140926 0.01088148148147342 0.019688888888874306 0.010837037037029009 0.022622222222205463 0.008733333333326864 0.06597777777772891 0.010007407407399995 0.03574814814812167 0.01937037037035602 0.042718518518486875 0.01832592592591235 0.04482222222218902 0.02626666666664721 0.04957037037033365 0.027518518518498136 0.03374074074071575 0.2844074074071967 0.22309629629613104
0.039720744680824656 0.03837101063827236 0.012918882978714814 0.00751329787233543 0.0051329787234008425 0.004188829787231257 0.003756648936167715 0.0038763297872314653 0.004361702127656675 0.005146276595741259 0.005591755319145218 0.008490691489356057 0.01132978723403502 0.010079787234035851 0.004807180851060634 0.0040957446808483405 0.0029720744680831303 0.0038031914893591734 0.0024534574468068793 0.0031117021276575057 0.003643617021274173 0.005458776595741051 0.009707446808504184 0.03519946808508298 0.038184840425506524 0.7260837765952619
0.03918565711015874 0.03455035530504877 0.010910996760045937 0.004764627406133597 0.003001715265864166 0.0023278608184252717 0.0019126575730336296 0.002035176563477065 0.002498026082930043 0.0032331400255906553 0.004240518391458901 0.006799803969610662 0.012830460943659758 0.010346048081890095 0.00415203245391642 0.004751014184973215 0.0032535598573312278 0.004369843992482528 0.0025524789675715697 0.003702796155623824 0.003784475482586114 0.007684663345035473 0.016329058781877855 0.04404557706441501 0.05394238884801251 0.7127950665681663
0.013988888888873346 0.012255555555541938 0.0070222222222144194 0.0065777777777704695 0.008599999999990445 0.00954444444443384 0.010333333333321851 0.018322222222201864 0.02366666666664037 0.03564444444440484 0.04814444444439095 0.07886666666657903 0.07859999999991267 0.09069999999989922 0.04609999999994878 0.039355555555511824 0.024977777777750024 0.02152222222219831 0.012555555555541605 0.012133333333319852 0.00801111111110221 0.008888888888879013 0.008033333333324408 0.015611111111093765 0.042244444444397504 0.3182999999996463
0.01623325453111408 0.01570527974782056 0.007604412923555867 0.006256895193060475 0.0071158392434932105 0.007107959022847039 0.008613081166265869 0.015208825847111734 0.023877068557900807 0.035358550039373236 0.03813238770682574 0.06501182033091804 0.05929078014179725 0.08156816390852516 0.038226950354579806 0.04099290780138613 0.024113475177285962 0.02063041765167799 0.010693459416855245 0.014089834515355327 0.00970843183608376 0.013498817966892436 0.009850275807714854 0.016729708431822907 0.032277383766720034 0.38210401891222845
0.021797497155834133 0.023014789533534682 0.013026166097823633 0.010944254835027367 0.011251422070521898 0.0077815699658614545 0.0062457337883887985 0.00960182025027349 0.012059158134229739 0.01582480091010714 0.020773606370852363 0.04171786120586835 0.06475540386795818 0.0530375426620557 0.022593856655264397 0.02051194539246813 0.014596131968129014 0.016370875995430748 0.010887372013639492 0.01360637087597997 0.012286689419781244 0.015540386803167758 0.015221843003395652 0.022707622298040152 0.037724687144439446 0.4861205915807894
0.025934959349575924 0.02527100271000998 0.00968834688346227 0.006212737127367064 0.004559620596202873 0.004247967479671919 0.004593495934956238 0.005711382113817269 0.005941734417340147 0.0076829268292630875 0.00876016260162008 0.01131436314362377 0.015020325203241857 0.015467479674786268 0.0094308943089367 0.010487804878041676 0.007574525745252321 0.011077235772350218 0.0074457994579895355 0.010304878048773506 0.009017615176145652 0.014925474254732436 0.020345528455270767 0.04670054200538842 0.10882113821130839 0.5934620596201942
0.02637002341918831 0.025421545667432422 0.0086299765807912 0.005199063231847073 0.004402810304447071 0.004414519906320601 0.005275175644025015 0.00747658079624855 0.010087822014045615 0.015058548009358864 0.0223887587821883 0.032283372365320674 0.03884074941449717 0.03439110070255598 0.0237822014051383 0.01707259953160593 0.010532786885239735 0.008553864168613258 0.006094847775172075 0.005644028103041192 0.0049941451990603075 0.005398126463697073 0.00854215456673973 0.024689695550336833 0.026850117096003014 0.6176053864165002
0.022095846645353294 0.017942492012768086 0.011265175718842642 0.011808306709257631 0.012575079872196438 0.013686900958457707 0.013846645367403293 0.01704153354631499 0.019348242811489235 0.025539936102220103 0.03377635782745446 0.056044728434468984 0.07968051118205771 0.06194249201273997 0.03219169329071425 0.023130990415320685 0.015150159744399264 0.015456869009574789 0.01099680511181406 0.013431309904144772 0.011776357827468513 0.016242811501587066 0.015654952076667315 0.023284345047908446 0.055067092651722 0.37102236421701534
0.016875466070084357 0.013131991051444346 0.007091722595073012 0.007293064876952056 0.011170768083511431 0.012505592841153986 0.01533929903056276 0.02227442207306318 0.029783743474996432 0.04037285607752396 0.04999999999996271 0.07788963460098591 0.08120805369121462 0.0837882177478868 0.047352721849330835 0.03869500372853192 0.025197613721084863 0.02304250559282398 0.016539895600285952 0.016271439224447223 0.010879940343019479 0.012348993288581396 0.0113646532438394 0.01357941834450889 0.020648769574928675 0.2953542132734561
0.014003009781780283 0.018276899924741703 0.007366440933026812 0.005643340857783564 0.005387509405564043 0.004635063957859567 0.004680210684721835 0.007449209932274305 0.009729119638818864 0.01922498118884934 0.020797592174551696 0.05340857787806365 0.06468773513915374 0.12799097065453124 0.04347629796836458 0.04197140707295563 0.019857035364921102 0.03127163280659799 0.012227238525197722 0.022543265613226077 0.009947328818653163 0.022964635063940583 0.012392776523692707 0.01483822422873225 0.034198645598168396 0.37103085026307675
0.014472222222212172 0.009909722222215341 0.005395833333329586 0.00624999999999566 0.011791666666658478 0.011874999999991753 0.011354166666658783 0.02036111111109697 0.029243055555535247 0.04299999999997014 0.04219444444441514 0.07394444444439309 0.05471527777773978 0.09954166666659754 0.04385416666663621 0.05685416666662718 0.03579166666664181 0.03208333333331105 0.01653472222221074 0.02553472222220449 0.01620138888887764 0.0216458333333183 0.011694444444436323 0.013277777777768557 0.03403472222219859 0.25844444444426495
0.014582450190746433 0.013717676981760307 0.006231454005929435 0.005247986434925606 0.004671470962268188 0.0067316659601469 0.008571428571421305 0.011640525646450496 0.0117931326833304 0.01822806273843304 0.030606189063136408 0.07854175498085753 0.14560406952086002 0.15018228062725716 0.05818567189482138 0.03258160237385962 0.014718100890195237 0.01248834251800552 0.006002543450609578 0.005697329376849769 0.0037897414158509623 0.0057227638829964195 0.006324713861800488 0.014073760067813417 0.01983043662567204 0.31423484527315454
0.017722222222209916 0.014736111111100878 0.007298611111106043 0.005659722222218292 0.007291666666661603 0.0074722222222170336 0.008569444444438494 0.013972222222212519 0.021409722222207356 0.034208333333309575 0.05049305555552049 0.09579861111104458 0.10164583333326274 0.09684722222215497 0.05984722222218066 0.04423611111108039 0.02481944444442721 0.016972222222210436 0.009673611111104393 0.008409722222216382 0.004618055555552348 0.005659722222218292 0.005430555555551784 0.012249999999991493 0.01639583333332195 0.30856249999978574
0.03407738095233024 0.026622023809484193 0.00562499999999163 0.00436011904761256 0.0035565476190423267 0.0028720238095195356 0.002202380952377675 0.00502976190475442 0.00436011904761256 0.007366071428560467 0.0058035714285627924 0.010997023809507445 0.008749999999986978 0.0246577380952014 0.007619047619036281 0.016264880952356748 0.006815476190466048 0.01577380952378605 0.0054166666666586065 0.009836309523794886 0.006413690476180932 0.014032738095217214 0.016711309523784655 0.035997023809470244 0.08260416666654374 0.6362351190466723
0.01969523809520058 0.013961904761878167 0.002914285714280163 0.0021523809523768525 0.003085714285708408 0.003180952380946322 0.0023999999999954284 0.0071809523809387025 0.007066666666653206 0.013619047619021678 0.008857142857125987 0.02005714285710465 0.017257142857109987 0.072723809523671 0.014857142857114558 0.03479999999993371 0.012838095238070784 0.04904761904752562 0.012647619047594956 0.035390476190408776 0.016628571428539754 0.03613333333326451 0.022685714285671073 0.0308380952380365 0.14819047619019393 0.3917904761897299
0.03253289473681535 0.024473684210506188 0.015049342105250782 0.012409539473674005 0.009662828947360475 0.010246710526307363 0.010888157894727888 0.013626644736830899 0.014564144736830128 0.017508223684196127 0.02265624999998137 0.039202302631546705 0.05460526315784983 0.0415953947368079 0.023281249999980855 0.017689144736827558 0.013092105263147129 0.012212171052621536 0.00973684210525515 0.00901315789472943 0.006694078947362916 0.007064144736836296 0.009103618421045146 0.021060855263140575 0.052368421052588515 0.4996628289469575
0.032969696969671995 0.02360606060604272 0.011121212121203696 0.00919696969696273 0.009977272727265169 0.009803030303022877 0.008674242424235853 0.01043939393938603 0.01121969696968847 0.014098484848474167 0.015522727272715513 0.02162121212119574 0.02367424242422449 0.02709848484846432 0.015803030303018332 0.016151515151502916 0.012113636363627186 0.011909090909081887 0.009045454545447694 0.01138636363635501 0.011325757575748996 0.012893939393929625 0.01694696969695686 0.027651515151494204 0.034598484848458635 0.5911515151510673
0.021004329004310818 0.020735930735912782 0.008173160173153097 0.005844155844150784 0.005004329004324672 0.00611255411254882 0.005073593073588681 0.008900432900425194 0.009852813852805321 0.015636363636350098 0.015290043290030052 0.026961038961015617 0.03083982683980014 0.03973160173156733 0.017463203463188342 0.0238268398268192 0.014554112554099953 0.020987012986994815 0.010077922077913352 0.0156536796536661 0.01095238095237147 0.018744588744572514 0.01991341991340267 0.036320346320314875 0.060943722943670176 0.5314025974021374
0.033236607142832414 0.02452380952379128 0.018802083333319345 0.017135416666653917 0.02011904761903265 0.02057291666665136 0.016555059523797207 0.01680803571427321 0.01784226190474863 0.01889880952379546 0.025267857142838343 0.04110119047615989 0.052313988095199174 0.037023809523781974 0.02366815476188715 0.02012648809522312 0.015758928571416846 0.016428571428559205 0.013958333333322947 0.012715773809514348 0.012611607142847758 0.013281249999990119 0.01659226190474956 0.02218005952379302 0.027693452380931776 0.44478422619014524
0.04925334031958587 0.0337437778359716 0.01626557880158968 0.011916613645711354 0.009311725738231736 0.008413488528756006 0.008061678955044678 0.007694898761175422 0.006953853063357944 0.007380515737858916 0.008974886784678338 0.01119802387813077 0.011729480893737243 0.012620232793134008 0.0077023840712543866 0.007627530970464742 0.005531644148354705 0.006849058722252443 0.006542161009014902 0.006781690931541763 0.007193382985884806 0.008660503761361831 0.013234028219609091 0.03294284965752241 0.04154347093825252 0.6518731988467743
0.045419276564495924 0.03240505614805005 0.016752722758297534 0.013754867106812712 0.012619208848250227 0.012061960385974225 0.011384797697638829 0.012146605722016148 0.012203035946044098 0.012076067941981211 0.01184329326786592 0.012732069296306126 0.013000112860438886 0.014925794255392666 0.012732069296306126 0.013190564866533215 0.010728796343313914 0.011525873257708702 0.00978359009084576 0.010171547881037912 0.010545398115223079 0.01232295017210349 0.016188420518018037 0.028144574233939856 0.043147960047370953 0.588193386377329
0.012243055555547054 0.011729166666658521 0.008138888888883236 0.0066597222222175975 0.008131944444438797 0.008999999999993749 0.009062499999993706 0.016465277777766345 0.020583333333319038 0.03138194444442265 0.03028472222220119 0.0548055555555175 0.04231944444441506 0.07511111111105895 0.03718749999997417 0.0478124999999668 0.029270833333313005 0.03246527777775523 0.016479166666655224 0.024840277777760527 0.015020833333322901 0.02393749999998338 0.018569444444431548 0.021423611111096235 0.05318055555551862 0.34389583333309454
0.03705791505788644 0.027729729729708316 0.015590733590721552 0.013027027027016967 0.01062548262547442 0.009737451737444218 0.010440154440146378 0.01084169884169047 0.013096525096514983 0.01633204633203372 0.020007722007706556 0.024702702702683627 0.03310424710422154 0.028509652509630494 0.019768339768324504 0.01699613899612587 0.013150579150568996 0.012409266409256827 0.008749034749027993 0.008193050193043866 0.0073204633204576675 0.009258687258680108 0.014656370656359339 0.025876447876427896 0.033683397683371676 0.5591351351347034
0.03144029850743922 0.024835820895503853 0.01390298507461649 0.011134328358200645 0.009022388059694759 0.009052238805963394 0.009134328358202139 0.009231343283575201 0.01058208955223091 0.01400746268655671 0.017253731343270705 0.026656716417890556 0.03485074626863071 0.027044776119382802 0.015253731343272198 0.011888059701483666 0.00832089552238185 0.009470149253724277 0.006701492537308432 0.007634328358203258 0.007470149253725768 0.010462686567156371 0.013492537313422768 0.026208955223861036 0.03182089552236431 0.6031268656711917
0.02979469632161694 0.02400342172795209 0.006039349871680035 0.004550898203588921 0.005235243798113571 0.0035585970915281793 0.0029512403763875526 0.0060992301112009414 0.006039349871680035 0.008725406330189285 0.008349016253200729 0.01102651839177842 0.013644140290835206 0.02810949529509999 0.009101796407177842 0.01289991445678965 0.006458511548326383 0.016142001710850177 0.007296834901619079 0.018041060735656082 0.012882805816926532 0.018160821214697895 0.015098374679200086 0.030556030795525616 0.24396920444803766 0.45126603934948567
0.03809785560504519 0.03239822794582252 0.012923954795596744 0.008081561606360496 0.0063212862443273185 0.005424789126860608 0.0057977842779234 0.006628843649589621 0.007976861213079712 0.01062708991799955 0.014088746670845463 0.019304135011144502 0.023675376430617224 0.02227500867048674 0.0144944606948085 0.012210683366371404 0.008088105380940545 0.007257046009274323 0.005634189913422175 0.006903682181951678 0.007067276546452903 0.009265984805349362 0.013604507351921839 0.026816388229040738 0.035781359403707844 0.6392547949504053
0.028467633730773607 0.022303232829534503 0.015524923419650435 0.015847700058216344 0.015670489354689964 0.01352497405128128 0.011866788182570146 0.012461709830122996 0.01309460519986007 0.017024885445927302 0.02406901091110094 0.04582795372266156 0.06386547176016819 0.04598617756509583 0.02389812916127193 0.01758183337129593 0.013069289385070588 0.012392091339451917 0.009322548796227107 0.008987114250266458 0.009328877749924478 0.011081997924096174 0.013930027087913008 0.02321460216195589 0.02746765904658903 0.4841902736636514
0.01231944444443589 0.010326388888881717 0.007006944444439578 0.006902777777772984 0.008798611111105002 0.011451388888880936 0.015069444444433979 0.02239583333331778 0.03218055555553321 0.0510902777777423 0.07479861111105916 0.10870138888881341 0.11759722222214056 0.09385416666660149 0.0598541666666251 0.040062499999972176 0.025208333333315826 0.01783333333332095 0.013361111111101833 0.011812499999991797 0.007909722222216729 0.006291666666662297 0.006027777777773592 0.009305555555549093 0.014305555555545621 0.21553472222207254
0.026052123552098405 0.02215250965248827 0.01062741312740287 0.008127413127405283 0.007374517374510256 0.008301158301150288 0.010202702702692855 0.012895752895740449 0.017345559845543104 0.025366795366770882 0.0315154440154136 0.04466216216211905 0.048996138996091704 0.04110038610034643 0.02705598455595844 0.019623552123533183 0.013416988416975466 0.010907335907325379 0.007413127413120258 0.008243243243235287 0.007113899613892747 0.008281853281845287 0.01007722007721035 0.02042471042469071 0.0230791505791283 0.5296428571423459
0.02380341880340185 0.019850427350413213 0.011695156695148366 0.01011396011395291 0.008753561253555019 0.009480056980050227 0.0118162393162309 0.016502849002837248 0.02148148148146618 0.029045584045563358 0.040519943019914156 0.062371794871750444 0.07748575498569979 0.061524216524172705 0.036339031339005456 0.02595441595439747 0.018155270655257724 0.01466524216523172 0.01004273504272789 0.008924501424495067 0.007058404558399531 0.008262108262102377 0.010754985754978094 0.016987179487167388 0.021559829059813705 0.41685185185155493
