0.03260869565211227 0.0288090737239531 0.007618147448000722 0.004914933837419821 0.003686200378064865 0.003289224952734803 0.002249527410203687 0.004158790170124464 0.00255198487712183 0.0045935727788192935 0.004820415879007901 0.009281663516050507 0.010756143667276454 0.03650283553868336 0.004688090737231213 0.01459357277880039 0.0023818525519803744 0.023327032136061764 0.002325141776933223 0.01266540642719723 0.003572778827970562 0.01888468809070154 0.008998109640814747 0.03266540642715942 0.10353497164441676 0.6165217391292693
0.04316008315999343 0.038503118503038454 0.015925155925122815 0.010395010394988784 0.006049896049883472 0.004178794178785491 0.004594594594585042 0.0038669438669358277 0.005592515592503965 0.004449064449055199 0.007567567567551834 0.011517671517647573 0.02561330561325236 0.016465696465662233 0.009126819126800152 0.008170478170461183 0.00401247401246567 0.004241164241155423 0.003492723492716231 0.004511434511425132 0.004802494802484818 0.007609147609131789 0.010249480249458941 0.02972972972966792 0.03652806652799059 0.6796465696451567
0.03020793950844951 0.02875236294890595 0.008393194706978463 0.004669187145548829 0.003686200378064865 0.003534971644605794 0.0028922495274047405 0.004215500945171615 0.004366729678630687 0.006843100189022981 0.006805293005658213 0.012967863894115372 0.016294896030214945 0.041001890359090735 0.005973534971633321 0.015103969754224756 0.004102079395077312 0.02436672967859288 0.005122873345926044 0.015916824196567265 0.005954631379950936 0.019527410207902593 0.011909262759901873 0.03039697542527335 0.10621928166331528 0.5807750472578813
0.0341995841995131 0.034407484407412876 0.014677754677724163 0.010873180873158268 0.00854469854468078 0.006943866943852507 0.006652806652792821 0.008752598752580555 0.009542619542599703 0.01324324324321571 0.015426195426163355 0.023056133056085122 0.03902286902278789 0.025509355509302476 0.011496881496857595 0.0097297297297095 0.006008316008303517 0.006174636174623337 0.0034719334719262537 0.005488565488554077 0.004553014553005087 0.006216216216203292 0.010415800415778761 0.028316008315949447 0.032598752598684826 0.6246777546764559
0.029771309771247877 0.029043659043598662 0.018253638253600303 0.013409563409535532 0.010748440748418402 0.010124740124719075 0.010353430353408829 0.011143451143427976 0.012328482328456698 0.013596673596645329 0.014594594594564253 0.020311850311808082 0.03291060291053449 0.024927234927183104 0.015031185031153782 0.011787941787917281 0.008586278586260735 0.00777546777545161 0.005322245322234257 0.00555093555092401 0.005135135135124459 0.006985446985432462 0.013118503118475846 0.02821205821199956 0.02896049896043875 0.6120166320153596
0.03881496881488812 0.03496881496874227 0.011746361746337326 0.009251559251540017 0.004428274428265222 0.005654885654873898 0.005779625779613763 0.006112266112253404 0.006611226611212866 0.00708939708938235 0.009209979209960062 0.014553014552984297 0.019771309771268668 0.016943866943831716 0.007463617463601946 0.008066528066511296 0.0035758835758761417 0.00478170478169484 0.0028066528066469716 0.0036174636174560967 0.003264033264026478 0.005363825363814212 0.010062370062349143 0.02933471933465835 0.025738045737992227 0.7049896049881393
0.04114345114336561 0.04010395010386673 0.013700623700595218 0.010103950103929098 0.006839916839902619 0.005176715176704414 0.006798336798322664 0.008066528066511296 0.007713097713081677 0.009812889812869412 0.012702702702676294 0.020665280665237703 0.04180873180864489 0.03014553014546747 0.014490644490614364 0.010478170478148694 0.006860706860692597 0.007567567567551834 0.006112266112253404 0.00777546777545161 0.00794178794177143 0.010415800415778761 0.011871101871077192 0.022889812889765302 0.047442827442728805 0.5913721413709119
0.014074844074814814 0.018503118503080035 0.008918918918900376 0.00785862785861152 0.006507276507262978 0.006133056133043382 0.012785862785836204 0.016902286902251762 0.017920997920960663 0.013783783783755128 0.011767151767127303 0.032141372141305316 0.33858627858557466 0.10336798336776847 0.00717255717254226 0.0027442827442770387 0.0021205821205777116 0.0018503118503080036 0.0029937629937567697 0.0033264033263964107 0.003596673596666119 0.005051975051964549 0.007422037422021991 0.017380457380421245 0.021829521829476447 0.31525987525921984
0.026483931947019878 0.022986767485778853 0.005803402646491865 0.003005671077499044 0.002211720226838919 0.002967863894134276 0.0029867674858166603 0.005028355387514124 0.004933837429102204 0.007410207939494499 0.007958412098283633 0.01483931947067138 0.03262759924379465 0.05470699432881908 0.01035916824194639 0.017977315689947114 0.004517958412089758 0.02508506616252347 0.0033837429111467227 0.014177693761787943 0.004120982986759695 0.019470699432855443 0.0071833648393058915 0.02495274102074678 0.18396975425296036 0.49085066162478097
0.020151228733421265 0.018336483931912406 0.007429111531176882 0.005614366729668026 0.004253308128536383 0.0038185255198415527 0.002816635160675205 0.005293005671067499 0.003799621928159169 0.00669187145556391 0.005897920604903784 0.009829867674839642 0.01922495274098445 0.05725897920594091 0.007882797731554097 0.020680529300528015 0.0037051039697472495 0.031134215500886325 0.0031379962192757314 0.021266540642681915 0.004782608695643133 0.02368620037802706 0.010302457466899239 0.023100189035873155 0.24897920604867868 0.430926275991624
0.03879417879409814 0.032598752598684826 0.012453222453196564 0.007027027027012417 0.004927234927224683 0.00469854469853493 0.005779625779613763 0.007609147609131789 0.009979209979189232 0.013035343035315934 0.01571725571722304 0.027130977130920726 0.04607068607059029 0.026985446985390883 0.014158004157974724 0.008232848232831116 0.004345114345105311 0.004802494802484818 0.0038461538461458497 0.005155925155914436 0.004033264033255648 0.006735966735952731 0.010582120582098582 0.02708939708934077 0.03523908523901197 0.6229729729716778
0.02676748582225564 0.028525519848717342 0.006086956521727624 0.0035160680529234102 0.0021361058601093836 0.002759924385628053 0.0015689981096378657 0.004763705103960749 0.0031947069943228834 0.006635160680516758 0.005765595463127097 0.014177693761787943 0.019489603024537828 0.052041587901602945 0.01045368620035831 0.018979206049113462 0.004423440453677838 0.027580340264598147 0.0019092627599207764 0.01266540642719723 0.0034215500945114904 0.017523629489569897 0.00756143667295357 0.030472589792002888 0.0949149338372497 0.5926654064261008
0.03902286902278789 0.03351351351344384 0.012141372141346899 0.008648648648630668 0.006798336798322664 0.005883575883563651 0.00538461538460419 0.005696465696453853 0.006299376299363203 0.007733887733871655 0.009521829521809726 0.015841995841962907 0.026382536382481534 0.0273388773388205 0.01076923076920838 0.009064449064430219 0.005176715176704414 0.006216216216203292 0.003409563409556321 0.0038461538461458497 0.0033264033263964107 0.004968814968804638 0.00821205821204114 0.02513513513508288 0.04434511434502215 0.6653222453208621
0.03812889812881886 0.03800415800407899 0.01461538461535423 0.006902286902272552 0.005987525987513539 0.004906444906434706 0.005051975051964549 0.006070686070673449 0.006673596673582799 0.009085239085220197 0.012058212058186989 0.019002079002039495 0.041392931392845334 0.02711018711013075 0.01426195426192461 0.008981288981270309 0.006860706860692597 0.006299376299363203 0.0032432432432365006 0.00392931392930576 0.004033264033255648 0.006382536382523113 0.010228690228668963 0.028399168399109356 0.03085239085232671 0.6415384615371278
0.012344045368596703 0.01671077504722739 0.004877126654055053 0.004688090737231213 0.004914933837419821 0.0041398865784420796 0.003969754253300624 0.005973534971633321 0.005803402646491865 0.006616257088834373 0.008676748582214221 0.026086956521689818 0.059659735349603664 0.09705103969735906 0.013459357277857355 0.02697542533076186 0.007599243856318338 0.040056710774971534 0.01151228733457181 0.030302457466861433 0.01266540642719723 0.033742911153055305 0.011663516068030882 0.02427221172018096 0.14731568998081793 0.3789224952733858
0.025689981096359754 0.023534971644567988 0.005935727788268552 0.004253308128536383 0.002192816635156535 0.0021361058601093836 0.002230623818521303 0.004782608695643133 0.0044423440453602225 0.007674858223047873 0.007844990548189329 0.014366729678611783 0.022457466918672103 0.04860113421540907 0.009810964083157257 0.017448015122840364 0.004858223062372669 0.026710775047208486 0.0038941398865710887 0.01701323251414553 0.005576559546303258 0.019773156899773586 0.011493383742889426 0.02644612476365511 0.18705103969718895 0.4937807183355505
0.0308128544422858 0.02691871455571471 0.009017013232497132 0.007504725897906418 0.004064272211712544 0.003799621928159169 0.003572778827970562 0.004914933837419821 0.00640831758032815 0.008979206049132365 0.009565217391286266 0.015689981096378657 0.01882797731565439 0.04425330812846077 0.009810964083157257 0.017353497164428442 0.004725897920595981 0.02470699432887579 0.004196597353489232 0.014102079395058408 0.005784499054809481 0.019470699432855443 0.011134215500924131 0.03251417769370035 0.060680529300452396 0.6011909262748559
0.03164241164234586 0.03742203742195962 0.013575883575855352 0.007110187110172328 0.005571725571713988 0.004844074844064773 0.004178794178785491 0.005821205821193719 0.00862785862784069 0.011413721413697684 0.017525987525951088 0.033825363825293504 0.054511434511321184 0.04022869022860659 0.018773388773349744 0.014074844074814814 0.009085239085220197 0.007900207900191476 0.005613305613293943 0.007650727650711744 0.006174636174623337 0.006943866943852507 0.012328482328456698 0.027214137214080635 0.03469854469847256 0.5732432432420514
0.03567107750465846 0.03164461247631069 0.009073724007544285 0.004971644612466972 0.0038185255198415527 0.004177693761806847 0.003478260869558642 0.004177693761806847 0.0038374291115239366 0.004725897920595981 0.005765595463127097 0.018601134215465782 0.02109640831754046 0.0452741020793095 0.009546313799603882 0.016937618147415998 0.004650283553866446 0.023894139886533283 0.004933837429102204 0.014517958412070854 0.0065217391304224544 0.017466918714522748 0.010812854442323605 0.03310018903585425 0.05678638941388131 0.6045179584109556
0.023194706994285077 0.02075614366725755 0.005973534971633321 0.0038185255198415527 0.0026465028355337496 0.002835538752357589 0.003005671077499044 0.005387523629479418 0.00563327032135041 0.007429111531176882 0.007826086956506944 0.013856332703187417 0.021398865784458602 0.049886578449811175 0.010226843100169703 0.018563327032101014 0.005841209829856633 0.02918714555760078 0.005236294896020347 0.01839319470695956 0.004215500945171615 0.019924385633232657 0.012022684309996177 0.024820415878970093 0.25321361058553266 0.42470699432811965
0.023180873180824988 0.02051975051970786 0.009812889812869412 0.007110187110172328 0.006819126819112642 0.007733887733871655 0.00964656964654959 0.015738045738013018 0.022286902286855953 0.03174636174629575 0.0447609147608217 0.07808731808715574 0.1134303534301176 0.07532224532208873 0.02950103950097817 0.018607068607029924 0.008731808731790578 0.00821205821204114 0.004656964656954975 0.005259875259864324 0.003409563409556321 0.005114345114334481 0.008066528066511296 0.020311850311808082 0.019812889812848622 0.4021205821197461
0.020113421550056496 0.01941398865780829 0.005765595463127097 0.0034215500945114904 0.0031190926275933475 0.003270321361052419 0.003497164461241026 0.006238185255186695 0.006446124763692918 0.009527410207921498 0.012211720226820015 0.026370510396925576 0.05102079395075421 0.07421550094503929 0.013062381852527291 0.02143667296782337 0.005765595463127097 0.033402646502772394 0.004933837429102204 0.019810964083138354 0.005500945179573722 0.020018903591644578 0.010491493383723079 0.020151228733421265 0.1777126654060913 0.4230812854434346
0.01750519750516111 0.0253014553014027 0.012931392931366047 0.012266112266086765 0.009542619542599703 0.010270270270248918 0.008170478170461183 0.009293139293119973 0.011808731808707259 0.0162162162161825 0.01783783783780075 0.03428274428267301 0.04673596673586957 0.05469854469843098 0.011891891891867169 0.017401247401211222 0.005176715176704414 0.017983367983330594 0.004532224532215109 0.012411642411616608 0.003825363825355872 0.01442827442824443 0.00939708939706986 0.04043659043650637 0.09120582120563159 0.4844490644480573
0.03933471933463756 0.038295218295138676 0.013659043659015262 0.011413721413697684 0.008274428274411072 0.006673596673582799 0.0054677754677641 0.005800415800403741 0.00810810810809125 0.008523908523890802 0.01101871101868811 0.015384615384583399 0.039875259875176976 0.02091476091471743 0.00914760914759013 0.008586278586260735 0.005405405405394167 0.005779625779613763 0.005405405405394167 0.006507276507262978 0.006340956340943158 0.009189189189170084 0.012952182952156024 0.03316008316001422 0.03713097713089993 0.6276507276494228
0.038399168399088565 0.04039501039492641 0.0186278586278199 0.011309771309747797 0.007733887733871655 0.006049896049883472 0.005966735966723561 0.006424116424103068 0.006715176715162754 0.006985446985432462 0.009189189189170084 0.0162162162161825 0.03199584199577547 0.02316008316003501 0.010374220374198806 0.011309771309747797 0.007297297297282126 0.00785862785861152 0.006091476091463427 0.007027027027012417 0.007234927234912193 0.011081081081058044 0.014906444906413916 0.030103950103887517 0.03742203742195962 0.6201247401234509
0.01896049896045954 0.017546777546741065 0.0109355509355282 0.010498960498938672 0.008918918918900376 0.009854469854449367 0.010124740124719075 0.01453222453219432 0.017110187110151536 0.02399168399163411 0.023804573804524314 0.03544698544691175 0.06600831600817877 0.11068607068584056 0.037505197505119534 0.024511434511383552 0.016943866943831716 0.013887733887705015 0.006278586278573225 0.005509355509344055 0.005821205821193719 0.006860706860692597 0.00804573804572132 0.012889812889786093 0.09365904365884895 0.38966735966654953
0.03879417879409814 0.03860706860698834 0.017796257796220797 0.01486486486483396 0.009417879417859838 0.00821205821204114 0.00812889812888123 0.009189189189170084 0.008898128898110398 0.008794178794160511 0.009812889812869412 0.01683991683988183 0.03760914760906942 0.024116424116373977 0.009293139293119973 0.008066528066511296 0.005072765072754526 0.00615384615383336 0.00623700623699327 0.00717255717254226 0.00829521829520105 0.012453222453196564 0.01667359667356201 0.027463617463560366 0.03598752598745117 0.606049896048636
0.031190926275933475 0.02710775047253855 0.006748582230611061 0.004177693761806847 0.003043478260863812 0.0036672967863824813 0.0035916824196529458 0.006011342154998088 0.0058601134215390165 0.007504725897906418 0.008052930056695553 0.013572778827951658 0.024385633270275264 0.046351606805205385 0.008846880907355676 0.01612476370507349 0.004914933837419821 0.02586011342150121 0.004347826086948303 0.017466918714522748 0.0063705103969633825 0.020548204158751325 0.011795841209807569 0.02846880907367019 0.08141776937602757 0.5825708884677078
0.024407484407433663 0.02513513513508288 0.014594594594564253 0.009272349272329995 0.006091476091463427 0.006673596673582799 0.008066528066511296 0.012245322245296788 0.01247401247398654 0.015010395010363803 0.019251559251519227 0.03230769230762514 0.09316008315988948 0.06711018711004758 0.02091476091471743 0.01255717255714645 0.007879417879401497 0.007962577962561408 0.004594594594585042 0.006195426195413315 0.006839916839902619 0.009542619542599703 0.011850311850287213 0.02035343035338804 0.02079002078997757 0.5247193347182438
0.04451143451134197 0.04446985446976202 0.016340956340922367 0.007234927234912193 0.004054054054045625 0.003492723492716231 0.0030353430353367247 0.00316008316007659 0.0033679833679763657 0.003492723492716231 0.003700623700616007 0.004178794178785491 0.005779625779613763 0.007359667359652058 0.003825363825355872 0.005613305613293943 0.002972972972966792 0.005010395010384593 0.003118503118496635 0.004386694386685266 0.005051975051964549 0.007962577962561408 0.013575883575855352 0.03353430353423382 0.040997920997835766 0.7197713097698134
0.0229300567107317 0.022268431001848263 0.005519848771256106 0.003024574669181428 0.0024574669187099104 0.0026086956521689814 0.0019281663516031603 0.00395085066161824 0.0030812854442285797 0.005293005671067499 0.005368620037797035 0.011833648393172337 0.016843100189004076 0.05030245746682362 0.008752362948943757 0.020207939508468414 0.005765595463127097 0.0288090737239531 0.005765595463127097 0.016408317580309247 0.0039319470699358565 0.01979206049145597 0.009659735349698186 0.023043478260826006 0.2528922495269321 0.4475614366721218
0.03767485822299116 0.032684310018841804 0.009470699432874347 0.004404536861995455 0.0029111531190871244 0.0030812854442285797 0.0023818525519803744 0.0033837429111467227 0.002967863894134276 0.004914933837419821 0.00563327032135041 0.013497164461222122 0.01926275992434922 0.04260869565209337 0.0074858223062240345 0.016313799621897326 0.004404536861995455 0.024310018903545727 0.003459357277876258 0.014347826086929399 0.005236294896020347 0.020245746691833183 0.01064272211718215 0.03279773156893611 0.06100189035905292 0.614877126652902
0.031379962192757314 0.025368620037759228 0.007353497164447347 0.004291115311901151 0.0034026465028291065 0.0035160680529234102 0.0035160680529234102 0.004725897920595981 0.005387523629479418 0.007958412098283633 0.012060491493360944 0.022230623818483494 0.04606805292996963 0.0516257088845905 0.01319470699430398 0.019243856332666835 0.00606805293004524 0.024480151228687182 0.004461247637042606 0.014914933837400916 0.006710775047246293 0.01903591682416061 0.013156899810939211 0.031720226843040225 0.06699432892236863 0.5511342154999034
0.022608695652131174 0.021871455576518203 0.008657844990531838 0.006899810964070133 0.005274102079385115 0.005217391304337963 0.004612476370501678 0.00650283553874007 0.006748582230611061 0.0079962192816484 0.010396975425311159 0.01907372400752538 0.02846880907367019 0.05542533081274967 0.010699432892229301 0.019999999999962194 0.006975425330799668 0.029508506616201306 0.006427221172010535 0.01714555765592222 0.007429111531176882 0.022759924385590245 0.012438563327008623 0.023534971644567988 0.18035916824162504 0.4529678638932836
0.02327032136101461 0.02710775047253855 0.007448015122859267 0.003969754253300624 0.0037051039697472495 0.0033648393194643388 0.0028544423440399727 0.005463137996208955 0.004669187145548829 0.007315689981082579 0.006994328922482052 0.015330812854413364 0.019130434782572533 0.0529111531189926 0.0111720226842889 0.021720226843059128 0.006389413988645767 0.028676748582176413 0.0039886578449830085 0.016918714555733613 0.004801512287325517 0.02455576559541672 0.012173913043455248 0.025652173912994986 0.12591682419635933 0.5344990548194055
0.013056133056105913 0.01854469854465999 0.011143451143427976 0.011392931392907707 0.009625779625759614 0.012931392931366047 0.011164241164217954 0.01128898128895782 0.00802494802493134 0.006444906444893046 0.006756756756742709 0.06812889812875648 0.26257796257741667 0.09613305613285628 0.023451143451094697 0.016881496881461785 0.00777546777545161 0.011808731808707259 0.005155925155914436 0.00717255717254226 0.004095634095625581 0.007837837837821543 0.007276507276492148 0.016548856548822145 0.049812889812786254 0.2949688149682017
0.03181474480145215 0.0313988657844397 0.009092627599226667 0.004763705103960749 0.0036105860113353296 0.0025708884688042137 0.001984877126650312 0.004026465028347776 0.004366729678630687 0.007712665406412641 0.009395085066144811 0.0170510396975103 0.022703213610543095 0.04536862003772142 0.00824196597351939 0.0164650283553564 0.004310018903583535 0.02274102079390786 0.0029867674858166603 0.01353497164458689 0.004839319470690284 0.020888468809034236 0.012287334593549552 0.02879017013227072 0.07758034026450362 0.5914744801501106
0.033035343035274355 0.0319750519749855 0.018004158004120575 0.011683991683967393 0.007629937629921767 0.0054677754677641 0.006424116424103068 0.007567567567551834 0.010270270270248918 0.011309771309747797 0.013617463617435306 0.023056133056085122 0.03679833679826029 0.02461538461533344 0.010582120582098582 0.007151767151752283 0.004760914760904863 0.005738045738033808 0.006112266112253404 0.007380457380442036 0.00785862785861152 0.008752598752580555 0.01274428274425625 0.02459459459454346 0.07232848232833196 0.5905405405393128
0.03534971644605794 0.030642722117144344 0.00924385633268574 0.0045935727788192935 0.0031947069943228834 0.0024574669187099104 0.0021172022684269997 0.00457466918713691 0.0032136105860052673 0.0054064272211618025 0.005066162570878892 0.01555765595460197 0.02206049149334204 0.04353497164453018 0.006880907372387749 0.013988657844964104 0.002948960302451892 0.022703213610543095 0.0033081285444171867 0.012948960302432989 0.004291115311901151 0.01680529300563931 0.010056710775028248 0.03183364839313453 0.07094517958398687 0.6162759924373984
0.03221172022678221 0.02990548204153137 0.006918714555752516 0.004536862003772142 0.0028922495274047405 0.002722117202263285 0.0029300567107695082 0.0040831758033949275 0.0037051039697472495 0.004782608695643133 0.0048960302457374365 0.007410207939494499 0.008846880907355676 0.035746691871388 0.004026465028347776 0.015860113421520113 0.003478260869558642 0.02408317580335712 0.0035160680529234102 0.013761814744775497 0.004877126654055053 0.02032136105856272 0.010132325141757784 0.028620037807129264 0.1567674858220099 0.5629678638930756
0.04588357588348049 0.042099792099704575 0.010145530145509053 0.004823284823274795 0.0029937629937567697 0.0028482328482269267 0.0023284823284774876 0.0027650727650670166 0.003201663201656545 0.0036174636174560967 0.005571725571713988 0.010644490644468515 0.03110187110180644 0.016777546777511896 0.005176715176704414 0.004927234927224683 0.002681912681907106 0.0038669438669358277 0.002203742203737622 0.003991683991675693 0.004823284823274795 0.007733887733871655 0.011164241164217954 0.03388773388766343 0.03752598752590951 0.6972141372126877
0.030661625708826728 0.026559546313749415 0.008449905482025614 0.005576559546303258 0.0026465028355337496 0.002759924385628053 0.002003780718332696 0.004328922495265919 0.0031190926275933475 0.005217391304337963 0.0045935727788192935 0.00852551984875515 0.013478260869539738 0.04599243856324009 0.006635160680516758 0.015879017013202497 0.004858223062372669 0.026068052930007433 0.004801512287325517 0.014914933837400916 0.004102079395077312 0.015500945179554818 0.01045368620035831 0.031474480151169236 0.1835538752359479 0.5178449905472252
0.04347193347184309 0.04116424116415558 0.011517671517647573 0.008399168399150937 0.004968814968804638 0.0033887733887663436 0.00307692307691668 0.00486486486485475 0.007318087318072103 0.006424116424103068 0.011746361746337326 0.019272349272309204 0.02964656964650801 0.02016632016627824 0.009708939708919524 0.007525987525971879 0.004282744282735379 0.005093555093544504 0.0026195426195371736 0.00461538461537502 0.003534303534296186 0.006029106029093494 0.010540540540518627 0.032037422037355434 0.03659043659036052 0.6619958419944657
0.028884688090682637 0.029224952740965548 0.009735349716427722 0.004499054820407374 0.0025897920604865976 0.0018714555765560086 0.001739130434779321 0.0031379962192757314 0.002268431001886071 0.0039319470699358565 0.0037051039697472495 0.005141776937608427 0.007069943289211588 0.04699432892240644 0.0025897920604865976 0.016918714555733613 0.0018903591682383925 0.03130434782602778 0.002514177693757062 0.017750472589758506 0.0038185255198415527 0.020264650283515567 0.009716446124745337 0.02962192816629561 0.1824952741017344 0.5303213610575986
0.032952182952114446 0.032681912681844734 0.013825363825335082 0.00821205821204114 0.005987525987513539 0.005717255717243831 0.005218295218284369 0.004386694386685266 0.005841995841983696 0.007234927234912193 0.010187110187089008 0.01598752598749275 0.026133056133001802 0.01656964656961212 0.008835758835740466 0.008669438669420645 0.005239085239074347 0.005093555093544504 0.003347193347186388 0.00316008316007659 0.003700623700616007 0.00563409563408392 0.008170478170461183 0.023451143451094697 0.17954261954224626 0.554220374219222
0.039189189189107715 0.04016632016623666 0.014906444906413916 0.009896049896029322 0.005613305613293943 0.004677754677744952 0.004802494802484818 0.006361746361733135 0.00821205821204114 0.009937629937609277 0.011226611226587887 0.020727650727607634 0.027463617463560366 0.02486486486481317 0.012286902286876742 0.01076923076920838 0.006444906444893046 0.005883575883563651 0.00461538461537502 0.005488565488554077 0.005883575883563651 0.010187110187089008 0.015176715176683625 0.032037422037355434 0.0317879417878757 0.6313929313916187
0.038523908523828435 0.03825363825355872 0.01401247401244488 0.009064449064430219 0.006902286902272552 0.005405405405394167 0.006444906444893046 0.005821205821193719 0.007422037422021991 0.008898128898110398 0.012079002078976966 0.02024948024943815 0.025259875259822744 0.02145530145525685 0.010540540540518627 0.00804573804572132 0.005135135135124459 0.004968814968804638 0.0029937629937567697 0.004303534303525356 0.004386694386685266 0.005696465696453853 0.009438669438649816 0.029937629937567697 0.03900207900199792 0.6557588357574724
0.015426195426163355 0.02041580041575797 0.011247401247377864 0.007546777546761857 0.006798336798322664 0.005031185031174571 0.004594594594585042 0.011871101871077192 0.01384615384612506 0.02008316008311833 0.02588357588352207 0.07010395010380435 0.20141372141330266 0.10395010394988784 0.020020790020748396 0.012661122661096338 0.005509355509344055 0.00632016632015318 0.0034719334719262537 0.004885654885644728 0.004054054054045625 0.007609147609131789 0.00837837837836096 0.019002079002039495 0.032370062369995074 0.35750519750445425
0.02340956340951474 0.019022869022829476 0.009792099792079434 0.005031185031174571 0.005218295218284369 0.004719334719324908 0.005405405405394167 0.008482328482310847 0.011995841995817056 0.019022869022829476 0.02690228690223097 0.04923076923066688 0.08430353430335903 0.09141372141353137 0.034386694386622896 0.02659043659038131 0.014303534303504567 0.016777546777511896 0.009022869022850264 0.007318087318072103 0.007359667359652058 0.009022869022850264 0.008711018711000601 0.021580041579996715 0.0483783783782778 0.43259875259785324
0.040187110187026635 0.033471933471863884 0.016112266112232616 0.010748440748418402 0.008232848232831116 0.00717255717254226 0.006715176715162754 0.006881496881482574 0.0077962577962415874 0.008066528066511296 0.011143451143427976 0.0208523908523475 0.04808731808721811 0.023970893970844134 0.011912681912657146 0.008253638253621094 0.005239085239074347 0.005530145530134033 0.005426195426184145 0.005197505197494392 0.005114345114334481 0.007962577962561408 0.012266112266086765 0.029168399168338528 0.03530145530138191 0.6191891891879019
0.03363825363818371 0.029189189189128505 0.012058212058186989 0.007733887733871655 0.006029106029093494 0.004719334719324908 0.006777546777532687 0.008731808731790578 0.010582120582098582 0.01461538461535423 0.018399168399130146 0.02478170478165326 0.02544698544693254 0.02933471933465835 0.0186278586278199 0.016943866943831716 0.011392931392907707 0.010478170478148694 0.007733887733871655 0.009438669438649816 0.007671517671501722 0.009459459459439793 0.010810810810788335 0.02478170478165326 0.030457380457317135 0.6101663201650516
0.03821205821197877 0.03332640332633404 0.015904365904332838 0.009688149688129546 0.006444906444893046 0.005363825363814212 0.006548856548842933 0.008586278586260735 0.00999999999997921 0.010291060291038896 0.01299376299373598 0.026112266112211825 0.06047817047804474 0.03241164241157503 0.01126819126816784 0.008898128898110398 0.004428274428265222 0.005779625779613763 0.005530145530134033 0.00538461538460419 0.005093555093544504 0.006590436590422888 0.011580041580017505 0.02777546777541003 0.028128898128839647 0.6031808731796191
0.029625779625718034 0.033471933471863884 0.014719334719304117 0.010436590436568739 0.007110187110172328 0.007442827442811969 0.00700623700622244 0.010020790020769187 0.00975051975049948 0.010644490644468515 0.013721413721385195 0.019688149688108756 0.0427234927234039 0.032037422037355434 0.015010395010363803 0.012598752598726407 0.009958419958399255 0.010020790020769187 0.004989604989594616 0.005363825363814212 0.004282744282735379 0.007609147609131789 0.01247401247398654 0.028066528066469715 0.03091476091469664 0.6103118503105814
0.020888468809034236 0.020982986767446157 0.0068241965973405965 0.0037051039697472495 0.003062381852546196 0.0031190926275933475 0.0039886578449830085 0.005897920604903784 0.004839319470690284 0.00746691871454165 0.008071833648377935 0.02041587901697464 0.030472589792002888 0.05682419659724608 0.012155009451772864 0.01911153119089015 0.004631379962184061 0.027429111531139076 0.004612476370501678 0.017296786389381293 0.003799621928159169 0.020680529300528015 0.008449905482025614 0.020245746691833183 0.24724007561389935 0.4177882797723671
0.035613305613231575 0.04039501039492641 0.02091476091471743 0.013305613305585643 0.010332640332618851 0.00862785862784069 0.007422037422021991 0.007754677754661632 0.007900207900191476 0.008399168399150937 0.010602910602888559 0.017817047817010774 0.030727650727586844 0.017629937629900977 0.007567567567551834 0.007463617463601946 0.005280665280654302 0.007318087318072103 0.005280665280654302 0.005613305613293943 0.006049896049883472 0.009251559251540017 0.01444906444903441 0.030540540540477046 0.03563409563402155 0.6281081081068023
0.039189189189107715 0.038295218295138676 0.01615384615381257 0.00948024948022977 0.007276507276492148 0.007027027027012417 0.006673596673582799 0.010519750519728649 0.010727650727628425 0.01137214137211773 0.014324324324294544 0.016382536382502325 0.019521829521788936 0.019313929313889158 0.014054054054024835 0.010956340956318178 0.008004158004141363 0.007920997920981453 0.004885654885644728 0.005155925155914436 0.006278586278573225 0.009542619542599703 0.012120582120556922 0.026964656964600906 0.03378378378371354 0.6340748440735258
0.03230769230762514 0.0364241164240407 0.0162162162161825 0.01239085239082663 0.00999999999997921 0.007733887733871655 0.007255717255702171 0.00964656964654959 0.008898128898110398 0.010415800415778761 0.01264033264030636 0.020020790020748396 0.03756756756748946 0.032266112266045185 0.012785862785836204 0.00975051975049948 0.00563409563408392 0.005925155925143606 0.003596673596666119 0.004927234927224683 0.004802494802484818 0.005966735966723561 0.011829521829497236 0.027318087318030523 0.059792099791975487 0.5938877338864992
0.03411642411635319 0.03309771309764429 0.015218295218263579 0.007900207900191476 0.005883575883563651 0.005031185031174571 0.005426195426184145 0.006860706860692597 0.0077962577962415874 0.012577962577936428 0.01604989604986268 0.023970893970844134 0.03378378378371354 0.027962577962519827 0.015010395010363803 0.010956340956318178 0.006195426195413315 0.006195426195413315 0.0038669438669358277 0.004054054054045625 0.005197505197494392 0.008711018711000601 0.014116424116394768 0.023970893970844134 0.028232848232789536 0.6378170478157218
0.02807183364834013 0.025066162570841086 0.006086956521727624 0.0033648393194643388 0.003270321361052419 0.003459357277876258 0.0026465028355337496 0.004801512287325517 0.004366729678630687 0.006275992438551463 0.006880907372387749 0.011833648393172337 0.016843100189004076 0.04924385633261012 0.0090548204158619 0.019546313799584977 0.0047448015122783654 0.02744801512282146 0.0048960302457374365 0.01714555765592222 0.005954631379950936 0.020340264650245105 0.010283553875216855 0.025538752362900683 0.1844990548200671 0.49833648393100505
0.02469854469849335 0.023264033263984896 0.01777546777543082 0.01118503118500793 0.009106029106010174 0.006632016632002844 0.005135135135124459 0.00854469854468078 0.011122661122637998 0.014469854469824387 0.016465696465662233 0.04016632016623666 0.0975883575881547 0.06068607068594452 0.02565488565483232 0.015675675675643087 0.007525987525971879 0.008565488565470758 0.003908523908515782 0.005987525987513539 0.004282744282735379 0.01016632016629903 0.014989604989573826 0.034823284823212425 0.05621621621609934 0.46536382536285786
0.016011342154979184 0.018809073723972006 0.008260869565201775 0.0054064272211618025 0.0049527410207845885 0.0034215500945114904 0.002759924385628053 0.005368620037797035 0.005935727788268552 0.007296786389400195 0.007296786389400195 0.01107750472587698 0.014858223062353765 0.05285444234394546 0.007863894139871713 0.01956521739126736 0.004725897920595981 0.0298676748581666 0.004026465028347776 0.015519848771237202 0.004650283553866446 0.02258979206044879 0.012646502835514845 0.02508506616252347 0.31996219281603033 0.36918714555695803
0.01844990548200671 0.019546313799584977 0.011115311909241747 0.006465028355375302 0.004423440453677838 0.004007561436665392 0.004839319470690284 0.00737240075612973 0.007882797731554097 0.010094517958393015 0.012684310018879614 0.02421550094513381 0.0446880907371556 0.073856332703074 0.014706994328894694 0.023175803402602693 0.00448015122872499 0.03258979206042989 0.0028733459357223566 0.01742911153115798 0.0053497164461146504 0.026332703213560807 0.011663516068030882 0.02408317580335712 0.17680529300533684 0.4108695652166146
0.01444906444903441 0.016299376299342413 0.010395010394988784 0.006819126819112642 0.006070686070673449 0.007983367983351386 0.008170478170461183 0.013638253638225285 0.017817047817010774 0.025509355509302476 0.0331808731808042 0.06079002078989441 0.1024116424114295 0.07715176715160675 0.03534303534296186 0.033014553014484374 0.02058212058207779 0.020831600831557523 0.012245322245296788 0.012245322245296788 0.0076923076922916995 0.011476091476067617 0.010062370062349143 0.018918918918879587 0.035155925155852065 0.3817463617455681
0.031758034026404994 0.02803402646497536 0.006540642722104838 0.0038752362948887044 0.002835538752357589 0.0026843100188985174 0.0023440453686156067 0.004064272211712544 0.003534971644605794 0.005179584120973195 0.0062192816635043115 0.013969754253281721 0.02177693761810628 0.045879017013145784 0.008317580340248928 0.015595463137966737 0.004858223062372669 0.02701323251412663 0.004612476370501678 0.014877126654036149 0.006275992438551463 0.01994328922491504 0.00790170132323648 0.02918714555760078 0.06699432892236863 0.6157277882786092
0.019750519750478687 0.018024948024910552 0.015446985446953332 0.01247401247398654 0.011434511434487662 0.010582120582098582 0.012598752598726407 0.02112266112261721 0.031143451143386396 0.04361746361737293 0.050395010394905626 0.06898128898114557 0.09746361746341484 0.06305613305600197 0.03931392931384758 0.02513513513508288 0.01469854469851414 0.011933471933447123 0.008918918918900376 0.007130977130962305 0.007234927234912193 0.00802494802493134 0.00914760914759013 0.016715176715141965 0.018191268191230372 0.3574636174628743
0.036964656964580116 0.03432432432425296 0.013638253638225285 0.009438669438649816 0.005301455301444279 0.003596673596666119 0.00401247401246567 0.005696465696453853 0.006257796257783247 0.009708939708919524 0.013492723492695442 0.03085239085232671 0.051060291060184906 0.04033264033255648 0.016985446985411674 0.012681912681886317 0.008274428274411072 0.008066528066511296 0.007900207900191476 0.007525987525971879 0.005841995841983696 0.007214137214122215 0.008316008315991026 0.023887733887684226 0.026444906444851465 0.6021829521817003
0.014677754677724163 0.016528066528032168 0.007983367983351386 0.006049896049883472 0.006756756756742709 0.00829521829520105 0.010187110187089008 0.015488565488533288 0.019958419958378465 0.03340956340949395 0.06426195426182066 0.10754677754655395 0.12740124740098252 0.09033264033245253 0.045446985446890964 0.025758835758782204 0.01582120582117293 0.009792099792079434 0.006860706860692597 0.005987525987513539 0.003991683991675693 0.004823284823274795 0.006486486486473001 0.013825363825335082 0.019209979209939273 0.31311850311785216
0.0406860706859861 0.039854469854386995 0.011351351351327752 0.007380457380442036 0.006382536382523113 0.0054677754677641 0.003991683991675693 0.004968814968804638 0.00486486486485475 0.00700623700622244 0.007234927234912193 0.009272349272329995 0.015218295218263579 0.010519750519728649 0.006528066528052956 0.006465696465683023 0.004573804573795065 0.005675675675663876 0.003679833679826029 0.004220374220365446 0.004823284823274795 0.006860706860692597 0.011392931392907707 0.029521829521768145 0.03686070686063023 0.7051975051960391
0.024291115311863343 0.022325141776895416 0.009924385633251561 0.0055576559546208736 0.00553875236293849 0.005671077504715178 0.005879017013221401 0.00896030245744998 0.007523629489588802 0.011909262759901873 0.01083175803400599 0.01627599243853256 0.021833648393153434 0.05780718336473004 0.009943289224933944 0.021720226843059128 0.005066162570878892 0.03328922495267809 0.0028544423440399727 0.016691871455545005 0.0041398865784420796 0.02037807183360987 0.00880907372399091 0.023724007561391827 0.18217391304313388 0.4568809073715371
0.047214137214039054 0.04536382536373105 0.01332640332637562 0.007505197505181901 0.00461538461537502 0.002931392931386837 0.0020374220374178016 0.0017879417879380708 0.002785862785856994 0.002432432432427375 0.0029937629937567697 0.005072765072754526 0.009625779625759614 0.007983367983351386 0.004199584199575468 0.005779625779613763 0.0038045738045658947 0.005239085239074347 0.003534303534296186 0.004532224532215109 0.004137214137205536 0.00640332640331309 0.011975051975027079 0.03334719334712402 0.03931392931384758 0.7220582120567108
0.04496881496872148 0.03968814968806718 0.011850311850287213 0.006860706860692597 0.0037214137214059847 0.003991683991675693 0.0031808731808665677 0.0031392931392866127 0.00316008316007659 0.004033264033255648 0.005405405405394167 0.00777546777545161 0.011829521829497236 0.014074844074814814 0.005259875259864324 0.007276507276492148 0.0027650727650670166 0.005488565488554077 0.0020374220374178016 0.004449064449055199 0.0038045738045658947 0.007359667359652058 0.010187110187089008 0.032619542619474806 0.037962577962499036 0.7171101871086962
0.03279773156893611 0.027277882797680005 0.008279773156884159 0.00457466918713691 0.002325141776933223 0.002306238185250839 0.001474480151225946 0.0031568998109581157 0.0026654064272161335 0.0049527410207845885 0.004839319470690284 0.010245746691852088 0.013686200378045962 0.05017013232504694 0.008393194706978463 0.016880907372368845 0.005463137996208955 0.029035916824141708 0.005122873345926044 0.015330812854413364 0.00650283553874007 0.017296786389381293 0.01045368620035831 0.030113421550037593 0.18398865784464274 0.502665406426271
0.026483931947019878 0.021304347826046684 0.008487712665390383 0.005500945179573722 0.00457466918713691 0.004555765595454526 0.0037240075614296334 0.006559546313787222 0.0049527410207845885 0.006899810964070133 0.008147448015107472 0.013610586011316426 0.019999999999962194 0.05998109640820419 0.009829867674839642 0.021304347826046684 0.00510396975424366 0.03266540642715942 0.002722117202263285 0.01724007561433414 0.0037429111531120172 0.019924385633232657 0.009754253308110106 0.023289224952696995 0.1814555765592033 0.47818525519758376
0.03931392931384758 0.03810810810802888 0.016860706860671808 0.011060291060268066 0.009334719334699927 0.006964656964642485 0.00708939708938235 0.007193347193332238 0.006943866943852507 0.00777546777545161 0.008752598752580555 0.013970893970864925 0.02436590436585371 0.014656964656934186 0.007962577962561408 0.007422037422021991 0.004823284823274795 0.005155925155914436 0.004054054054045625 0.004948024948014661 0.004636174636164997 0.005259875259864324 0.011642411642387438 0.029875259875197763 0.03367983367976366 0.668149688148299
