0.04235789609046689 0.03784079218100913 0.012988683127551137 0.007764274691345543 0.005754886831266469 0.005176183127563696 0.006140689300401651 0.006510416666656201 0.007699974279823013 0.00991833847735031 0.012168852880638875 0.015592849794213617 0.0188882458847433 0.022344393004079307 0.013631687242776441 0.01294045781890924 0.00842335390945148 0.009628986625498924 0.008214377572003256 0.009757587448543985 0.009259259259244375 0.010770318930023838 0.013840663580224665 0.026170267489669864 0.03192515432093634 0.634291409464001
0.03974532124245973 0.03579008296347709 0.01794327609489687 0.009534375200962225 0.007412052221995929 0.00578815357899899 0.007283426586907062 0.005820309987771207 0.006656376615848838 0.0069940189079571126 0.008521448324637401 0.01091710077816754 0.017187600488749778 0.0149044954659224 0.007524599652698687 0.007428130426382037 0.005209338221099091 0.006865393272868246 0.005000321564079683 0.00664029841146273 0.005032477972851899 0.008875168821131785 0.014084507042230876 0.027831371792353475 0.035983021416110386 0.6750273329463711
0.048693333333307366 0.043573333333310094 0.010453333333327758 0.0038559999999979435 0.0022346666666654747 0.001178666666666038 0.001013333333332793 0.0010826666666660892 0.0012906666666659783 0.0015146666666658588 0.0017706666666657224 0.002042666666665577 0.0025066666666653296 0.0035839999999980887 0.001669333333332443 0.002714666666665219 0.001231999999999343 0.0024906666666653383 0.0012959999999993088 0.0024586666666653553 0.002485333333332008 0.005466666666663751 0.0108106666666609 0.03895466666664589 0.04635199999997528 0.7592746666662618
0.038777219430420805 0.039463986599598884 0.01772194304854653 0.009798994974857958 0.005762144053591688 0.005360134003341105 0.004757118927965231 0.0056448911222686015 0.007185929648229169 0.007420435510875342 0.009179229480721642 0.013149078726946149 0.015192629815719946 0.01403685092124952 0.01016750418758766 0.008525963149064446 0.006013400334998302 0.008140703517574304 0.004773869346725672 0.006415410385248886 0.0066666666666555 0.01072026800668221 0.012981574539341739 0.029380234505813434 0.03624790619759422 0.666515912896706
0.0425702811244638 0.03685943775097441 0.009421686746980384 0.004401606425699276 0.0033574297188728053 0.002626506024094276 0.0027469879518050226 0.004216867469876131 0.004554216867466221 0.006184738955818325 0.01064257028111595 0.019373493975888053 0.03380722891563549 0.0353253012047909 0.01204819277107466 0.006554216867464615 0.0039839357429686875 0.003823293172687692 0.0025622489959818777 0.0031726907630496605 0.0029236947791141175 0.005020080321281108 0.009341365461839887 0.030208835341341198 0.03538152610438925 0.668891566264523
0.03989221556883839 0.03165269461075949 0.014059880239512539 0.008928143712569505 0.007287425149696235 0.006880239520953964 0.006999999999995808 0.008041916167659854 0.009005988023946703 0.010844311377239015 0.012718562874243881 0.01885628742513841 0.01880239520956958 0.02586227544908631 0.014916167664661726 0.01677844311376241 0.01128742514969384 0.012401197604782994 0.008574850299396064 0.01056287425149068 0.009155688622749009 0.01241916167663927 0.015838323353283928 0.02955688622752721 0.0524311377245195 0.5862455089816849
0.024522522522507795 0.020192192192180065 0.01024024024023409 0.007351351351346936 0.006852852852848737 0.006096096096092435 0.006462462462458581 0.01041441441440816 0.011147147147140452 0.016162162162152455 0.018180180180169262 0.030954954954936362 0.036048048048026395 0.04598198198195436 0.021345345345332525 0.02486486486484993 0.01371771771770948 0.018912912912901553 0.010198198198192072 0.015483483483474184 0.011297297297290513 0.01787387387386314 0.015567567567558218 0.025177177177162054 0.05349549549546337 0.5214594594591463
0.04002243050542334 0.03396619402381804 0.015701353841198907 0.011615797484560417 0.009869422414467885 0.00769045902426069 0.007386045021217038 0.007978851237670465 0.007081631018173385 0.008475526716320635 0.008251221661446364 0.010013618521172774 0.010382119682751932 0.02023552030758594 0.007145718176708891 0.006729151646228103 0.00463029720419029 0.006232476167577934 0.004486101097485403 0.006344628695015069 0.007610350076091308 0.011087078426642494 0.015140591204013234 0.030281182408026467 0.03548826403903631 0.6661539693973145
0.045380015432025814 0.033870241769492875 0.012458204732490262 0.008744855967064131 0.006671167695462527 0.005915637860072795 0.005835262345669632 0.005738811728385837 0.005819187242789 0.006606867283939996 0.00861625514401907 0.012908307613147974 0.015383873456765394 0.015046296296272108 0.00929140946500564 0.009902263374469679 0.006124614197521019 0.0078124999999874415 0.006944444444433281 0.007957175925913135 0.007330246913568463 0.009628986625498924 0.012249228395042038 0.02819573045262957 0.03173225308636874 0.6738361625503572
0.04644097222214757 0.036394032921752195 0.012731481481461015 0.006044238683117856 0.004758230452667248 0.004436728395054596 0.004002700617277516 0.003729423868306762 0.004452803497935229 0.00501543209875737 0.005754886831266469 0.006671167695462527 0.007892875514390604 0.009194958847721844 0.005963863168714693 0.006124614197521019 0.004018775720158149 0.005658436213982674 0.004275977366248271 0.005819187242789 0.0060924639917597535 0.009211033950602477 0.012618955761296588 0.03073559670776952 0.03661908436208105 0.7153420781881504
0.042518647119273216 0.03787294238677039 0.012217078189280773 0.007314171810687831 0.0049511316872348395 0.003986625514396883 0.004259902263367638 0.004661779835383453 0.004661779835383453 0.005706661522624571 0.007539223251016687 0.0115901491769361 0.016669881687216 0.016316229423842084 0.00972543724278272 0.009323559670766906 0.005481610082295715 0.006060313785998488 0.004356352880651434 0.005706661522624571 0.0058513374485502645 0.00705697016459771 0.01028806584360486 0.02943351337443828 0.03533307613163044 0.6911168981470371
0.044605654761871574 0.033340773809499 0.01889136904760499 0.012239583333324226 0.008876488095231491 0.007864583333327482 0.006175595238090643 0.005610119047614873 0.006421130952376175 0.0073288690476135945 0.008749999999993489 0.011919642857133988 0.012782738095228584 0.012886904761895173 0.00795386904761313 0.007938988095232188 0.006004464285709818 0.007418154761899242 0.0055952380952339325 0.0066369047618998235 0.0075967261904705385 0.012604166666657288 0.019315476190461818 0.02957589285712085 0.03862351190473317 0.6530431547614188
0.039338666666645684 0.034639999999981526 0.013759999999992662 0.008783999999995315 0.006821333333329695 0.005909333333330181 0.005930666666663503 0.0068693333333296695 0.007621333333329269 0.009407999999994983 0.010714666666660952 0.014437333333325633 0.01809599999999035 0.015685333333324968 0.01113599999999406 0.010111999999994606 0.007242666666662804 0.007407999999996049 0.006570666666663162 0.007050666666662906 0.00665599999999645 0.00827733333332892 0.013157333333326316 0.0276906666666519 0.03487466666664807 0.661807999999647
0.0393278226322579 0.028034089452729664 0.01988017429190715 0.01635588876070685 0.014385492759172136 0.012078687684204666 0.010460720235789983 0.012142765602953763 0.013424323977935691 0.015779187491964983 0.02066512879658358 0.025294758426205793 0.03521081635262846 0.031942842496424546 0.021386005382510915 0.016532103037266866 0.012639369473259261 0.014577726515419425 0.013039856465441112 0.013552479815433883 0.011950531846706474 0.014625784954481249 0.01646802511851777 0.022667563757492844 0.027793797257420552 0.5197840574129825
0.04185956790116728 0.03240740740735531 0.014805169753062621 0.01046489197529182 0.007973251028793767 0.007892875514390604 0.008262602880645153 0.008760931069944765 0.010802469135785104 0.011847350823026223 0.01461226851849503 0.01906507201643026 0.019692001028774928 0.01856674382713065 0.01139724794236851 0.010979295267472062 0.007458847736613524 0.009146733539079946 0.008535879629615908 0.009870113168708413 0.01033629115224676 0.010754243827143206 0.012683256172819117 0.025446887860041397 0.033291538065790105 0.6230870627562001
0.045749235473978134 0.03458103975533053 0.017113149847084334 0.009626911314978821 0.006397553516815659 0.005217125382259806 0.004513761467887147 0.004415902140670082 0.005333333333330071 0.006281345565745394 0.007663608562686444 0.010171253822623749 0.012140672782867193 0.013070336391429314 0.007425076452594847 0.0068134556574881875 0.0046299694189574124 0.005675840978589801 0.0047339449541255445 0.005535168195715269 0.0057675840978558 0.008807339449535897 0.015694189602436886 0.03196330275227403 0.03832415902138329 0.6823547400607447
0.03412266666664847 0.03159999999998315 0.008069333333329029 0.0036053333333314103 0.0024053333333320503 0.0021226666666655345 0.0022879999999987797 0.0034719999999981484 0.004709333333330822 0.007727999999995879 0.01211733333332687 0.02315199999998765 0.03226133333331613 0.03985599999997874 0.015541333333325044 0.014549333333325573 0.006917333333329644 0.013343999999992882 0.0045759999999975595 0.008661333333328714 0.005333333333330489 0.011007999999994128 0.01069333333332763 0.030074666666650627 0.05346666666663815 0.6183253333330035
0.04257370069878291 0.037127480118825405 0.017784561008887808 0.013302273274940473 0.011117358823984068 0.007727528315514937 0.0063458912362336795 0.006876054301539278 0.006811792111805266 0.007341955177110865 0.007823921600115954 0.01042654028434344 0.011551128604688647 0.011856374005925204 0.008402281307722062 0.009109165394796193 0.006747529922071255 0.007341955177110865 0.005944252550396105 0.007165234155342332 0.0069403164912732905 0.010956703349649037 0.01651538276164107 0.030797654430025228 0.038203871796870105 0.6532090930987979
0.030216867469861314 0.025596385542153256 0.00804819277107949 0.005433734939755763 0.0041385542168649765 0.003686746987949586 0.0034759036144557374 0.006759036144574242 0.007969879518067487 0.013102409638546324 0.012692771084329703 0.022831325301191065 0.021313253012035353 0.03613253012046016 0.013259036144570326 0.019168674698783632 0.01010843373493367 0.01678313253011037 0.006975903614453629 0.014650602409629728 0.008885542168669346 0.016530120481917755 0.014343373493967262 0.029506024096367767 0.08343975903609431 0.5649518072285753
0.03504216867467769 0.0291204819276933 0.017066265060230682 0.012759036144570628 0.01003012048192167 0.009337349397584736 0.008650602409633343 0.009463855421681046 0.011168674698788452 0.014512048192762342 0.02021686746986734 0.027373493975887123 0.03368072289154597 0.032572289156606885 0.02257228915661291 0.018096385542157773 0.013102409638546324 0.012054216867462619 0.010114457831319208 0.010246987951801055 0.008554216867464727 0.00965060240963274 0.011650602409631537 0.024572289156611703 0.034909638554195835 0.55348192771051
0.04104761904759605 0.036974789915945674 0.014218487394950017 0.007518207282908953 0.005495798319324652 0.004459383753498902 0.003910364145656073 0.004750700280109384 0.005333333333330345 0.007030812324926033 0.007238095238091183 0.009742296918762048 0.011042016806716503 0.012016806722682344 0.007921568627446543 0.007372549019603713 0.005075630252097997 0.006005602240892994 0.0038935574229670062 0.0054453781512574535 0.006420168067223294 0.009282913165260906 0.014089635854333843 0.03179831932771328 0.038106442577009465 0.6938095238091351
0.010926315789470398 0.009094736842102527 0.005233082706765343 0.004306766917291938 0.0038827067669161253 0.004147368421051384 0.004381954887216728 0.005831578947366667 0.006478195488719856 0.00911879699247846 0.01077593984962082 0.01607518796991998 0.02071879699247497 0.03914586466164236 0.013311278195484718 0.018336842105257642 0.007921804511275813 0.022141353383451988 0.006493233082704814 0.014857142857138388 0.008024060150373527 0.01781353383458111 0.01148270676691384 0.01590676691728845 0.4381654135337028 0.2754285714284886
0.04813333333329768 0.04030370370367385 0.01315555555554581 0.006592592592587709 0.004229629629626496 0.003459259259256697 0.002874074074071945 0.003266666666664247 0.003362962962960472 0.0043555555555523295 0.005096296296292521 0.00651851851851369 0.006859259259254178 0.007822222222216428 0.004933333333329679 0.005814814814810508 0.003140740740738414 0.003955555555552625 0.0027851851851831222 0.003237037037034639 0.0035851851851825293 0.006311111111106436 0.012007407407398514 0.035903703703677105 0.04208148148145031 0.7202148148142813
0.029615615615597828 0.02547147147145617 0.009477477477471786 0.007027027027022807 0.005441441441438173 0.005075075075072027 0.005303303303300118 0.007129129129124848 0.008030030030025207 0.012378378378370945 0.015579579579570223 0.02661261261259663 0.03440840840838774 0.048984984984955564 0.019393393393381746 0.020696696696684266 0.010384384384378147 0.015027027027018003 0.007321321321316924 0.009603603603597835 0.0070570570570528185 0.010762762762756298 0.012336336336328926 0.025027027027011997 0.03253453453451499 0.5893213213209674
0.008790960451972434 0.008355932203385109 0.00446327683615567 0.003988700564969498 0.0035141242937833253 0.0036214689265516263 0.0037457627118622906 0.006062146892651942 0.0067288135593182325 0.009265536723158607 0.010322033898299252 0.01527683615818346 0.01737853107343651 0.04041807909602236 0.010570621468920582 0.018028248587560435 0.007502824858752823 0.024728813559308064 0.006491525423725146 0.016384180790951195 0.0077740112994306365 0.01974576271185325 0.011497175141236443 0.0161977401129852 0.43307344632743894 0.286073446327522
0.04942933333330697 0.041146666666644724 0.009439999999994965 0.004010666666664528 0.002671999999998575 0.0023839999999987287 0.0022506666666654664 0.0024693333333320163 0.0029599999999984214 0.0037333333333313423 0.0044266666666643055 0.00566399999999698 0.006463999999996552 0.007471999999996015 0.004837333333330754 0.004991999999997338 0.00305599999999837 0.003829333333331291 0.003098666666665014 0.003882666666664596 0.003829333333331291 0.005690666666663632 0.009258666666661728 0.03693866666664697 0.04585066666664221 0.7302133333329439
0.017376171352051707 0.01696117804549269 0.008915662650590473 0.007925033467191533 0.006157965194101529 0.0053012048192700115 0.005140562248989102 0.006693440428371227 0.006104417670674559 0.008661311914312367 0.011606425702795707 0.015689424364102155 0.019049531459144512 0.032302543507319544 0.010361445783118659 0.013828647925014955 0.006117804551531302 0.020642570281096864 0.006706827309227969 0.018460508701447845 0.009076305220871383 0.023038821954453764 0.016224899598371853 0.028500669344004685 0.2547121820612387 0.42444444444387625
0.041698816872360954 0.03473829732504704 0.010689943415620675 0.005963863168714693 0.005963863168714693 0.004806455761309146 0.005336934156370022 0.005722736625505204 0.007362397119329729 0.009837962962947148 0.013358410493805687 0.01803626543206977 0.022537294238646897 0.021508487654286413 0.014660493827136927 0.014564043209853132 0.00953253600821513 0.010995370370352696 0.00818222736624199 0.008760931069944765 0.008198302469122624 0.009243184156363743 0.01083461934154637 0.02658822016456631 0.029899691357976627 0.6409786522623441
0.040718235596642366 0.034095293209821735 0.014821244855943253 0.009998713991753474 0.007153420781881505 0.007201646090523403 0.006076388888879121 0.005835262345669632 0.007233796296284668 0.00718557098764277 0.009018132716034886 0.009484310699573232 0.010706018518501309 0.01041666666664992 0.0061728395061629165 0.007089120370358974 0.004565329218099657 0.006719393004104425 0.004420653292173964 0.005738811728385837 0.005867412551430897 0.009034207818915518 0.012715406378580383 0.03054269547320193 0.037985468106934824 0.6892039609042419
0.03556113902841614 0.03475711892791498 0.010318257956431627 0.006716917922936823 0.0055611390284663964 0.004656616415402585 0.004589614740360821 0.005577889447226838 0.006197654941363153 0.011189279731974557 0.015946398659939787 0.025912897822402154 0.03015075376879372 0.047520938023370984 0.019128978224423568 0.017604690117223442 0.010921273031807502 0.00983249581237884 0.005293132328299342 0.0066666666666555 0.006197654941363153 0.007671691792281957 0.010787269681723975 0.022713567839157935 0.02932998324953211 0.6091959798984771
0.04777108433732062 0.04007228915660237 0.013596385542160484 0.0064457831325262374 0.004108433734937284 0.0032771084337329657 0.002825301204817575 0.00272289156626342 0.002933734939757269 0.0032891566265040428 0.004072289156624053 0.005638554216864073 0.008590361445777957 0.007746987951802562 0.005036144578310219 0.004590361445780367 0.002933734939757269 0.004162650602407131 0.003192771084335426 0.004066265060238514 0.00437349397590098 0.007277108433730556 0.01257831325300447 0.034795180722870606 0.042096385542143316 0.7218072289152279
0.047854889589880205 0.042260778128263794 0.009395373291267405 0.003832807570975903 0.0021398527865393586 0.0017034700315448456 0.0016614090431116397 0.0016719242902199412 0.0017455310199780518 0.002281808622501429 0.002954784437432726 0.004327024185066074 0.007386961093581815 0.0068559411146125885 0.004290220820187019 0.004516298633015501 0.0026498422712919823 0.00415878023133325 0.0033123028391149776 0.004121976866454194 0.004221871713983059 0.00714511041009088 0.010904311251308673 0.03598843322816194 0.03835962145108393 0.7442586750784731
0.04612426035500229 0.04072189349110016 0.011597633136087812 0.005508875739641711 0.0031656804733709077 0.002627218934909688 0.002337278106507493 0.0027100591715960294 0.002615384615383068 0.002828402366862232 0.0038579881656781905 0.004520710059168923 0.005053254437866832 0.004994082840233731 0.003023668639051465 0.0031893491124241483 0.0023846153846139736 0.00328402366863711 0.0025443786982233467 0.0031775147928975282 0.003721893491122058 0.006118343195262652 0.012088757396442551 0.035745562130156366 0.06349704142008077 0.7225621301770873
0.04415629322265273 0.0406708160442319 0.015207468879657533 0.00909405255877656 0.005809128630701377 0.004612724757949784 0.004349930843703769 0.003561549100965725 0.003520055325032144 0.0040525587828464365 0.004571230982016203 0.006210235131392662 0.007939142461958548 0.006701244813273374 0.004253112033192079 0.00470262793913921 0.0032157676348525477 0.004218533886580762 0.0033540802212978188 0.0039349930843679565 0.004218533886580762 0.006127247579525499 0.01006915629321572 0.03941217150757994 0.03921161825723429 0.7168257261405832
0.04975517890762758 0.03937853107337217 0.014802259886977774 0.007664783427480857 0.004350282485867513 0.003145009416189934 0.0026741996233471295 0.0030885122410487975 0.002862523540484251 0.003935969868165846 0.005141242937843425 0.008926553672299574 0.010244821092259425 0.01052730696796511 0.007401129943488887 0.007457627118630023 0.004369114877581226 0.004952919020706303 0.0034839924670367534 0.0034839924670367534 0.0035216572504641777 0.00561205273068623 0.010207156308832002 0.03291902071556889 0.037683615819138074 0.712410546138018
0.04395795795793156 0.036486486486464575 0.013327327327319323 0.006606606606602639 0.004522522522519806 0.0037897897897875136 0.004030030030027609 0.004450450450447777 0.005231231231228089 0.005819819819816325 0.008522522522517404 0.010714714714708279 0.012150150150142853 0.012600600600593032 0.00781381381380912 0.007453453453448977 0.005141141141138054 0.005879879879876348 0.004366366366363744 0.005627627627624247 0.006426426426422566 0.009477477477471786 0.014684684684675865 0.03138138138136253 0.039795795795771895 0.6897417417413275
0.03884420772302561 0.03125965379493176 0.015621837549929261 0.010940079893472452 0.008644474034618203 0.007768308921436014 0.008093209054591719 0.008830892143805905 0.010239680426095809 0.012370173102526666 0.016274300932086212 0.024521970705719168 0.03350732356856631 0.02560319573900783 0.016444740346200682 0.013597869507319947 0.010202396804258268 0.010439414114511202 0.009464713715044084 0.010396804260982584 0.01075898801597583 0.012596537949397444 0.016569906790940992 0.025366178428754896 0.032245006657781024 0.5793981358187538
0.03813014403286052 0.03531700102874981 0.014338991769524275 0.01052919238681435 0.007137345679000872 0.007282021604926566 0.007635673868300483 0.008375128600809582 0.009500385802453864 0.01028806584360486 0.012442129629609628 0.01596257716046817 0.02092978395058364 0.021347736625480087 0.013631687242776441 0.010866769547307635 0.007474922839494157 0.007667824074061748 0.006301440329207977 0.006558641975298099 0.006928369341552648 0.008326903292167684 0.011252572016442816 0.029610339506125242 0.03687628600817117 0.6352880658426001
0.029399399399381743 0.021339339339326524 0.014954954954945972 0.01429429429428571 0.014612612612603836 0.014654654654645853 0.014486486486477787 0.0165285285285186 0.018048048048037207 0.02193393393392076 0.026504504504488584 0.03690690690688474 0.04597597597594836 0.041819819819794705 0.025507507507492186 0.02245645645644297 0.017411411411400953 0.018534534534523403 0.014444444444435768 0.01635435435434453 0.014360360360351735 0.01564564564563625 0.014510510510501796 0.019513513513501793 0.03362162162160143 0.4561801801799062
0.03261861861859903 0.028480480480463376 0.013867867867859538 0.008948948948943575 0.006162162162158461 0.006144144144140454 0.007273273273268905 0.00943543543542977 0.012120120120112841 0.015129129129120043 0.019867867867855934 0.03553753753751619 0.05723723723720286 0.04311111111108522 0.022030030030016797 0.016480480480470582 0.010888888888882349 0.011279279279272504 0.008726726726721486 0.008714714714709481 0.008018018018013202 0.010804804804798316 0.013447447447439372 0.024348348348333725 0.032414414414394944 0.5369129129125905
0.035243243243222075 0.02624624624623048 0.014402402402393752 0.009933933933927967 0.007303303303298917 0.008390390390385352 0.008372372372367345 0.011303303303296515 0.013741741741733489 0.017837837837827126 0.022750750750737087 0.03125525525523648 0.03864864864862544 0.039747747747723876 0.02511711711710203 0.02048048048046818 0.014612612612603836 0.013651651651643452 0.010198198198192072 0.009477477477471786 0.008402402402397357 0.010600600600594234 0.012678678678671064 0.023867867867853533 0.03528528528526409 0.5304504504501318
0.005202072538857409 0.004720207253883565 0.0030207253885994713 0.0027046632124338318 0.0024196891191697305 0.0026632124352317806 0.0027927461139881904 0.004735751295334334 0.0058031088082871485 0.008844559585487645 0.010834196891186096 0.016020725388592734 0.020290155440403995 0.050751295336761267 0.011735751295330707 0.021108808290144502 0.007502590673571242 0.030347150259051634 0.005979274611395866 0.01840414507771067 0.006974093264245091 0.02161658031086963 0.010067357512948152 0.014191709844552232 0.5149119170981789 0.19635751295326614
0.021958823529398847 0.016876470588225365 0.009952941176464733 0.007458823529407377 0.0058235294117612805 0.006305882352937467 0.007788235294113066 0.010029411764699982 0.014294117647050415 0.023005882352927644 0.03929999999997688 0.07758823529407201 0.09874705882347133 0.09197647058818119 0.04687058823526655 0.0286823529411596 0.014388235294109184 0.010441176470582094 0.006547058823525561 0.00685882352940773 0.006952941176466498 0.008570588235289077 0.009052941176465263 0.015029411764697041 0.01993529411763533 0.3955647058821202
0.03500624219723158 0.02795880149810989 0.01742197253432121 0.012740324594249225 0.010486891385761244 0.009937578027459464 0.009999999999993757 0.009900124843938889 0.01089263420723415 0.01187890137327598 0.014275905118592837 0.02096754057426906 0.028970037453165436 0.025873907615464497 0.01694756554306058 0.013058676654174121 0.009856429463164883 0.00933208489387682 0.007515605493128892 0.008146067415725253 0.008121098626711535 0.010149812734076061 0.013096129837694696 0.026429463171019706 0.034600499375758674 0.5964357053679173
0.008969404186781047 0.009114331723012698 0.006489533011261692 0.00484702093396965 0.0041545893719739865 0.004041867954904924 0.0035104669887222055 0.006666666666655931 0.007745571658602664 0.012318840579690307 0.015829307568412512 0.027198067632806446 0.030692431561947356 0.07214170692419945 0.017520128824448436 0.03157809983891855 0.013526570048287397 0.046199677938733974 0.012286634460527718 0.03123993558771137 0.013800322061169403 0.033510466988673895 0.017938808373562095 0.01962962962959802 0.23636070853424096 0.31268921094957697
0.045711711711684255 0.03790390390388114 0.012084084084076826 0.00578378378378031 0.004138138138135653 0.0038918918918895546 0.004012012012009602 0.004300300300297717 0.004198198198195677 0.005351351351348137 0.0061741741741704655 0.009207207207201678 0.010024024024018004 0.011123123123116443 0.0068708708708667444 0.0060900900900864325 0.003687687687685473 0.004618618618615845 0.003489489489487394 0.004240240240237694 0.004810810810807921 0.008138138138133251 0.014054054054045613 0.03388588588586553 0.042558558558533 0.703651651651229
0.032103448275846255 0.02752216748767117 0.008842364532015349 0.006433497536942644 0.0049901477832487735 0.0048522167487660825 0.005098522167485173 0.007108374384232952 0.008325123152705258 0.01178325123152129 0.01747783251230666 0.027423645320183536 0.03248768472904803 0.038645320197025296 0.024275862068953557 0.021068965517231 0.011773399014772526 0.013517241379303687 0.007556650246301696 0.009068965517236911 0.006955665024627115 0.010502463054182018 0.011231527093590526 0.02708866995072557 0.05587684729061287 0.5679901477829714
0.033945277457333806 0.032807894399537345 0.02058503139814721 0.012254901960764682 0.008169934640509788 0.006984493143651505 0.006776239907716941 0.008634499551440737 0.01060489555297545 0.012959759067004742 0.017188901704445102 0.022411252082496457 0.02989234909645346 0.025422914263703987 0.01440151223885941 0.012799564270132001 0.009691785210800826 0.008890811226437123 0.005702934768669577 0.007705369729578839 0.007977700884262499 0.012415096757637422 0.017861719851310614 0.026896706394933204 0.0354350890682503 0.591583365371345
0.04137614678895919 0.03850917431189716 0.01289755351680971 0.00733180428133996 0.004984709480118513 0.004434250764522604 0.003967889908253847 0.004220183486235305 0.004831804281341872 0.005596330275225079 0.006452599388374272 0.008463302752287108 0.00917431192659849 0.010474006116199943 0.008096330275223168 0.00836391437308229 0.005221712538222308 0.006498470948007264 0.0059174311926560265 0.006475535168190768 0.006452599388374272 0.008119266055039664 0.013119266055035841 0.03138379204890567 0.03510703363911689 0.7025305810392183
0.0414331723026708 0.03974235104663487 0.014895330112697431 0.008711755233480336 0.00602254428340415 0.004911433172294828 0.004975845410620006 0.006135265700473212 0.007922705313996904 0.00787439613525302 0.00834138486311056 0.012190016103039951 0.013929146537819759 0.013526570048287397 0.007906602254415609 0.008293075684366678 0.005152979066014246 0.005813204508847322 0.004380032206112109 0.005974235104660267 0.006392914653773924 0.00855072463766739 0.011545893719788172 0.028969404186748843 0.03634460547498173 0.6800644122372301
0.04107188786001628 0.03425604423862806 0.01642875514400651 0.013358410493805687 0.010239840534962963 0.008680555555541602 0.008021476337435666 0.00898598251027362 0.008712705761302867 0.01052919238681435 0.012490354938251527 0.016589506172812837 0.021154835390912494 0.018743569958817607 0.012088477366235712 0.011011445473233327 0.007201646090523403 0.008503729423854642 0.007314171810687831 0.009066358024676783 0.009580761316857027 0.011815200617264958 0.014338991769524275 0.027022247942343394 0.03293788580241619 0.6198559670771928
0.04463255098107504 0.03855649608817725 0.012681159420269525 0.007214313197372043 0.004937796588423532 0.0044087469539495815 0.004969860202634074 0.004601128639212837 0.004296524304212683 0.005595100679739651 0.007374631268424755 0.011094010516847675 0.01356290881105944 0.013627036039480525 0.008753366679478078 0.008977811978951877 0.004889701167107718 0.0054508144157922106 0.0036231884057912928 0.005498909837108024 0.004905732974212989 0.006829549826845534 0.01074131076053171 0.030348210850278393 0.03510965756054394 0.6973194818508764
0.030947603121493163 0.02886659234483176 0.008985507246370133 0.005440356744700527 0.004578223708655089 0.004228911185429782 0.00456335934596465 0.004793756967666448 0.005826830174651931 0.006778149386840002 0.009565217391297239 0.0140170940170836 0.018721664808607416 0.02153102935710031 0.011869193608315221 0.011646228167958643 0.006889632107018291 0.009498327759190265 0.005707915273128422 0.007595689334814124 0.005849126718687589 0.009201040505381492 0.010003716090665178 0.02726124117426439 0.05956150130058747 0.6660720921585537
0.042911999999977114 0.036047999999980776 0.014634666666658861 0.009002666666661866 0.007173333333329508 0.0056586666666636485 0.0051519999999972525 0.004741333333330804 0.005375999999997133 0.006714666666663085 0.008437333333328833 0.009370666666661668 0.01003733333332798 0.010394666666661122 0.007413333333329379 0.007717333333329217 0.005605333333330344 0.006143999999996723 0.0046613333333308474 0.005445333333330429 0.006650666666663119 0.009679999999994837 0.014469333333325616 0.03204266666664958 0.03833599999997955 0.6861813333329674
0.03688543465743415 0.035647668393761864 0.009050086355780628 0.004795624640181465 0.004490500863555273 0.0047322970639005575 0.0052849740932612065 0.0063845710995933305 0.0075647668393738834 0.009493379389746981 0.010829015544035217 0.014553828439830423 0.014991364421407605 0.016067933218183034 0.010788716177311003 0.010794473229700176 0.007685664939546525 0.008606793321814273 0.005590097869887398 0.0071963154864667835 0.006223373632696475 0.009383995394352687 0.011951640759924035 0.031427748992497735 0.0390846286700984 0.6704951065050831
0.03271257485027981 0.03057485029938289 0.015041916167655664 0.010544910179634404 0.008341317365264465 0.008035928143707762 0.007916167664665918 0.009005988023946703 0.009341317365263868 0.01238922155687881 0.01748502994010929 0.0320299401197413 0.05147305389218475 0.0480419161676359 0.022215568862262145 0.01592215568861322 0.009263473053886669 0.010287425149694438 0.006820359281433042 0.008443113772450035 0.007317365269456696 0.010682634730532525 0.012790419161668988 0.02842514970058178 0.03649101796405001 0.5384071856284202
0.04619630622094287 0.037836363344558276 0.01452158983325922 0.007862518252261898 0.0048779705075257486 0.003883121259280366 0.004155902504767003 0.004829832640675166 0.005118659841778664 0.004476821617104223 0.005824681888920549 0.00710835833826943 0.008247621187066562 0.012804672582255091 0.00741323149498979 0.00900178110105903 0.00600118740070602 0.008327850965150867 0.005888865711387993 0.007076266427035708 0.007429277450606651 0.009611527414499749 0.01359092440748128 0.02873830650979808 0.03791659312264258 0.6912597679743726
0.03403200360598533 0.029476158279356263 0.012991403457913983 0.009304871373821912 0.00903119868635656 0.006729128432971555 0.005570044109588895 0.009256576193680968 0.008741427605510896 0.011252776972839993 0.014633439582706086 0.023696835055823276 0.03184262210626253 0.034965710422043585 0.018175086126375327 0.019157088122574523 0.012202582182278562 0.011429859300023456 0.007147686660859738 0.007856015969593587 0.006938407546915647 0.010125889436217962 0.013474355259323426 0.02548375672103821 0.03201970443344599 0.5944653723548818
0.03255999999998264 0.029482666666650944 0.013893333333325923 0.009973333333328014 0.008485333333328808 0.007679999999995904 0.007663999999995913 0.0090613333333285 0.009754666666661464 0.013482666666659477 0.01810133333332368 0.030362666666650474 0.04030933333331183 0.04167999999997777 0.022730666666654544 0.017285333333324115 0.01102399999999412 0.010298666666661174 0.007994666666662403 0.008261333333328928 0.008879999999995263 0.01132799999999396 0.014655999999992184 0.02497066666665335 0.03394666666664856 0.5561333333330367
0.03987499999997626 0.0363095238095022 0.013505952380944342 0.008059523809519012 0.005702380952377558 0.005553571428568123 0.005654761904758538 0.006178571428567751 0.006601190476186547 0.00654761904761515 0.008244047619042712 0.010714285714279338 0.012148809523802291 0.010464285714279485 0.007791666666662029 0.006583333333329415 0.005339285714282536 0.005922619047615522 0.005666666666663294 0.006285714285710544 0.006035714285710693 0.009226190476184984 0.014220238095229631 0.030565476190457998 0.03754166666664432 0.6892619047614945
0.04736936936934092 0.03971771771769386 0.013951951951943571 0.0066846846846806696 0.0038018018017995183 0.0027807807807791107 0.002336336336334933 0.0023903903903889547 0.002786786786785113 0.003117117117115245 0.0037117117117094825 0.004762762762759902 0.006216216216212483 0.007393393393388953 0.005285285285282111 0.005693693693690274 0.004294294294291715 0.0051891891891860725 0.004198198198195677 0.005561561561558221 0.0068888888888847515 0.011147147147140452 0.016042042042032408 0.03242642642640695 0.042774774774749086 0.7134774774770489
0.031778435028560766 0.02909406545356347 0.015993698964804227 0.00980518227993023 0.008342441972596376 0.007988812447746433 0.007570886645651046 0.010335626567205144 0.012055551983520775 0.013309329389806935 0.015495402816152035 0.02504339998710049 0.03525043399981474 0.03065325017676549 0.015607921301331562 0.013662958914656877 0.010544589468252838 0.009869478557175675 0.00761910885358513 0.00826207162603957 0.007377997813914714 0.008503182665709987 0.012200218607323024 0.025814955314045818 0.03713110010924399 0.5906898990538952
0.04335417668744051 0.0362353695686448 0.013099246432558763 0.007102773769429048 0.005323071989730122 0.004617604617597214 0.0054192720859300636 0.006493506493496082 0.006990540323862449 0.00848164181496155 0.009555876222527567 0.0152477152476908 0.019015552348855193 0.018903318903288596 0.012233445566759286 0.01146384479715975 0.006782106782095908 0.007712041045362014 0.00586820586819646 0.006894340227662507 0.006942440275762478 0.009587942921260882 0.013932980599624927 0.02858746192074942 0.03419913419907936 0.655956389288671
0.036842105263137484 0.033878116343471536 0.015108033240988859 0.010060941828249273 0.0071966759002730215 0.006083102493071422 0.005955678670356812 0.0060055401662016585 0.006221606648195999 0.007013850415508579 0.008742382271463301 0.011540166204979756 0.014930747922429401 0.013567867036003564 0.007684210526311532 0.0072077562326829875 0.005174515235454197 0.005457063711908334 0.004332409972296769 0.005518005540163148 0.005279778393348876 0.00796675900276567 0.013108033240989967 0.030498614958431855 0.036858725761752434 0.6877673130190095
0.04248979591834257 0.03946938775507903 0.011632653061217706 0.005836734693874148 0.0033469387755082525 0.002664723032068417 0.0024198250728848865 0.0028046647230304347 0.0029912536443131247 0.0032244897959164873 0.0040174927113679195 0.006909620991249615 0.009352769679294838 0.009335276967924586 0.004594752186586242 0.005131195335273976 0.0031020408163247217 0.004495626822154813 0.0029037900874618635 0.003924198250726575 0.0046938775510176715 0.007300291545185247 0.013212827988330489 0.03334693877549076 0.040408163265282564 0.7303906705535099
0.036965333333313616 0.031029333333316783 0.012245333333326803 0.007583999999995955 0.005738666666663606 0.005439999999997099 0.005493333333330404 0.005983999999996809 0.006687999999996433 0.008575999999995426 0.010847999999994215 0.017498666666657333 0.02388266666665393 0.01909866666665648 0.011269333333327324 0.008938666666661899 0.006175999999996706 0.007349333333329414 0.005541333333330378 0.0062986666666633075 0.006586666666663154 0.008474666666662146 0.012490666666660004 0.02947199999998428 0.03804799999997971 0.6622826666663134
0.005365269461074631 0.005071856287422113 0.0036946107784409012 0.0032694610778423536 0.003065868263471218 0.0036167664670637024 0.0035149700598781346 0.005269461077841156 0.005880239520954563 0.00934730538921596 0.011568862275442173 0.01985029940118572 0.02521556886226035 0.0552814371257154 0.01317365269460289 0.024371257485015348 0.009281437125742946 0.033419161676626695 0.008077844311372408 0.02182634730537615 0.00907784431137181 0.024425149700584178 0.013508982035920054 0.01667664670657684 0.4477185628739834 0.2184311377244201
0.043018018017948814 0.03899613899607626 0.012757400257379734 0.007094594594583181 0.004279279279272395 0.0035392535392478456 0.002944015444010708 0.0034588159588103944 0.0032175032174980413 0.003587516087510316 0.0033783783783729432 0.00548584298583416 0.006032818532808827 0.009202059202044399 0.002734877734873335 0.005148005147996866 0.0026866151866108646 0.00461711711710969 0.0021396396396361973 0.0032657657657605118 0.0030244530244481586 0.006435006434996083 0.0116634491634304 0.034089446589391746 0.040299227799162965 0.7369047619035763
0.03946778711482383 0.030616246498582286 0.012380952380945444 0.009563025210078676 0.007703081232488682 0.007366946778707357 0.007658263305317838 0.008554621848734702 0.009568627450975031 0.012005602240889634 0.0139943977590958 0.01756862745097055 0.019613445378140273 0.01945658263304232 0.012246498599432915 0.010957983193271173 0.00753501400559802 0.008873949579826962 0.006296918767503475 0.007932773109239254 0.007350140056018291 0.009708683473383916 0.013361344537807641 0.031507002801102794 0.06087955182069418 0.6078319327727687
0.04435435435432771 0.035543543543522196 0.014234234234225686 0.008696696696691474 0.0065105105105066 0.0053093093093061206 0.004420420420417765 0.004636636636633852 0.0050210210210180056 0.006186186186182471 0.007873873873869145 0.011345345345338532 0.013849849849841531 0.013303303303295313 0.008492492492487392 0.008558558558553418 0.0065825825825786295 0.006942942942938773 0.006048048048044416 0.006672672672668665 0.0070090090090048 0.009519519519513802 0.013939939939931567 0.03169969969968066 0.03898498498496157 0.6742642642638593
0.03591177983533322 0.02819573045262957 0.0188882458847433 0.015287422839481597 0.013052983539073667 0.0115901491769361 0.011541923868294203 0.01200810185183255 0.013149434156357463 0.016637731481454737 0.01822916666663736 0.02131558641971882 0.02631494341559556 0.030655221193366358 0.022199717078153613 0.021444187242763882 0.014837319958823885 0.013117283950596198 0.009982638888872842 0.010127314814798534 0.0079893261316744 0.010239840534962963 0.014274691358001744 0.024546682098725972 0.031491126543159255 0.5469714506164047
0.049111111111081615 0.041951951951926754 0.011129129129122445 0.0047807807807779094 0.002396396396394957 0.001837837837836734 0.0015555555555546213 0.0016096096096086428 0.001549549549548619 0.00235435435435294 0.002708708708707082 0.004210210210207682 0.005669669669666265 0.007867867867863143 0.0030630630630612233 0.004174174174171667 0.002666666666665065 0.0031111111111092426 0.0021921921921908756 0.0030870870870852328 0.003597597597595437 0.006018018018014403 0.010972972972966382 0.03596996996994837 0.04384984984982351 0.7425645645641186
0.033852407754825606 0.028305190744197434 0.014978111319565368 0.011713570981856339 0.010318949343333134 0.010087554721694755 0.009312070043771537 0.009424640400244263 0.011094434021256351 0.013358348968096711 0.015972482801741104 0.019443402126316796 0.021338336460274335 0.020075046904302642 0.014127579737327 0.01247029393370077 0.010343964978104851 0.010450281425884646 0.009449656035015979 0.009036898061282654 0.009268292682921033 0.012070043777353302 0.01525328330205425 0.025797373358332834 0.03220137585989231 0.6102564102560286
0.03200088829665556 0.02760381967574106 0.012336220297565694 0.009304907839207966 0.0074283810792722315 0.006884299355977255 0.0062069731290182025 0.007383966244717539 0.007594936708852326 0.008605374194971569 0.008283366644450051 0.012669331556725883 0.014268265600694795 0.035387519431450826 0.008627581612248915 0.015078836331317923 0.006595602931371757 0.014046191427921335 0.0051188096824282495 0.006995336442363984 0.005984898956244742 0.01135909393736247 0.011125916055950338 0.02775927159668248 0.08074616922043 0.6106040417492665
