0.025610766045495628 0.02461697722562191 0.008778467908884516 0.004968944099368594 0.0032919254658316938 0.0029192546583790492 0.0037060041407790765 0.005527950310547561 0.005362318840568608 0.006252587991705481 0.006397515527937065 0.009979296066231927 0.013850931676989956 0.04414078674939101 0.007163561076589723 0.019130434782569088 0.006935817805368663 0.030020703933685257 0.00652173913042128 0.017991718426463785 0.007018633540358139 0.021801242235979706 0.013561076604526788 0.026169772256674596 0.1902898550720698 0.4879917184254907
0.026151288445541914 0.02352867830422962 0.007830423940146372 0.005423940149623681 0.004725685785534195 0.005644222776390007 0.00637988362427 0.009334995843720143 0.010178719866994939 0.013628428927675134 0.01517871986699286 0.024850374064827575 0.029114713216945504 0.03457605985035969 0.01855361596009204 0.019289276807972034 0.011870324189521251 0.016753948462170924 0.010843724023270638 0.01724854530340098 0.014559434746461115 0.025656691604311863 0.028067331670811276 0.035698254364074936 0.11004156275972152 0.4748711554445242
0.02559006211174826 0.025755693581727215 0.007639751552779214 0.00629399585920022 0.0036645962732843383 0.004120082815726459 0.002774327122147465 0.0045755693581685805 0.004409937888189628 0.007619047619031844 0.01136645962730566 0.020621118012379668 0.03865424430633819 0.06445134575556014 0.018985507246337505 0.02708074534155884 0.009917184264989819 0.03142857142850636 0.007805383022758167 0.02461697722562191 0.007867494824000273 0.0292546583850326 0.012443064182168855 0.028530020703874677 0.05623188405785459 0.5183022774316391
0.047203656998724086 0.042317150063038364 0.009918032786882119 0.004000630517022699 0.0024716267339210366 0.0017969735182844272 0.001532156368221459 0.001715006305169699 0.0018757881462793582 0.0022225725094570546 0.0031778058007556186 0.00412358133669479 0.005138713745269502 0.005665195460275642 0.0031084489281200793 0.0031368221941982543 0.0018474148802011831 0.0023108448928113776 0.0015952080706174037 0.0022320302648164464 0.0023802017654469165 0.0044262295081953255 0.009498738965949086 0.039344262295069564 0.045009457755345206 0.7519514501889181
0.03211210181371731 0.020090306355719317 0.014403292181056238 0.01357453132143197 0.010469059594564026 0.01145023624446402 0.010583371437270821 0.01203132144489023 0.01154549611338635 0.014269928364564977 0.014555707971331966 0.02110006096629601 0.027711095869505684 0.039828151196426013 0.014231824416996044 0.017975537265643597 0.01215515927448926 0.010850099070253343 0.010211857948473735 0.010221383935365968 0.013326855662233914 0.016803840877898945 0.020909541228451352 0.024100746837349394 0.038237311385423106 0.5572511812218438
0.026894409937832518 0.02244306418214815 0.010662525879895109 0.0075983436852844755 0.004658385093158057 0.004140786749473829 0.0035610766045474926 0.00795031055898975 0.007391304347810784 0.011180124223579337 0.010186335403705619 0.01399585921322154 0.015859213250484762 0.06196687370587584 0.012401656314674117 0.021159420289811263 0.008530020703916086 0.03743271221524341 0.0072256728778318305 0.018881987577600658 0.007826086956505536 0.019585921325011208 0.014658385093137353 0.03312629399579063 0.050724637681054396 0.5599585921313458
0.035341614906759126 0.0312008281572853 0.009917184264989819 0.004327122153200151 0.002608695652168512 0.0021325051759790215 0.001904761904757961 0.0038509316770106604 0.004037267080736983 0.005900621118000206 0.0063354037266949575 0.008757763975137148 0.009337474120063484 0.04055900621109615 0.006604554865410756 0.015776397515495286 0.004720496894400164 0.024989648033074557 0.0055693581780423 0.017267080745305866 0.007039337474105509 0.02372670807448504 0.017743271221495355 0.03198757763968533 0.04828157349886484 0.6300828157336851
0.04495713657678369 0.0311675703399737 0.014194387456036217 0.012145552461898069 0.01136979777256637 0.009919951641265213 0.008788833528721353 0.008815394196951128 0.009551765826493851 0.011077630422038846 0.013475417643609553 0.01746226553340989 0.02107451641265927 0.01932151230949413 0.013968163833527444 0.012245383939037567 0.010529931125438662 0.010714939917935713 0.01019746483001079 0.011120677022273309 0.011730656506446759 0.012941456623679942 0.01458730216881461 0.029462192262599884 0.0436437573270769 0.5855363423211657
0.018136645962695368 0.014844720496863676 0.002028985507242176 0.0011180124223579336 0.0009730848861263497 0.0006625258799158126 0.000869565217389504 0.0026708074534106192 0.0017598343685263772 0.0022981366459579747 0.002587991718421143 0.0046997929606527955 0.00579710144926336 0.04685300207029637 0.004057971014484352 0.017287784679053234 0.0022981366459579747 0.03049689440987475 0.0024223602484421897 0.017287784679053234 0.0030020703933685256 0.02277432712210606 0.006873706004126555 0.017929606625221677 0.45494824016468954 0.31532091097243203
0.05115830804924106 0.036044975905751904 0.01584508299124903 0.012550419418164357 0.009266464394071295 0.007553096555414045 0.00641442084597308 0.0056219882205941025 0.005818311618773579 0.005557736926644455 0.006182402284488245 0.0067856505443488185 0.007510262359447613 0.007613778333033156 0.005454220953058913 0.005718365161518572 0.004247724433337766 0.0049402106014617385 0.00471890058896851 0.005978939853647696 0.006953417811884007 0.009955381045864731 0.014153132250574994 0.03520613956807596 0.04780653221486782 0.6709441370691877
0.036390597539535066 0.0324758347978839 0.009984622144110285 0.005815026362037387 0.004338752196835602 0.0037456063268884567 0.0036028119507900695 0.004376098418276719 0.0051296133567651295 0.006775043936729619 0.00774824253075401 0.01253734622143837 0.014518892794372908 0.01833699472758824 0.009141036906852121 0.009209138840068276 0.00632029876977014 0.0075724956063252255 0.00500878734622034 0.007460456942001876 0.006518014059752522 0.01024165202108738 0.014967047451666307 0.03567003514937705 0.05749560632687665 0.6646199472757767
0.041256804733718046 0.03042603550295138 0.016021301775144138 0.013555029585795608 0.011207100591713324 0.010030769230766857 0.009121893491122102 0.009299408284021468 0.009749112426033196 0.01099171597632876 0.01410414201183098 0.018158579881652506 0.02002603550295384 0.019382248520705473 0.014577514792895959 0.012986982248517636 0.01057041420118093 0.010646153846151326 0.009886390532542038 0.01047810650887326 0.010996449704139408 0.012700591715973325 0.01451124260354686 0.028956213017744627 0.03996449704141066 0.5903952662720496
0.024575569358127172 0.02302277432707449 0.006977225672863401 0.00532091097307387 0.003643892339536969 0.004886128364379118 0.003457556935810647 0.00652173913042128 0.004679089026905427 0.007867494824000273 0.0067080745341476025 0.010724637681137216 0.011076604554842492 0.05118012422349652 0.0074741200828002605 0.02293995859208501 0.004844720496884379 0.03132505175976951 0.005734989648021252 0.018385093167663798 0.0072463768115792 0.024968944099327185 0.010248447204947726 0.025776397515474583 0.21737060041362863 0.4530434782599316
0.05022518145772176 0.032693074775239125 0.01866738942925302 0.016168403683359044 0.01194092438607592 0.008199264282230575 0.006296898598453169 0.005688346135094268 0.005952563591174463 0.0065764577132735045 0.008149830048512345 0.01232105659708162 0.016124083335887527 0.012580160166915103 0.007979367173621896 0.006745215959415049 0.005214459342898821 0.005577545266415476 0.0051684343666784 0.006671916923212156 0.008154943934759058 0.012372195459548756 0.019108888275219282 0.03453577845280487 0.048423388870129716 0.6284642317748546
0.03720496894402235 0.022857142857095534 0.015610766045516334 0.012111801242210948 0.009296066252568746 0.008737060041389778 0.008509316770168718 0.011511387163537244 0.009503105590042436 0.014057971014463648 0.013954451345726803 0.018302277432674322 0.019710144927495423 0.061697722567160045 0.01881987577635855 0.026521739130379873 0.015983436852968977 0.03706004140779077 0.01625258799168478 0.023209109730800807 0.014078674948211018 0.024202898550674527 0.017329192546547974 0.027225672877790423 0.04538302277423316 0.47086956521641643
0.013634888045848647 0.011015940537469597 0.0037699375432767527 0.001701393145819249 0.0010655156694369455 0.0008941352498009818 0.0007821120284016554 0.0008751409463652579 0.0009338506115302228 0.0012276147817122712 0.0017608582662344983 0.0044356015409559866 0.010242246438999684 0.009923012634665187 0.004417146848413323 0.004758396777184682 0.00317377542862369 0.006178328881183658 0.0024312708397726634 0.004887147936268879 0.0031871577787715866 0.008245686134676428 0.010148785832321632 0.02505294662082681 0.6074322119211636 0.2578248975602653
0.019834368529979638 0.017515527950274296 0.004244306418210674 0.0033954451345685394 0.002608695652168512 0.0032919254658316938 0.004140786749473829 0.006107660455473897 0.005527950310547561 0.007267080745326569 0.005817805383010729 0.00821946169770555 0.008178053830210811 0.0485093167700859 0.0072256728778318305 0.019337474120042778 0.006811594202884448 0.03204968944092743 0.004968944099368594 0.01906832298132698 0.0053416149068212385 0.022298136645916566 0.010766045548631954 0.020496894409895453 0.31347826086891617 0.3934989648024979
0.014939002051581282 0.010746995896833717 0.0036772787221567562 0.0032990181711603076 0.0028767951348180254 0.002448160902696142 0.0018537514654160085 0.003292606975380707 0.003260550996482703 0.004853275205157821 0.004630715123094535 0.008723805685813973 0.010787294841734065 0.0211184788980051 0.00690302608440734 0.01182682444314077 0.006847157092613676 0.016017914712776964 0.007977359320046163 0.01706385550996327 0.016953949296598683 0.03118405627197839 0.039151340855799466 0.04661763628370031 0.4213721790738184 0.2815769709847339
0.04238095238086464 0.037080745341538136 0.012153209109705687 0.006169772256716005 0.004161490683221198 0.0032505175983369556 0.002318840579705344 0.0034368530020632776 0.0026708074534106192 0.003333333333326432 0.004306418219452782 0.007267080745326569 0.00869565217389504 0.013229813664568883 0.00434782608694752 0.0044513457556843656 0.0035403726708001233 0.004761904761894903 0.0040786749482317215 0.004554865424421212 0.004430641821936997 0.00674948240164234 0.013126293995832037 0.031946169772190586 0.03679089026907496 0.7307660455471413
0.03972083333331678 0.03298333333331959 0.009774999999995928 0.0060833333333307985 0.005099999999997875 0.005174999999997844 0.0049874999999979215 0.005837499999997568 0.0055041666666643735 0.006749999999997187 0.00663333333333057 0.00987083333332922 0.009924999999995864 0.012854166666661311 0.007299999999996958 0.009237499999996152 0.006424999999997323 0.00874583333332969 0.006670833333330553 0.00899166666666292 0.007887499999996713 0.012499999999994791 0.017716666666659286 0.03933333333331694 0.05760833333330933 0.6563833333330599
0.050331249999989516 0.043370833333324296 0.010966666666664382 0.004783333333332336 0.002537499999999471 0.002008333333332915 0.0017291666666663064 0.0018229166666662868 0.0020916666666662307 0.002441666666666158 0.002774999999999422 0.004006249999999165 0.005270833333332235 0.005691666666665481 0.0032354166666659924 0.0035499999999992603 0.00254374999999947 0.003064583333332695 0.0023041666666661865 0.003058333333332696 0.0036458333333325736 0.006387499999998669 0.01324999999999724 0.03723749999999224 0.044720833333324016 0.7371749999998464
0.0015485407980931813 0.002656343061344457 0.0010005955926140557 0.0013579511614047897 0.001488981536628059 0.0019594997022025257 0.0024597974985095536 0.004121500893386467 0.004806432400235375 0.0075461584276310025 0.008451459201900862 0.013287671232868798 0.015533055390103911 0.0434187016080742 0.01027992852888012 0.0191304347825973 0.008731387730786938 0.027587849910644675 0.007045860631323975 0.017188802858834312 0.007290053603330977 0.0188385944014182 0.01103037522334066 0.017939249553294855 0.5628886241807249 0.18241215008923026
0.03489441930617524 0.029957264957257427 0.009600301659122776 0.006322272498741498 0.004856711915534224 0.004421820010054193 0.004132730015081918 0.005148315736549737 0.005299145299143967 0.006887883358469862 0.007589240824533034 0.01288084464554729 0.015015082956255652 0.020854700854695613 0.01062091503267707 0.010784313725487485 0.007197083961788035 0.009389140271490853 0.007244846656609541 0.009587732528906589 0.009160382101556269 0.014806435394666967 0.021359979889386285 0.04024886877827043 0.06918300653593032 0.6225565610858164
0.05047605994151586 0.041135782163738935 0.012196637426899472 0.005048428362572638 0.0027001096491225604 0.0016456505847951715 0.001210709064327375 0.0009448099415203816 0.0009393274853800312 0.0009914108187133598 0.0011449195906431703 0.0015835160818712004 0.002021198830409172 0.0023026315789471583 0.001178728070175331 0.0015606725146197406 0.0009374999999999144 0.00140716374268993 0.0012061403508770829 0.0018512426900583105 0.002548428362572867 0.004924159356724697 0.011602704678361515 0.041918859649118984 0.05217470760233442 0.7543485014619195
0.028343685300148358 0.023561076604506084 0.011304347826063552 0.006190476190463374 0.0055693581780423 0.004161490683221198 0.0037888198757685533 0.005403726708063346 0.004886128364379118 0.00821946169770555 0.009068322981347684 0.01401656314696891 0.01327122153206362 0.04768115942019113 0.009378881987558221 0.020372670807411238 0.006563146997916019 0.027432712215264114 0.0053416149068212385 0.01737060041404271 0.007639751552779214 0.021387163561032325 0.013623188405768896 0.024368530020653482 0.17575569358141666 0.4853002070383327
0.027302827380949843 0.024091331845235858 0.011162574404760867 0.007692522321427857 0.0066359747023803355 0.006346726190475601 0.0068601190476184105 0.008250558035713519 0.009818638392856231 0.013296130952379717 0.019385230654760104 0.0359514508928538 0.05722749255951849 0.043578869047615 0.020824962797617114 0.013798363095236814 0.009481956845237215 0.008368675595237319 0.0068945312499993595 0.006686197916666046 0.0069289434523803085 0.008484002976189687 0.012111235119046495 0.026188616071426137 0.03233165922618747 0.5703004092261375
0.03554865424423282 0.028219461697664143 0.007784679089010798 0.005134575569347547 0.0032919254658316938 0.00337474120082117 0.0029813664596211567 0.005093167701852809 0.004886128364379118 0.005652173913031776 0.005031055900610702 0.008033126293979228 0.009130434782589791 0.044161490683138384 0.00699792960661077 0.017743271221495355 0.006190476190463374 0.02824016563141151 0.005113871635600178 0.019130434782569088 0.00677018633538971 0.024472049689390325 0.012132505175958317 0.03360248447198012 0.042919254658296234 0.6283643892326535
0.006943982712764996 0.006097628546098446 0.0011995789007090538 0.0004418772163119955 0.0003088984929077586 0.00018007535460990413 0.00020777925531912015 0.0003019725177304546 0.00031582446808506266 0.0005346852836878692 0.0006538120567374981 0.0013076241134749962 0.0020362367021273774 0.014640126329785206 0.0010610593971629736 0.005367630762410604 0.000591478280141762 0.006673869680850139 0.0006288785460992037 0.005525542996453135 0.0012231272163118873 0.007029864804963565 0.005679299645389284 0.017127936613472804 0.7744860926417367 0.1394351174645197
0.031180124223537928 0.028840579710085214 0.008881987577621361 0.006149068322968635 0.0039544513457475065 0.003892339544505399 0.004761904761894903 0.006853002070379186 0.0068322981366318175 0.008778467908884516 0.008902691511368731 0.013581780538274158 0.01399585921322154 0.05366459627318082 0.010538302277410894 0.019689440993748055 0.00674948240164234 0.03223602484465375 0.007039337474105509 0.01639751552791636 0.007577639751537107 0.02078674948235862 0.013416149068295205 0.035362318840506494 0.043830227743180475 0.5861076604542731
0.03380952380945381 0.030020703933685257 0.007888198757747643 0.004927536231873856 0.0026501035196632504 0.0022981366459579747 0.002194616977221129 0.004327122153200151 0.003333333333326432 0.006252587991705481 0.005693581780526515 0.009089026915095054 0.008592132505158194 0.03989648033118034 0.005175983436842286 0.015590062111768964 0.00554865424429493 0.027826086956464127 0.004037267080736983 0.017950310558969045 0.004637681159410688 0.021118012422316524 0.010517598343663524 0.033457556935748534 0.04445134575560155 0.6487163561063174
0.022795436022810596 0.02001222493886715 0.01064384678076176 0.010126324368374032 0.009400977995106193 0.00800325998369682 0.006715566422165153 0.008533007334959848 0.008626731866337153 0.01162591687041091 0.015717196414011526 0.034747351263229524 0.05469437652809507 0.05023634881823544 0.01633659331702676 0.01295028524856848 0.007008964955172368 0.01047269763650755 0.0056234718826382955 0.008712306438464257 0.007644661776688002 0.012563162184183959 0.015660146699260122 0.032090464547664184 0.05634881825588576 0.5427098614504716
0.039937888198675074 0.03366459627322223 0.010248447204947726 0.004803312629389641 0.004161490683221198 0.0034368530020632776 0.0028571428571369417 0.003188405797094848 0.0022567287784632365 0.0039544513457475065 0.0035403726708001233 0.006915113871621294 0.006169772256716005 0.03496894409930648 0.003043478260863264 0.013706004140758373 0.0025258799171790354 0.02178053830223234 0.0025258799171790354 0.015507246376779488 0.0044513457556843656 0.023250517598295547 0.013478260869537313 0.04026915113863298 0.07008281573484455 0.6292753623175377
0.05150826079230716 0.0440468999822192 0.009077988985607008 0.0034570971753407507 0.0016770296677911967 0.001453188843488558 0.001264878308757767 0.0011867116716997026 0.00115473441108504 0.0016734766388340119 0.0018262568839929557 0.0024409308935859153 0.0031444306271084937 0.003844377331673887 0.002082074968910257 0.002703855036417586 0.0015029312488891444 0.0022810445905126022 0.0014780600461888514 0.0019506128974944215 0.0023023627642557104 0.003979392432046907 0.008829276958604075 0.04098063599216878 0.04801208029843737 0.7561414105522274
0.020065714285708552 0.017925714285709164 0.005642857142855531 0.0031142857142848245 0.0022542857142850703 0.001757142857142355 0.0015199999999995658 0.0019085714285708832 0.002165714285713667 0.0029914285714277167 0.0034514285714275852 0.0054257142857127355 0.007351428571426471 0.017102857142852257 0.004557142857141555 0.009174285714283094 0.003865714285713181 0.010371428571425608 0.0038599999999988973 0.00834285714285476 0.006851428571426614 0.017197142857137943 0.027311428571420767 0.05893999999998316 0.19412285714280167 0.5627285714284106
0.03631469979288548 0.03138716356101162 0.006066252587979159 0.0035403726708001233 0.0027329192546527267 0.00337474120082117 0.0027950310558948342 0.005859213250505467 0.005134575569347547 0.007888198757747643 0.007163561076589723 0.011469979296042505 0.011014492753600384 0.050724637681054396 0.01184265010349515 0.0195238095237691 0.008322981366442396 0.029730848861222087 0.007888198757747643 0.015631469979263703 0.005776397515515991 0.015879917184232133 0.01089026915111617 0.032774327122085355 0.047494824016464814 0.6087784679076422
0.047210693359369 0.03263982137043856 0.018287658691403925 0.011644999186196436 0.00856908162434787 0.006790161132811637 0.0059369405110669534 0.005591074625650331 0.006037394205728399 0.0069694519042959886 0.008469899495441632 0.010809580485024667 0.013135274251300413 0.012173970540363035 0.00900650024413948 0.008197784423827082 0.006805419921874134 0.007045745849608479 0.006799062093098094 0.007488250732420923 0.008159637451170838 0.01041793823242055 0.016476949055987487 0.0323816935221313 0.04162216186522908 0.6513328552245266
0.04712110726643395 0.038654844290655764 0.014504325259514943 0.006824394463667525 0.0038901384083043296 0.0029969723183389707 0.0024359861591694448 0.0023884083044981665 0.002655709342560439 0.0033032006920413796 0.004303200692041336 0.006203287197231565 0.007995242214532525 0.007051470588234989 0.0049822664359859435 0.004145328719723004 0.0031626297577853303 0.003221020761245535 0.002954584775086377 0.003693339100345861 0.004422145328719531 0.007034602076124263 0.01341219723183333 0.03828849480968692 0.046653546712800746 0.7177015570933946
0.04630252100839312 0.040274214949128646 0.0060283060592644785 0.0025165855816005047 0.0015833701901809855 0.001118973905351367 0.0010106147722244558 0.0008845643520564165 0.0011057054400705206 0.0014374170720916769 0.0020831490490928607 0.00310039805395774 0.00390756302520922 0.006291463954001262 0.002512162759840223 0.0030672268907556244 0.0019460415745241163 0.0035736399823079225 0.0021782397169389255 0.003427686864218614 0.0040888987173807855 0.008874391862005998 0.016488279522331603 0.04340336134452822 0.05880362671383043 0.7339915966384931
0.04554724178402085 0.03319028755867327 0.019567928403748693 0.013086854460089097 0.008835827464785492 0.007122946009387059 0.006194982394363925 0.0064003814553967135 0.00677083333333085 0.00695055751173454 0.008593749999996849 0.010809125586850496 0.012782423708915499 0.010721097417836443 0.00802890258215668 0.008850498826287833 0.0068478579812181455 0.008758802816898196 0.007724471830983082 0.008857834507039005 0.009496038732390882 0.014143192488257723 0.02005941901407715 0.030259683098580452 0.04724178403754136 0.633157276995073
0.04467000835420022 0.04078111946531296 0.00718880534669708 0.002769423558896086 0.0012238930659978179 0.0010526315789469286 0.0009816207184624136 0.0014494569757721597 0.001478696741854019 0.002719298245612899 0.00346700083542044 0.008011695906429401 0.011700083542183918 0.01614035087718624 0.0038972431077677954 0.0046240601503740085 0.0020008354218872177 0.0038387635756040772 0.0016583124477854393 0.0028571428571416637 0.002355889724309793 0.005697577276522265 0.010116959064323259 0.041436925647434654 0.056900584795297866 0.7209816207181616
0.037515003334057564 0.024978884196477005 0.01354078684151432 0.012327183818620881 0.012576128028445176 0.011242498332957884 0.011295843520777374 0.01363858635251672 0.015114469882189325 0.01731940431206165 0.02004445432317402 0.024112024894410264 0.02677483885306656 0.02704156479216402 0.020902422760604177 0.01955101133584372 0.01554567681706355 0.015038897532778378 0.012887308290725544 0.012985107801727945 0.010895754612131187 0.012233829739936771 0.014949988886412559 0.027752833963090574 0.06014669926647693 0.5095887975103314
0.02160156249999906 0.01928515624999916 0.007168836805555244 0.005186631944444219 0.004947916666666451 0.0057973090277775256 0.007157118055555245 0.010307725694443997 0.014814236111110468 0.023539930555554534 0.03790364583333169 0.058089843749997476 0.06621267361110823 0.05322265624999769 0.031943142361109726 0.021633680555554615 0.01463368055555492 0.011532552083332832 0.008404947916666301 0.007287326388888573 0.006140624999999733 0.006756510416666373 0.008813368055555172 0.0217491319444435 0.03412803819444296 0.49174175347220084
0.04194616977216988 0.03565217391296966 0.012173913043453055 0.006438923395431804 0.004927536231873856 0.003726708074526446 0.002587991718421143 0.0057142857142738835 0.0046997929606527955 0.006790890269137079 0.008178053830210811 0.010952380952358277 0.01306418219458993 0.013913043478232063 0.005051759834358071 0.006128364389221266 0.003209109730842217 0.002877846790884311 0.0025672877846737736 0.0039544513457475065 0.0036231884057896 0.006501035196673911 0.011801242236000412 0.03333333333326432 0.040414078674864566 0.7097722567273089
0.018939810739434886 0.014890514964787369 0.008717539612675258 0.00767495598591479 0.00783817488262839 0.009339238556337172 0.01046618251173613 0.014660357981219315 0.01721042400234584 0.02467356220657051 0.03304357394365894 0.05347252787558196 0.07262323943661307 0.07044087441313909 0.04260379988262521 0.032755648474175406 0.022646163438965063 0.019745818661970022 0.014433868838026847 0.013410541373238207 0.011080545774646872 0.01179944248826183 0.012894292840374405 0.020795737969481663 0.03511040199530195 0.39873276115019823
0.03629399585913811 0.029358178053769446 0.010289855072442464 0.009275362318821376 0.009606625258779282 0.011987577639726734 0.012028985507221472 0.013788819875747848 0.014637681159389983 0.01761904761901114 0.019482401656274365 0.02217391304343235 0.02488612836433771 0.02755693581774833 0.019233954451305935 0.017701863354000615 0.016583850931642684 0.016832298136611114 0.012877846790863607 0.012173913043453055 0.010952380952358277 0.011552795031031982 0.013602484472021528 0.022753623188358687 0.028385093167643094 0.5583643892327984
0.039968169761259074 0.029747126436771087 0.015115826702028252 0.01180901856763508 0.010687886825814081 0.009446507515469691 0.0084633068081314 0.008516357206009366 0.0099416445623307 0.011656940760384914 0.015483642793982146 0.02188859416444849 0.027632183908036203 0.025230769230760307 0.01674624226347772 0.012802829354548965 0.009128205128201899 0.009032714412021562 0.007458885941641924 0.008901856763922581 0.00918479221927173 0.010818744473913062 0.014999115826696729 0.02803536693190874 0.04190981432359261 0.585393457117388
0.05066666666665611 0.04095416666665813 0.010127083333331224 0.004985416666665628 0.002772916666666089 0.0018729166666662765 0.0014145833333330385 0.0013812499999997121 0.0012874999999997318 0.0015416666666663455 0.0016083333333329983 0.002212499999999539 0.0029437499999993865 0.0036874999999992318 0.001924999999999599 0.0026749999999994426 0.0015083333333330191 0.0020583333333329045 0.001489583333333023 0.0024749999999994846 0.0024354166666661595 0.0040312499999991605 0.008210416666664956 0.04278124999999109 0.0633687499999868 0.7395854166665126
0.031366459627264254 0.02879917184259048 0.009544513457537174 0.006811594202884448 0.008716356107642409 0.009792960662505604 0.008488612836421348 0.010103519668716142 0.008716356107642409 0.0111387163560846 0.01575569358174792 0.031283643892274775 0.04335403726699098 0.03873706004132767 0.022360248447158674 0.01472049689437946 0.01182194616974778 0.009875776397495081 0.008012422360231858 0.008840579710126624 0.008612836438905563 0.010207039337452987 0.013126293995832037 0.02389233954446399 0.026873706004085146 0.5790476190464202
0.03366459627322223 0.03267080745334851 0.01064182194614774 0.0067080745341476025 0.003726708074526446 0.002774327122147465 0.0022567287784632365 0.004803312629389641 0.003768115942021184 0.006314699792947589 0.005734989648021252 0.0072256728778318305 0.008550724637663456 0.05387163561065451 0.007660455486526583 0.01807453416145326 0.0062111801242107426 0.0312008281572853 0.007204968944084462 0.017722567287747987 0.008426501035179241 0.01927536231880067 0.014078674948211018 0.035859213250443354 0.04422360248438049 0.6073498964790738
0.02391512345678828 0.01658101851851724 0.009701388888888142 0.00972067901234493 0.010882716049381878 0.012692129629628651 0.014849537037035893 0.018604938271603505 0.023997685185183335 0.03305709876542955 0.044347993827157074 0.060462962962958305 0.0682160493827108 0.061852623456785355 0.04534722222221873 0.034031635802466514 0.024955246913578324 0.02074382716049223 0.016983796296294987 0.015189814814813645 0.012363425925924973 0.010736111111110284 0.010879629629628792 0.01655092592592465 0.025917438271602943 0.35741898148145396
0.03967181467177638 0.02940154440151602 0.01894787644785816 0.01581081081079555 0.011399613899602897 0.010415057915047862 0.01007722007721035 0.010183397683387854 0.011110038610027887 0.012818532818520445 0.01556949806948304 0.0201737451737257 0.021409266409245745 0.02247104247102078 0.01321428571427296 0.011718146718135408 0.008619691119682799 0.009343629343620324 0.008416988416980293 0.008725868725860304 0.009584942084932832 0.013166023166010458 0.016824324324308085 0.02505791505789087 0.03717181467177879 0.5886969111963429
0.035939261963309946 0.02300254573203948 0.013194548144200619 0.011501451915959275 0.011148365435196593 0.0119154153761638 0.013323106000786625 0.015886743035046308 0.018489054856245513 0.02095278202424476 0.02444604634456927 0.03202988558350649 0.037384194975356014 0.02940214867089334 0.02030390504337054 0.015520048758878977 0.012379870919317146 0.01109787335224777 0.009712743020006335 0.009725634615652842 0.009923305748899294 0.01084684533701994 0.012895892845056524 0.026963488494428967 0.03714749095529097 0.5248673508522768
0.027453095684796563 0.025283771106935908 0.011034240150091221 0.007218574108816318 0.005816135084426403 0.006057692307690887 0.005541744840524028 0.007420262664163363 0.00775797373358167 0.009788930581611214 0.011641651031892204 0.017464821763598155 0.02223030018761205 0.02585131332081945 0.0147537523452123 0.013393527204499673 0.009228424015007217 0.010241557223262138 0.007295966228891347 0.009158067542211736 0.008098030018759826 0.011264071294556458 0.016735459662285006 0.03467870544089243 0.047021575984979594 0.6275703564726484
0.027437499999988568 0.027233333333321987 0.007708333333330122 0.004041666666664983 0.0032083333333319964 0.0026249999999989064 0.0024624999999989738 0.0041583333333316 0.004412499999998162 0.0072208333333303246 0.006283333333330715 0.012866666666661305 0.016237499999993233 0.027695833333321793 0.009720833333329282 0.017220833333326156 0.008466666666663139 0.019662499999991808 0.007441666666663566 0.016699999999993043 0.009641666666662649 0.024124999999989946 0.02369583333332346 0.037212499999984494 0.12867083333327972 0.5438499999997733
0.04339104729729332 0.02789916274970367 0.015199030552290028 0.011230353995298618 0.008461552585193113 0.0077858769095175 0.007760171856638537 0.008468896886015674 0.009899199471209433 0.01103113983548665 0.012130030846062342 0.013190364277319589 0.013016855170386586 0.012840591950645122 0.011225763807284517 0.010347201821385656 0.008959128965921622 0.00871952115158557 0.007704171562866509 0.007849221504112089 0.008305486192713691 0.010449103995298688 0.01564978701527471 0.029403826380725858 0.041988285840184165 0.6370942273794951
0.005770519262979963 0.005670016750417177 0.0014572864321603972 0.0010496929089890983 0.0008375209380232167 0.0009240647682856158 0.0009296482412057706 0.0021273031825789707 0.002372975991065781 0.00466219988832924 0.005251256281405569 0.00976270240089063 0.011278615298712652 0.03497487437184953 0.006973757677273319 0.014838079285311324 0.005711892797318339 0.022152428810714084 0.00409547738693353 0.013891680625345088 0.004785036292572645 0.015918481295361272 0.008118369625905049 0.015653266331653922 0.5914879955330565 0.2093048576213821
0.035362318840506494 0.03132505175976951 0.006376811594189696 0.0033540372670738013 0.002194616977221129 0.0023809523809474515 0.001573498964800055 0.003933747412000137 0.003043478260863264 0.004886128364379118 0.004761904761894903 0.007743271221516059 0.009813664596252974 0.039171842650022416 0.008012422360231858 0.01807453416145326 0.006356107660442326 0.025631469979243 0.004637681159410688 0.016335403726674254 0.006645962732905495 0.019896480331221746 0.013809523809495218 0.0328778467908222 0.05844720496882309 0.6333540372657694
0.03298611111110793 0.025964506172837003 0.012002314814813658 0.008710455246912741 0.007440200617283233 0.007700617283949875 0.008408564814814003 0.01024016203703605 0.012581983024690144 0.014967206790122013 0.01801311728394888 0.021391782407405344 0.022407407407405246 0.019402006172837636 0.01523630401234421 0.013161651234566632 0.01155478395061617 0.010652006172838478 0.009801311728394116 0.009709683641974371 0.009866898148147197 0.010811149691356981 0.014024884259257906 0.027062114197528252 0.03495177469135465 0.6109510030863609
0.008433583959897108 0.005989974937341482 0.0028853383458637577 0.002211779448620861 0.0019517543859643009 0.0022211779448614594 0.0025281954887210125 0.0034022556390966787 0.0034335839598986736 0.005147243107767811 0.006359649122805025 0.009714912280698712 0.011876566416036379 0.03141604010024079 0.008602756892227881 0.014179197994983026 0.005986842105261282 0.01937656641603403 0.005291353383456989 0.01233082706766531 0.005372807017542176 0.014188596491223626 0.008640350877190275 0.014454887218040583 0.5804260651627254 0.21357769423552206
0.04107660455478038 0.0334782608694959 0.0074741200828002605 0.0033126293995790626 0.00337474120082117 0.002153209109726391 0.0022567287784632365 0.0044720496894317344 0.003933747412000137 0.007267080745326569 0.004989648033115963 0.008405797101431871 0.00699792960661077 0.03716356107652761 0.0037060041407790765 0.013850931676989956 0.0033126293995790626 0.023788819875727146 0.003995859213242244 0.0142236024844426 0.005217391304337024 0.02055900621113756 0.014575569358147876 0.039751552794948755 0.04954451345745436 0.6411180124210328
0.048026481714991166 0.03882093316518322 0.01385876418662867 0.008779949558635316 0.005832282471624896 0.004104665825976008 0.0035592686002510845 0.003351197982344467 0.00322194199243278 0.0033638083228236556 0.003839848675913039 0.005892181588901043 0.007074401008825008 0.0076418663303885115 0.004514501891549649 0.004977931904159843 0.003212484237073388 0.0036223203026470295 0.0029287515762916366 0.003773644388397297 0.004687894073138497 0.0068001261034026485 0.011749684741484316 0.03605296343000124 0.05236759142495197 0.7079445145016684
0.045983436852906866 0.03971014492745401 0.01209109730846358 0.00579710144926336 0.0036853002070317076 0.0033540372670738013 0.0031055900621053713 0.0037888198757685533 0.003188405797094848 0.005424430641810716 0.005631469979284407 0.00699792960661077 0.008364389233937133 0.01207039337471621 0.007018633540358139 0.008240165631452918 0.0033126293995790626 0.005093167701852809 0.002629399585915881 0.005051759834358071 0.004886128364379118 0.009544513457537174 0.01349896480328468 0.032463768115874814 0.03902691511379083 0.7100414078660248
0.025238095238042983 0.021614906832253384 0.0073498964803160455 0.006418219461684434 0.0049482401656212255 0.004989648033115963 0.004389233954442258 0.006811594202884448 0.007039337474105509 0.010559006211158262 0.01209109730846358 0.02002070393370596 0.022836438923348166 0.05049689440983334 0.011677018633516197 0.02122153209105337 0.008364389233937133 0.0312008281572853 0.007784679089010798 0.020434782608653345 0.00844720496892661 0.02434782608690611 0.01159420289852672 0.020496894409895453 0.1759213250513956 0.4537060041398474
0.03271084337348084 0.02596385542167632 0.011710843373489273 0.008951807228912067 0.008176706827305954 0.007670682730920614 0.007281124497989044 0.008518072289153206 0.009646586345377652 0.013481927710837959 0.015574297188748766 0.018791164658626992 0.016297188755013535 0.018775100401598886 0.00902811244979557 0.010477911646582138 0.006706827309234254 0.01135742971887094 0.0061646586345356765 0.009971887550196798 0.008859437751000458 0.017859437750996843 0.020931726907622114 0.042522088353396575 0.12535341365456812 0.5272168674696678
0.030641821946106332 0.025755693581727215 0.01064182194614774 0.006894409937873924 0.005155279503094917 0.005134575569347547 0.003933747412000137 0.008405797101431871 0.0049482401656212255 0.008343685300189764 0.009006211180105576 0.016853002070358482 0.019420289855032257 0.05405797101438083 0.012236024844695163 0.022049689440948136 0.007287784679073938 0.030103519668674732 0.0068322981366318175 0.017536231884021664 0.0053416149068212385 0.023457556935769237 0.01157349896477935 0.024989648033074557 0.06507246376798122 0.5643271221520407
0.03662525879909601 0.028322981366400986 0.008840579710126624 0.005155279503094917 0.0039544513457475065 0.0039544513457475065 0.003457556935810647 0.005445134575558085 0.005279503105579131 0.008012422360231858 0.006790890269137079 0.010476190476168787 0.010828157349874062 0.049316770186233296 0.009917184264989819 0.018198757763937475 0.0072256728778318305 0.030538302277369485 0.0075983436852844755 0.016107660455453192 0.0055693581780423 0.01662525879913742 0.012939958592105715 0.03447204968936962 0.04645962732909636 0.6078881987565053
0.033257299270065405 0.023371350364958174 0.017817062043791555 0.015333029197076794 0.01339644160583636 0.013588047445252376 0.014390967153281389 0.015953467153281033 0.017983576642331665 0.020670620437951488 0.02552007299269491 0.034108120437948426 0.04103102189780086 0.035786952554736365 0.0258006386861255 0.021402828467148402 0.017511405109485057 0.01727417883211285 0.01602874087590875 0.016521441605835647 0.016010492700726273 0.01635492700729554 0.015613594890507388 0.019876824817513714 0.032899178832109285 0.4624977189779967
0.046893960151860245 0.035375084069634445 0.015016885099472623 0.009010131059683573 0.006732688769716162 0.005601084631888604 0.005198973727566233 0.004747043773150825 0.004946319973522973 0.005238117266925048 0.005871530903822235 0.006633050669530088 0.006789624826965347 0.007885643929012165 0.004924968952054529 0.00550144653170253 0.0045584430835128985 0.005465861495921789 0.004508624033419861 0.005544148574639419 0.006487152022829051 0.009579491632175427 0.015059587142409512 0.033442816626740215 0.041267965994925125 0.6977193550565632
0.03273291925459061 0.030082815734927364 0.006231884057958112 0.0036853002070317076 0.002463768115936928 0.0029192546583790492 0.002877846790884311 0.005817805383010729 0.004927536231873856 0.007391304347810784 0.005817805383010729 0.007743271221516059 0.008095238095221335 0.04200828157341199 0.0055693581780423 0.01639751552791636 0.005196687370589655 0.02658385093162198 0.004886128364379118 0.018509316770148013 0.0074741200828002605 0.02153209109726391 0.0125465838509057 0.031801242235959 0.048819875776296436 0.6378881987564433
0.026231884057916703 0.021138716356063895 0.00797101449273712 0.004513457556926473 0.00289855072463168 0.0032712215320843245 0.0048240165631370105 0.006790890269137079 0.005527950310547561 0.00821946169770555 0.0077225672877686904 0.011180124223579337 0.013706004140758373 0.050559006211075445 0.006666666666652864 0.018840579710105918 0.005217391304337024 0.02873706004134837 0.0035403726708001233 0.018136645962695368 0.003809523809515922 0.022815734989600794 0.009585921325031914 0.023871635610716622 0.17662525879880617 0.5075983436842493
0.014782608695621568 0.01397515527947417 0.002463768115936928 0.001739130434779008 0.002629399585915881 0.003457556935810647 0.003602484472042231 0.007432712215305522 0.0067080745341476025 0.012236024844695163 0.009896480331242451 0.017060041407832172 0.016107660455453192 0.06879917184250767 0.012194616977200425 0.02799171842644308 0.009213250517579269 0.046314699792864775 0.00797101449273712 0.027391304347769374 0.012836438923368868 0.03716356107652761 0.018240165631432215 0.03896480331254873 0.1745134575565745 0.4063146997921194
0.034645578720335114 0.03205751258086785 0.010723220704526032 0.007565780014375969 0.006504672897194391 0.007117181883534977 0.008534867002154268 0.010490294751973979 0.012054636951829747 0.014176851186192904 0.01603450754852163 0.018274622573682738 0.01932997843277661 0.018521926671454057 0.014297627606034709 0.012336448598127294 0.009877785765633392 0.009805895039537079 0.007752695902226383 0.007421998562183344 0.006335010783607093 0.007491013659235804 0.010487419122930126 0.02834507548525425 0.038967649173245446 0.6308497483822773
0.0480662393162222 0.04195156695155201 0.008173076923074013 0.003048433048431963 0.0016239316239310456 0.0013105413105408438 0.0012606837606833118 0.001410256410255908 0.0014031339031334033 0.0017165242165236051 0.0018874643874637153 0.002759971509970527 0.0034615384615372287 0.0045370370370354214 0.0022400284900276923 0.0030698005697994764 0.0018162393162386695 0.0023433048433040087 0.00150641025640972 0.002247150997150197 0.0020868945868938436 0.0038461538461524764 0.008639601139598063 0.039782763532749364 0.04637464387462736 0.7634366096863378
