0.03318606713973327 0.026432575964333942 0.011752865720522346 0.009296533842793438 0.008534616084423824 0.008275905203783395 0.009050616357349514 0.011089030658659267 0.013292337609168417 0.01744166211790145 0.021635052765644668 0.027447518649923317 0.030751057587331872 0.027861171761276973 0.019980440320230056 0.017556802674669993 0.014035776018920858 0.013819709788935444 0.010611410571323091 0.011064865356621425 0.010165063227800593 0.011373328329692706 0.013504139374088328 0.024908740447594713 0.03913215292939764 0.5578005594977373
0.034379185267852344 0.027377232142853324 0.013701171874998088 0.009681919642855792 0.008300781249998841 0.008349609374998835 0.009192243303570146 0.011012834821427035 0.013641183035712382 0.018828124999997375 0.026111886160710644 0.0335128348214239 0.03534040178570935 0.03031808035713863 0.02112583705356848 0.017045200892854766 0.013151506696426736 0.011404854910712695 0.00954799107142724 0.00943917410714154 0.009073660714284448 0.010970982142855612 0.01403599330356947 0.026941964285710527 0.03859374999999462 0.5389215959820677
0.03171272493572925 0.022646743787486864 0.0158965295629803 0.01360539845758209 0.012593187660667032 0.012189374464437425 0.01187982005141261 0.012551413881746727 0.014151670951155297 0.017584618680375152 0.022570694087401182 0.029990359897169024 0.03445801199656872 0.031491002570690714 0.024829691516706852 0.02011996572407668 0.016079691516707788 0.014399100257067867 0.012900599828619012 0.012841688089116019 0.012980934018850367 0.013607540702654927 0.01568230505569669 0.022580334190228944 0.03209297343615766 0.5185636246786077
0.031120039682536595 0.02501785714285466 0.01216964285714165 0.008848214285713408 0.008262896825396005 0.008663690476189617 0.009660714285713327 0.011354166666665541 0.01418650793650653 0.018994047619045735 0.023656746031743683 0.030535714285711255 0.032599206349203116 0.028873015873013008 0.02202976190475972 0.017511904761903025 0.013767857142855777 0.011416666666665534 0.009243055555554639 0.00844543650793567 0.007853174603173824 0.008906746031745148 0.012259920634919418 0.025500992063489533 0.03125297619047309 0.5678690476189913
0.0317466991842481 0.023746250665762973 0.01572057298236321 0.01258094357076428 0.010988702940596253 0.010728001569811699 0.011283043197933652 0.013035068539227698 0.015372971154650472 0.01940683430044588 0.02395649370671826 0.030712303422748097 0.035744120202944596 0.034544333249226435 0.02651865556582667 0.021099991590272447 0.016718526616764297 0.015527149384684347 0.012855661144279187 0.011824068623325253 0.011193339500459396 0.012620188938409268 0.014787093880521743 0.021565329520920145 0.0337594258963267 0.5119642306504886
0.04215240478514982 0.027169799804683353 0.01526031494140392 0.012170410156248142 0.010595703124998383 0.0101638793945297 0.010511779785154647 0.011502075195310746 0.012857055664060538 0.014747619628904 0.01682891845702868 0.019946289062496958 0.020742797851559334 0.02063598632812185 0.01730041503905986 0.014842224121091485 0.012423706054685605 0.011488342285154498 0.010508728027342146 0.010946655273435829 0.011079406738279559 0.012919616699216778 0.015669250488278857 0.02568817138671483 0.0413146972656187 0.5705337524413192
0.04182116104867935 0.02502808988763459 0.01696629213482749 0.012799625468161798 0.012310393258424085 0.012633426966289177 0.01437968164793671 0.017495318352055828 0.019573970037448603 0.02179073033707355 0.024246254681642265 0.02623127340823356 0.026917134831454373 0.02592228464418869 0.02191245318351547 0.02013576779025746 0.016720505617973613 0.016022940074902615 0.013888108614228959 0.012799625468161798 0.01235955056179486 0.013412921348311468 0.015316011235951471 0.024396067415724625 0.03673689138575919 0.49818352059913434
0.03652291666666286 0.030265624999996847 0.01796874999999813 0.013881249999998554 0.011218749999998832 0.00994479166666563 0.009247916666665704 0.00953958333333234 0.010387499999998918 0.012782291666665335 0.01590937499999834 0.02278645833333096 0.03341041666666319 0.025203124999997373 0.017161458333331547 0.014180208333331857 0.011914583333332092 0.011478124999998804 0.010841666666665537 0.011605208333332125 0.012848958333331995 0.01498124999999844 0.017807291666664813 0.028774999999997 0.0371166666666628 0.5522208333332758
0.02734153567518607 0.027605360638018744 0.012845423528190823 0.0077008367529536985 0.006078669751752803 0.005511802601882601 0.005436933355673329 0.0074762290143258825 0.009914827319427886 0.01548010795431711 0.021376952393847397 0.03149499623870045 0.03494967717092829 0.03371611720957552 0.021833298275503912 0.01650332098584383 0.010478129267097649 0.008570746089861431 0.006228408244171348 0.006716840945631837 0.006998491919466718 0.00945491623557093 0.013793767313508268 0.026649886448300415 0.0304432615895702 0.5953994630803363
0.04711770833332843 0.02853020833333036 0.019022916666664686 0.016640624999998268 0.014041666666665203 0.01308958333333197 0.012467708333332035 0.01228124999999872 0.011873958333332097 0.01196666666666542 0.01265416666666535 0.0137583333333319 0.014715624999998468 0.014405208333331834 0.012329166666665382 0.012097916666665407 0.010932291666665529 0.011439583333332141 0.010856249999998869 0.012077083333332076 0.01250833333333203 0.01475104166666513 0.018342708333331424 0.029431249999996936 0.0483333333333283 0.5643354166666079
0.01997363281249805 0.01372460937499866 0.009745117187499049 0.00891699218749913 0.008792968749999141 0.01063964843749896 0.012832031249998746 0.017985351562498243 0.023272460937497727 0.032631835937496814 0.04311523437499579 0.0573544921874944 0.062279296874993915 0.058602539062494276 0.03828124999999626 0.029940429687497078 0.021358398437497914 0.018229492187498218 0.01383300781249865 0.012960937499998734 0.010920898437498933 0.012444335937498784 0.015107421874998524 0.020520507812497996 0.033150390624996764 0.39338671874996156
0.02921296296295451 0.02661458333332563 0.013075810185181402 0.009577546296293525 0.007719907407405174 0.0073553240740719455 0.007280092592590486 0.008917824074071493 0.011041666666663471 0.014490740740736547 0.018978587962957472 0.028561921296288033 0.03662905092591533 0.03238425925924989 0.020870949074068036 0.015193865740736345 0.010934606481478317 0.008776041666664127 0.006348379629627793 0.0064785879629610885 0.006481481481479606 0.008405671296293864 0.012039930555552072 0.026588541666658975 0.02972800925925066 0.5963136574072349
0.029232687793416506 0.027611502347407713 0.012158890845065962 0.007089935446006789 0.005094630281688272 0.004819542253519359 0.004969923708918365 0.006044600938964919 0.0070715962441288615 0.010049882629104294 0.014865757042248068 0.027992957746468605 0.04114950117369383 0.041919747652566786 0.02057291666665912 0.013893779342717908 0.008843163145536662 0.007948210093893798 0.005670481220655197 0.006011590375584649 0.00641138497652347 0.007915199530513528 0.01181044600938534 0.02767018779341708 0.0368287852112541 0.606352699530294
0.03391011555989008 0.02685207790798156 0.014767116970483607 0.01239861382378262 0.011004977756074523 0.010504828559025996 0.010472615559894058 0.011579725477428592 0.012815687391490882 0.015838623046872315 0.02069769965277427 0.030198838975689323 0.03806050618488938 0.030946519639751698 0.021282619900170004 0.017976548936628898 0.014451768663191995 0.01310390896267139 0.011259290907116146 0.01049804687499822 0.010313245985241307 0.011311848958331415 0.01396857367621291 0.02494812011718327 0.03450351291232054 0.5363345675997354
0.05234557823127827 0.027940136054414165 0.023540136054415364 0.018729251700675176 0.014092517006798887 0.011959183673466134 0.010250340136051632 0.010019047619044893 0.00925170068026959 0.009496598639453199 0.011080272108840522 0.013757823129247957 0.016261224489791493 0.014402721088431455 0.01074285714285422 0.009684353741493963 0.007580952380950318 0.00802176870748081 0.00705578231292325 0.00814149659863724 0.00964897959183411 0.014174149659860089 0.02143129251700097 0.029352380952372966 0.0456707482993073 0.5853687074828339
0.04005481350805878 0.02621683696847132 0.017394840542519503 0.014459425403223735 0.012563576796185884 0.01215118676686043 0.01203806589076074 0.013646100623165201 0.016247880773458085 0.020489197672284454 0.02487800128298764 0.03230818135996605 0.03719528958943749 0.03297831515761991 0.02484793117668266 0.020192792338706786 0.016329499633428748 0.015811148277123835 0.01438353418254926 0.014125790414220851 0.01376494913856108 0.015055099890027169 0.016591539131229297 0.02440690295087627 0.038704522543982725 0.4731645779874689
0.03960037231444809 0.024762471516923935 0.014517466227211695 0.012058258056639092 0.011442820231118337 0.012446085611977584 0.013722737630206589 0.015270233154294934 0.01733907063801863 0.020198822021481808 0.023915608723955293 0.029707590738928515 0.031697591145829304 0.028073628743486012 0.021091461181637943 0.01760737101236755 0.014759063720701248 0.013956705729164891 0.012360890706378637 0.012106577555337002 0.01129404703775898 0.011932373046873482 0.014527638753253361 0.024450937906897934 0.039006551106765874 0.5121536254882161
0.038646666666640905 0.0305999999999796 0.01680666666665546 0.012606666666658262 0.010773333333326151 0.009433333333327045 0.008719999999994187 0.009493333333327005 0.009859999999993426 0.010866666666659423 0.012453333333325031 0.014799999999990134 0.015579999999989613 0.017439999999988375 0.013039999999991307 0.012919999999991386 0.011533333333325645 0.011433333333325711 0.00941999999999372 0.00956666666666029 0.010013333333326657 0.01221333333332519 0.015513333333322991 0.026013333333315992 0.03835333333330777 0.6118999999995921
0.036134374999996235 0.02612812499999728 0.014116666666665197 0.011998958333332083 0.011268749999998827 0.011422916666665476 0.011737499999998777 0.012748958333332006 0.01450312499999849 0.017424999999998185 0.021998958333331042 0.029714583333330238 0.03408020833332978 0.02820729166666373 0.020164583333331234 0.016335416666664965 0.013355208333331942 0.0121572916666654 0.010848958333332203 0.01074999999999888 0.01033541666666559 0.012088541666665408 0.014945833333331776 0.027704166666663782 0.03783229166666273 0.5319968749999446
0.036872209821422856 0.03234902033729657 0.012641059027775818 0.007380022321427427 0.004985119047618275 0.004041108630951754 0.003794642857142269 0.004203869047618396 0.004929315476189712 0.006259300595237125 0.007787698412697205 0.010554625496030109 0.012076822916664795 0.011690848214283902 0.007958209325395591 0.006868489583332269 0.00488746279761829 0.004909164186507176 0.0039729042658724 0.004614645337300872 0.005068824404761119 0.007564484126982954 0.011924913194442596 0.03297526041666155 0.04131789434523169 0.7083720858133823
0.03291931152343248 0.027874755859370746 0.011738586425779459 0.007716369628905073 0.00648498535156151 0.0064819335937490105 0.006510925292967757 0.0072738647460926405 0.009271240234373585 0.013717651367185406 0.019601440429684508 0.02712707519530836 0.03218841552733884 0.029666137695307973 0.02030792236327815 0.014018249511716612 0.010165405273435948 0.008927917480467387 0.0071197509765614135 0.007353210449217628 0.007647705078123833 0.009324645996092328 0.012892150878904282 0.02711791992187086 0.03643951416015069 0.6001129150389709
0.040802044221939844 0.03108886107634219 0.02202544847726095 0.01660304547350682 0.012365456821024993 0.009889445139757 0.008521068001667863 0.007957863996661665 0.008645181476845155 0.010139758030870865 0.013306216103461273 0.019230287859822774 0.025746766791820426 0.02095640383812881 0.014908218606590019 0.01369732999582669 0.012130788485605743 0.012357113057987864 0.01235189820608966 0.012919274092614423 0.01401752190237651 0.01637776387150434 0.02010951188986023 0.028545056320397524 0.04545577805589847 0.5498518982060336
0.03422519509473646 0.023369565217375023 0.017607302118159415 0.01472268673354604 0.01419314381269914 0.013057413600882764 0.01133639910813034 0.012137681159411832 0.014074693422509702 0.01780239687847143 0.023766722408010196 0.036838071348915244 0.047435897435864384 0.03648968784835808 0.022658862876238393 0.01782329988850486 0.012493032329980147 0.011691750278698653 0.010876532887394874 0.011197045707907471 0.011078595317718033 0.012381549609801852 0.014025919732431698 0.021571906354500018 0.03293617614267493 0.5042084726863822
0.0486723542944727 0.037217216257664255 0.018392925613494728 0.012047066717789967 0.00788079946318924 0.005753930214723237 0.0048109183282202825 0.004354390337422791 0.00415308665644122 0.004348399156441197 0.004444258052146707 0.005320168711655804 0.005779093174845934 0.0062356211656434245 0.004779764187115992 0.005001437883434983 0.00422737730061299 0.004839675996931935 0.004628786426379814 0.005876150306747762 0.00758243865030584 0.011156777223925043 0.017810582822083757 0.03630176380367663 0.049960458205515486 0.6784245590489985
0.036737499999996176 0.021495833333331094 0.014478124999998492 0.01320416666666529 0.012266666666665389 0.012168749999998733 0.013035416666665309 0.015233333333331746 0.017560416666664837 0.021766666666664398 0.0268656249999972 0.0342385416666631 0.03807708333332937 0.036433333333329536 0.026834374999997204 0.021474999999997763 0.017286458333331534 0.015345833333331735 0.013463541666665264 0.012861458333331993 0.012669791666665348 0.013764583333331899 0.015668749999998368 0.022416666666664333 0.0355437499999963 0.4791083333332834
0.04042553191488228 0.037263476578914795 0.006685728702378077 0.0024360160345352406 0.0015277660976084075 0.001323129537745263 0.0014436688812262933 0.0017828609873008206 0.002354722058699197 0.003885291396853675 0.006270849101559647 0.010150534017321182 0.013391080088578648 0.012048327867010891 0.007470636055277809 0.005460712583745281 0.0034844279987655976 0.0035573122529634297 0.002222969753033885 0.002806043786616543 0.0026742914809512307 0.004011437221426846 0.007605191601489192 0.03574692344349067 0.046236649566886376 0.7377344209904584
0.04679567207656608 0.03994486059092385 0.014987515605491575 0.007867249271742835 0.004630669995838053 0.0031398252184765773 0.0026061173533080935 0.002419891801914022 0.0026061173533080935 0.002884935497294748 0.0032688306283808503 0.003893050353724106 0.004351851851851399 0.004777361631293719 0.003230337078651349 0.003557012068247653 0.0026622971285889863 0.0031845609654595104 0.002833957553058382 0.003656887224302574 0.0047929671244273 0.008176238035787747 0.015033291718683414 0.037753849354969025 0.04899188514356544 0.7219527673740406
0.03504758418740348 0.030712390190332357 0.01266099698023245 0.008002665172033996 0.006514229502195262 0.005929435852854203 0.005806471907026988 0.0066486319546110555 0.007642352214493783 0.009206567990481846 0.011721609626645469 0.015441983894580515 0.020184674688869735 0.018337355874814363 0.01259093612737741 0.00978850201317576 0.0069160070461190696 0.0061453376647136165 0.004779865940702098 0.00509585468521157 0.005710674414347646 0.008185681277451246 0.01195609901171132 0.0306380398975066 0.03310160825402162 0.6712344436309435
0.020448430493270487 0.01766965620328585 0.009204783258593542 0.007433482810163313 0.007385650224214143 0.008125560538115377 0.009243647234677244 0.013689088191328297 0.017632286995513058 0.027568011958142367 0.03634080717488246 0.05227653213751087 0.05235426008967827 0.05378475336322066 0.03701943198803632 0.031140508221221056 0.021330343796708322 0.01731091180866707 0.011609865470850283 0.011044843049325704 0.00871300448430363 0.009576980568010526 0.011645739910312161 0.020837070254107498 0.026962630792223174 0.45965171898348883
0.037095238095233046 0.032425850340131644 0.016155102040814127 0.009771428571427243 0.00674965986394466 0.00524489795918296 0.004823129251700024 0.0049632653061217735 0.005702040816325755 0.007371428571427569 0.010681632653059771 0.017799999999997578 0.025518367346935304 0.018111564625847877 0.010838095238093764 0.007918367346937698 0.005986394557822315 0.005722448979591058 0.004991836734693198 0.005808163265305332 0.00678911564625758 0.009782312925168736 0.01657006802720863 0.03276054421768262 0.037687074829926843 0.6527319727890268
0.031894971513484326 0.02316571711665932 0.014322516720329788 0.012796631161747438 0.011508545949957143 0.010433490215501395 0.010839732474604489 0.012578647510521387 0.014312608372546786 0.017839980183295596 0.023889026504818483 0.034183799851357846 0.045068119890985844 0.039326232350736026 0.025593262323494875 0.018573197919237765 0.013599207332170623 0.011825613079013215 0.009829081000738257 0.009616051523403708 0.009739905870691236 0.011166707951443564 0.013906366113443692 0.02255139955411318 0.028298241268254497 0.5231409462469541
0.04184977213541134 0.03434371948241751 0.013060251871743131 0.008036295572915644 0.005961100260415909 0.005196889241535797 0.004739125569660856 0.004720052083332733 0.005096435546874352 0.005963643391926325 0.006880442301431417 0.008682250976561397 0.009733835856118554 0.008895874023436369 0.006795247395832469 0.00639088948567627 0.00533421834309828 0.0053761800130201496 0.004989624023436866 0.00533421834309828 0.006135304768879428 0.0087763468424468 0.01337432861327955 0.033082326253251 0.03886413574218256 0.7023874918618899
0.026904797309659403 0.023150107521958622 0.005948023426060643 0.00360312957540212 0.0026022602489015312 0.002436401903367148 0.0022848416910684873 0.002679470168374434 0.00302977443264964 0.0042050809846260456 0.005411843429721042 0.0079869372254747 0.009978667185210873 0.01276823297950037 0.007384985816250775 0.007201969710833524 0.005124450951683015 0.006143907851390044 0.004199361731331757 0.005469035962663933 0.00554338625548969 0.01111107933748011 0.02210348416910372 0.06594156066982952 0.12352586246337911 0.6232613469984467
0.05677278401996912 0.03280170620057919 0.022476071577192835 0.017867249271741794 0.013847274240531227 0.010205992509362233 0.007736163129420752 0.006835205992508652 0.006085101955887839 0.005814606741572428 0.005730337078651089 0.005823970037452578 0.00569600499375721 0.006276529338326438 0.004958385351643263 0.005688722430294872 0.005108198085725644 0.0060559717020384875 0.0061943404078229096 0.008008739076153973 0.009834581772782998 0.013942987931750526 0.020116521015395326 0.03356741573033359 0.053954431960044326 0.6286007074489567
0.03149374999999672 0.022429166666664332 0.013533333333331924 0.011509374999998802 0.010755208333332213 0.010037499999998955 0.009791666666665647 0.011140624999998839 0.012821874999998664 0.01693020833333157 0.02352395833333088 0.039126041666662593 0.05753333333332734 0.04169895833332899 0.022348958333331004 0.016596874999998273 0.012760416666665338 0.011315624999998821 0.009771874999998983 0.009938541666665631 0.010388541666665585 0.011651041666665453 0.014393749999998501 0.02400833333333083 0.034356249999996424 0.5101447916666135
0.04869101123594822 0.043782303370780366 0.009908707865167147 0.004075842696628641 0.002276685393258107 0.001646067415730106 0.0013061797752807155 0.0010365168539324388 0.0010056179775279487 0.0011839887640447775 0.0014157303370784529 0.0019297752808986053 0.002828651685392861 0.002997191011235534 0.0016615168539323509 0.0018735955056177144 0.001103932584269508 0.0016137640449435935 0.0013300561797750942 0.0020786516853929663 0.002842696629213084 0.005147471910111637 0.010946629213481609 0.041502808988758216 0.04928511235954364 0.7565294943819162
0.035663541666662954 0.0214364583333311 0.014128124999998529 0.012904166666665322 0.01202083333333208 0.012178124999998732 0.012994791666665314 0.015057291666665099 0.018098958333331448 0.023410416666664227 0.028638541666663683 0.03798645833332938 0.04209583333332895 0.038876041666662614 0.028284374999997055 0.02249270833333099 0.017283333333331534 0.015570833333331712 0.013419791666665268 0.01277499999999867 0.012210416666665395 0.013258333333331953 0.014885416666665116 0.021733333333331068 0.03474479166666305 0.4678520833332846
0.03007685185184907 0.022100925925923883 0.013056481481480274 0.011513888888887824 0.010604629629628649 0.011272222222221179 0.01232962962962849 0.014851851851850478 0.016756481481479932 0.021286111111109143 0.02557592592592356 0.03350370370370061 0.03640740740740404 0.03455462962962643 0.027309259259256733 0.02304074074073861 0.018222222222220537 0.01626018518518368 0.01367407407407281 0.01299074074073954 0.012150925925924802 0.012874074074072884 0.014449074074072739 0.022938888888886767 0.03383240740740428 0.49836666666662055
0.028905208333330323 0.02441145833333079 0.007990624999999167 0.005020833333332811 0.004147916666666235 0.004304166666666219 0.004589583333332856 0.006082291666666033 0.0077937499999991885 0.011230208333332164 0.01599270833333167 0.024836458333330747 0.029379166666663608 0.029504166666663594 0.019718749999997946 0.014618749999998477 0.009571874999999003 0.008286458333332471 0.006011458333332707 0.005572916666666086 0.005394791666666105 0.006808333333332624 0.010927083333332196 0.029911458333330216 0.03743958333332943 0.6415499999999331
0.023792708333330855 0.01745416666666485 0.010611458333332227 0.010842708333332203 0.012294791666665385 0.01464479166666514 0.01675833333333159 0.020133333333331237 0.025078124999997387 0.03259791666666327 0.04025937499999581 0.05177187499999461 0.058306249999993925 0.04996770833332813 0.03606666666666291 0.02836770833333038 0.022803124999997624 0.019245833333331328 0.016127083333331654 0.014305208333331843 0.01273229166666534 0.012061458333332076 0.01209687499999874 0.01717291666666488 0.026078124999997284 0.39842916666662515
0.04549625187405615 0.029862068965512766 0.02039130434782303 0.016452773613190936 0.013251874062966528 0.011269865067464578 0.009811094452772142 0.009221889055470882 0.00929085457271225 0.010161919040478237 0.011656671664166169 0.014328335832081809 0.01577661169415056 0.015203898050972234 0.011914542728633896 0.010850074962517114 0.008757121439279047 0.009326836581707748 0.008953523238379467 0.010326836581707598 0.012196401799098621 0.015605697151421948 0.01975862068965221 0.02896701649174978 0.04817391304347104 0.5829940029984133
0.03520147679324523 0.028754219409279667 0.013706751054850875 0.010373417721517893 0.009061181434598201 0.008719409282699502 0.008553797468353528 0.009550632911391398 0.011041139240505165 0.014973628691981542 0.019994725738394514 0.029738396624469438 0.03545464135020723 0.03091772151898408 0.020775316455694012 0.016805907172994006 0.012794303797467006 0.011989451476791984 0.010308016877636043 0.01006645569620147 0.009641350210969447 0.011465189873416512 0.01475738396624317 0.028740506329110894 0.04014556962024893 0.5464694092826428
0.03789921993550273 0.027182224487856368 0.016374834028829135 0.013997889795142084 0.012161833744307758 0.011780989188162139 0.01237818901744885 0.013443664643397097 0.015562760811833809 0.018433172894534448 0.021202816767826902 0.026189361248099306 0.02902272619498811 0.026216035185883824 0.020959787556901293 0.017526259009860833 0.014716604229891598 0.01299909901365513 0.011898058137327524 0.012074402503791838 0.011466829476477815 0.013111722306523094 0.01559536229134822 0.02576850578527691 0.04050585641122313 0.5215317953337618
0.045707702636711776 0.038317871093744155 0.013885498046872882 0.00858154296874869 0.005996704101561585 0.004707336425780532 0.0041000366210931245 0.0037475585937494283 0.003715515136718183 0.004367065429686834 0.005085754394530474 0.007177734374998905 0.008273315429686238 0.007942199707030037 0.005474853515624165 0.005558776855467902 0.004156494140624366 0.004608154296874297 0.004411315917968077 0.005220031738280453 0.006185913085936556 0.00891571044921739 0.014569091796872777 0.03655090332030692 0.04699859619139908 0.6957443237303625
0.0484066259628444 0.034080142434724466 0.018137814760425967 0.012690602342041904 0.008933657360891571 0.00692136606813067 0.006015405621247561 0.005435762681298652 0.005086545700193631 0.005422881727077566 0.005968175455770243 0.00660649829828188 0.007256270877878928 0.006752482446120865 0.005196749419640708 0.005590334131951695 0.004466828680445786 0.004705841942103731 0.0047673842789378125 0.00601969927265459 0.00685553007988956 0.009793818859433038 0.015647496944349176 0.033076859222615364 0.06561128715080941 0.6605539382800977
0.022903145900409757 0.015615556106011586 0.011023036908590031 0.011880108991819727 0.012831310378987945 0.01463462967549436 0.017126579142919433 0.02203616546939706 0.027143918751534733 0.03593262323505775 0.05036908595489206 0.06961605152337398 0.07640822392862204 0.06758484022785852 0.046029229625937064 0.034406737676475396 0.024721327718590674 0.02152093138468094 0.018137230616785665 0.016284369581364238 0.014030220460731222 0.013336636115921062 0.011795888035664209 0.013049294030213996 0.023978201634865505 0.30760465692330563
0.04676555023921953 0.03445933014352968 0.016162679425832164 0.009824561403505638 0.0064880382775098925 0.005259968102071687 0.00431897926634631 0.004491228070174006 0.004912280701752819 0.005263157894735164 0.007097288676233781 0.012121212121208255 0.023700159489625613 0.014586921850075091 0.008615629984048289 0.007524720893139545 0.005540669856457563 0.006223285486441396 0.005161084529503936 0.006019138755978941 0.006625199362039354 0.009416267942580728 0.015448165869213572 0.032960127591696024 0.04196172248802489 0.6590526315787372
0.02362571132228194 0.018190227903451296 0.0121043926779323 0.008628374400804915 0.007501471701284584 0.007801418439714125 0.008656406806265619 0.011832478344963464 0.014745045272330686 0.02152888739382123 0.030143245591895792 0.04645530232947987 0.052692512544486675 0.05196367000250835 0.03449948140048931 0.02693633840719117 0.018170605219628804 0.015515936422500065 0.011849297788239888 0.011131668208445846 0.01014212429568297 0.012157654248307639 0.014854371653627433 0.022773526196276518 0.03536568272922508 0.4707341686988841
0.05937916666666048 0.044015624999995416 0.012509374999998697 0.006799999999999292 0.004317708333332884 0.002877083333333034 0.0019427083333331309 0.0017687499999998158 0.0014864583333331785 0.0015145833333331756 0.001548958333333172 0.0019270833333331326 0.002137499999999777 0.002694791666666386 0.0018947916666664693 0.0024854166666664077 0.001996874999999792 0.002646874999999724 0.002524999999999737 0.003676041666666284 0.0044854166666661996 0.006952083333332609 0.013301041666665282 0.04031979166666247 0.050719791666661386 0.7240770833332579
0.014823929055907875 0.010388522035493012 0.0074147673128009605 0.007334887944660788 0.00826120833660209 0.008478424162246421 0.008029978586722643 0.011998721930108076 0.013358072580914527 0.02096903483300714 0.019022500756749244 0.03396554816865562 0.029986995078305607 0.05311697702836795 0.01912059822639507 0.02861783468053457 0.017061952756256226 0.02748410820991352 0.015364866531383432 0.03057137571891003 0.022937991188041226 0.034667645772835036 0.028132952901999488 0.029115328990881262 0.2135483816719994 0.2862273955401686
0.041065959395017185 0.03219980423730473 0.016178838685227438 0.010959552903283458 0.008670392472606274 0.0074421394966981014 0.006886426068009571 0.006564364876383264 0.0070064096492036855 0.008553566354075162 0.010511193205137031 0.013330807363198721 0.014669571532311998 0.012727731994565145 0.009194531274664774 0.008724069337877324 0.00637175965394008 0.006491743235134195 0.006223358908778938 0.007202172334309873 0.007982065612071617 0.010381737235953906 0.015689431972461972 0.02959489754032724 0.04378137728519978 0.6515960973759428
0.04007766745973072 0.03686344710834026 0.007083295204977026 0.003977740666178055 0.002795285047583788 0.0022705435578327647 0.0020217560395311895 0.002599400622254387 0.002971152086383177 0.004348062316983273 0.006359809663249456 0.01368760294655734 0.021116912975838856 0.01766248398608825 0.007692395680818812 0.005853655746704873 0.003560235175694952 0.0034301221632498757 0.0021475796120055493 0.0025250503294286285 0.0026651720351387113 0.00423939650439178 0.007575150988285886 0.037626967423127856 0.04291012765372739 0.7159389870057542
0.022158333333331025 0.015723958333331695 0.009242708333332371 0.008624999999999102 0.008719791666665758 0.010621874999998894 0.012769791666665337 0.01685729166666491 0.021628124999997746 0.02924791666666362 0.038262499999996015 0.055697916666660865 0.07056979166665932 0.058191666666660605 0.03182812499999668 0.025415624999997354 0.017888541666664804 0.017930208333331466 0.01383437499999856 0.014967708333331773 0.012901041666665322 0.014838541666665121 0.014606249999998478 0.018398958333331418 0.10437499999998913 0.3346989583332985
0.039406162464963916 0.03559103641454589 0.01024089635853768 0.00677871148459004 0.00504761904761622 0.0045882352941150764 0.004476190476187968 0.004829131652658359 0.0055854341736663385 0.006812324929968173 0.008308123249295066 0.011092436974783702 0.011260504201674364 0.011854341736688036 0.007086834733889587 0.007165266106438563 0.004196078431370198 0.0045714285714260105 0.0036694677871127904 0.004229691876748331 0.004733893557420317 0.005871148459380465 0.009361344537809882 0.031154061624632405 0.038509803921547056 0.7135798319323733
0.022406124713628652 0.02108726195589684 0.009605661154065363 0.007388539876860571 0.0068146835624276455 0.006522721577891595 0.007258778994844549 0.00962467783505047 0.012564432989689317 0.018395842282357622 0.026471219931268518 0.03687893757158808 0.04282220969358055 0.03675365120274503 0.02625979918384586 0.01920684779495776 0.013011884306985945 0.010081078178693031 0.0080216834908353 0.007059663158647549 0.006599906930125264 0.0076704342067574465 0.010284668528062996 0.022180161798393855 0.026748639747992426 0.5782804893326959
0.032972743283088836 0.02854557462319425 0.015353661533418743 0.011689312336171506 0.00953012368938279 0.007912332077325331 0.0068282581094355616 0.0072595838794223995 0.008630355095018555 0.010914973787678812 0.015166796363038687 0.023153362549145136 0.03563877170707277 0.028121928243770973 0.019578606241806143 0.016199674393838032 0.01337621846330104 0.012655635648753294 0.01114663540301299 0.01073066841415328 0.010619317250981603 0.011506286861073233 0.013939373771295725 0.02661292799803067 0.03628512041283939 0.5756317578636223
0.04263571428568383 0.027514285714266062 0.020485714285699654 0.015399999999989 0.01333571428570476 0.011435714285706118 0.010035714285707117 0.009549999999993179 0.011157142857134887 0.012799999999990857 0.014364285714275454 0.018849999999986537 0.021685714285698796 0.016921428571416486 0.011571428571420307 0.010842857142849398 0.008242857142851254 0.008814285714279418 0.007428571428566123 0.00745714285713753 0.00773571428570876 0.009399999999993285 0.012499999999991072 0.020071428571414234 0.1302571428570498 0.5195071428567718
0.04710729166666176 0.03132499999999674 0.014983333333331773 0.011840624999998767 0.010285416666665595 0.00980312499999898 0.009254166666665703 0.008723958333332425 0.008790624999999084 0.009534374999999007 0.010915624999998864 0.012404166666665375 0.013036458333331976 0.013139583333331964 0.011196874999998834 0.010544791666665568 0.009265624999999035 0.009524999999999008 0.009564583333332337 0.010129166666665612 0.010671874999998889 0.011686458333332116 0.015163541666665087 0.02977708333333023 0.04595104166666188 0.6153802083332692
0.030587499999993627 0.029895833333327106 0.007868749999998361 0.004233333333332452 0.0032645833333326533 0.002852083333332739 0.00318333333333267 0.003958333333332509 0.005845833333332115 0.008070833333331652 0.011593749999997585 0.01644583333332991 0.019360416666662633 0.0172874999999964 0.011495833333330938 0.008108333333331644 0.005222916666665579 0.004033333333332493 0.003027083333332703 0.0028166666666660798 0.002979166666666046 0.004187499999999128 0.007656249999998405 0.028370833333327423 0.029349999999993884 0.728304166666515
0.0350753784179634 0.031964111328120125 0.010820007324217099 0.007955932617186285 0.006843566894530206 0.006039428710936578 0.005554199218749153 0.005650329589842888 0.00635986328124903 0.008074951171873767 0.010430908203123408 0.013932800292966624 0.01625213623046627 0.015373229980466405 0.011030578613279567 0.008955383300779883 0.006616210937498991 0.006286621093749041 0.005393981933592927 0.005693054199217881 0.005958557128905341 0.007385253906248873 0.01034851074218592 0.030723571777339063 0.03537139892577585 0.6859100341795829
0.022356561127376013 0.02118268438872318 0.007798201866763161 0.005686367587846917 0.004654042368227739 0.004991478312590794 0.005403264549779608 0.007805350933381022 0.01033040126280965 0.014554069820642135 0.019824361731329523 0.0274052319729097 0.029840204062953273 0.031138474560756895 0.023278790721080127 0.018255856515370743 0.01243365666178446 0.009902887079061541 0.006855954886529034 0.005963751372619938 0.005028653459003674 0.006711543740848235 0.010073034864566642 0.025928234809659542 0.02886793100292413 0.6337290103403194
0.020617283950613307 0.016006944444441357 0.009457947530862373 0.0070640432098751805 0.005918209876542068 0.006221064814813615 0.006707175925924632 0.009907407407405497 0.0130227623456765 0.020723379629625633 0.03160300925925316 0.05526427469134736 0.071317515432085 0.06120563271603758 0.025484182098760515 0.02207368827160068 0.014492669753083625 0.017509645061725018 0.009951774691356104 0.011950231481479176 0.009373070987652513 0.014855324074071209 0.014689429012342846 0.020291280864193618 0.07108989197529493 0.4332021604937436
0.02966310794780194 0.02202965599050747 0.014877817319096693 0.011934756820876401 0.01099762752075789 0.010607354685645243 0.010958481613284584 0.013068801897981843 0.015438908659547397 0.020009489916960853 0.026622775800708584 0.04214590747330461 0.06738671411624349 0.049432977461441346 0.028536180308418917 0.021525504151836117 0.016701067615656384 0.015098457888491684 0.01306049822063902 0.012837485172003222 0.012252669039144454 0.01340332147093554 0.015539739027281669 0.02127283511269024 0.03229537366547659 0.4523024911031492
0.030975341796870275 0.025061035156246175 0.018849182128903373 0.016673278808591204 0.014259338378904075 0.01264495849609182 0.011845397949216942 0.012425231933591853 0.0137634277343729 0.0167098999023412 0.022613525390621548 0.03463287353515097 0.05393981933592927 0.03792572021483796 0.02274475097655903 0.017744445800778542 0.014701843261716507 0.013841247558591637 0.01271667480468556 0.01322937011718548 0.015037536621091455 0.017228698730466122 0.019300842285153306 0.022912597656246505 0.034255981445307275 0.47396697998039644
0.02644144144143668 0.02413873873873439 0.013517117117114681 0.010387387387385516 0.009045045045043415 0.008736936936935363 0.008846846846845252 0.009974774774772977 0.012180180180177986 0.016437837837834875 0.02440720720720281 0.041893693693686146 0.05380180180179211 0.044790990990982923 0.027843243243238225 0.019104504504501064 0.013875675675673176 0.012562162162159898 0.009981981981980184 0.00990450450450272 0.010001801801799999 0.012012612612610447 0.01619819819819528 0.02278558558558148 0.03070270270269717 0.5104270270269351
0.024421073920506523 0.023327112769917297 0.00976751027311808 0.006798187150090184 0.0058926814918293545 0.006016786328240737 0.0060029969019728055 0.007083168626294099 0.00869193502421943 0.011794555934503997 0.017466606606046448 0.03071824524952853 0.0477252043133106 0.034901037884134394 0.019783230219058926 0.013794022743354051 0.009312459206276344 0.009124003713947948 0.006917695511078923 0.007092361577139387 0.006867134281429841 0.007643938627856644 0.010512139291586377 0.022476764816728192 0.026011454416741277 0.61985769312063
0.03679629629628267 0.030807407407395997 0.018033333333326653 0.01168888888888456 0.008570370370367196 0.007392592592589855 0.007125925925923287 0.007262962962960273 0.00843333333333021 0.009940740740737058 0.01352962962962462 0.01948518518517797 0.026662962962953087 0.02147407407406612 0.014985185185179635 0.013129629629624768 0.009807407407403775 0.009851851851848203 0.008618518518515327 0.009033333333329988 0.009299999999996556 0.011437037037032801 0.01680370370369748 0.0281111111111007 0.03958888888887423 0.6021296296294066
0.0324382781982391 0.027416229248044263 0.015795707702635213 0.011907577514647303 0.010093688964842789 0.009500503540038157 0.009516716003417061 0.010782241821288036 0.012234687805174616 0.015149116516111838 0.01894760131835757 0.024230957031247693 0.026904106140134155 0.025163650512692915 0.018286705017088102 0.014667510986326729 0.011628150939940298 0.01065444946288961 0.009480476379393627 0.009410858154295978 0.010265350341795897 0.012112617492674628 0.015622138977049293 0.02615070343017329 0.03380680084228194 0.5778331756591246
0.017183688404615143 0.01806391283135102 0.010501707594728715 0.008887624003901267 0.00801756383151569 0.008263538786792922 0.008881525451291087 0.01172751666937475 0.013935192714259649 0.020149617824032334 0.028966092047481507 0.06251626280694778 0.11689095787930621 0.08176736054641369 0.03423727435354646 0.023328996584805795 0.01579931696210445 0.013912831354688992 0.010538298910389791 0.009755651325416784 0.008481053829889316 0.00919661733615035 0.010430557814276624 0.019517401203443748 0.024040494389326712 0.4050089445437459
0.025825653585895943 0.020702377169246118 0.010979003092563507 0.00961486292716204 0.008975422224630103 0.009331958858769123 0.009579984343387572 0.011556437423940831 0.013916554926013255 0.018939070989536837 0.028530681527515898 0.0494345794030145 0.06417271874682637 0.050860725939570584 0.030216479743281913 0.0218959998139724 0.01416070501243454 0.011521558840166363 0.009281578682206 0.008952169835447122 0.009002550012010245 0.01032793619544008 0.011165022206027343 0.019369240189421957 0.02483355164742215 0.49685317666370965
0.03867928028194423 0.03798738638470822 0.013413095900572545 0.005991467260247451 0.003650528658875227 0.0028529029864583838 0.002888146911518663 0.002806529400852753 0.0037469857169349385 0.005657577443886912 0.008874049341493438 0.014746800222590475 0.02196994991652347 0.01812650714152882 0.009857169356332803 0.006560934891484593 0.003919495455387884 0.004364681877201936 0.0036931923576324073 0.005179002040436806 0.007486551660172976 0.012251901317007558 0.016994991652751437 0.03322203672787364 0.03566314227415402 0.6794156928212429
0.04412249999998897 0.03204249999999199 0.01563249999999609 0.01207999999999698 0.009804999999997548 0.00871749999999782 0.007857499999998036 0.007764999999998059 0.007754999999998061 0.00844249999999789 0.009187499999997703 0.011334999999997167 0.012299999999996925 0.012127499999996969 0.009102499999997724 0.00876499999999781 0.007509999999998122 0.008187499999997953 0.00735999999999816 0.008412499999997897 0.008974999999997756 0.01083749999999729 0.014864999999996284 0.03207499999999198 0.04608749999998848 0.6386524999998403
0.0371961988058091 0.028553808202273833 0.01565890169034966 0.01216606396994585 0.010021584952201939 0.009427297956435 0.009006811874524429 0.00978611274633202 0.010977489978411971 0.012365094048716855 0.0149524850727399 0.018933086648159972 0.023059456731975708 0.019521767162834772 0.014089086984550196 0.011756790850219561 0.009657163681212779 0.009236677599302207 0.008193872116163991 0.008261149889269683 0.0093796428671518 0.01132509180612471 0.014142348554925533 0.028144535082547543 0.03806240013454488 0.6061250805929957
0.0546490944372486 0.03118208279430285 0.021140038809828406 0.014702457956013146 0.010802069857695537 0.007812095730917236 0.006198253557566915 0.005727684346700238 0.005753557567916275 0.0064181759379032316 0.00759217335058092 0.009167205692107185 0.010536869340231155 0.010063065976712474 0.0071943725743843475 0.006565329883569443 0.005202134540749482 0.005498059508407908 0.0048722509702450074 0.006112548512288792 0.00768919793014106 0.012176584734797513 0.01975258732211841 0.03235608020698054 0.047655239327288546 0.643180789133143
