0.031017082192035625 0.03177610309873806 0.005986569959192713 0.002604457813926584 0.0015960692790727776 0.0013391318221625758 0.0012322807777591265 0.0013796012912963074 0.0015592391506884823 0.002096988139825188 0.0032183418115414963 0.00585307894050339 0.010573158318892276 0.008335254905248914 0.004442616039651863 0.0033560544655001656 0.0025201706821696393 0.0026437626940204956 0.002102519937764331 0.0026038755194066738 0.00315589072428117 0.00555261496822993 0.012003128086160782 0.05509088452866672 0.12360758822926386 0.6743535366239863
0.04067864271448966 0.03740518962068382 0.008463073852278517 0.0038123752494933884 0.0030139720558822075 0.002375249500993263 0.0028942115768405305 0.004091816367257302 0.0063473053892088875 0.008343313373236839 0.01001996007982032 0.014031936127716502 0.01616766467062641 0.017984031936091847 0.010718562874230102 0.009401197604771655 0.005229540918153234 0.00499001996006988 0.0029940119760419283 0.0037724550898128296 0.0032135728542850026 0.004790419161667085 0.007724550898188174 0.028043912175592725 0.03155688622748192 0.7119361277430899
0.045457544058042254 0.03657760814248502 0.013457732541698837 0.008309772877200946 0.005736971067758521 0.005037225520684894 0.004436433889359053 0.004570728489302476 0.004695598906793729 0.005223353124115252 0.005645085288849862 0.007388559042501322 0.00894119310149634 0.008583074168313876 0.006356611063988701 0.006022052586936664 0.004594288945432901 0.005143247573271807 0.004485910847232945 0.005084346432945744 0.005461313731032546 0.007744321930070742 0.012873433229664293 0.03452784845913803 0.045655451889537825 0.6979902930919099
0.04456196134213964 0.03340473600534961 0.018786712409000286 0.012114467408583029 0.00800937160070153 0.006382729478703643 0.005703288427745677 0.005875658940673437 0.006688980001672381 0.007726550079489963 0.009707974228096442 0.013513513513511252 0.015903271692742714 0.01631997322399526 0.011759685381974435 0.0110568153292593 0.009267843695086726 0.009905447242906885 0.009488745711654341 0.010633419797504704 0.012171366412850444 0.015215463141157189 0.0194042339553143 0.028295540122160776 0.046538364990369584 0.6115638858671891
0.05100651909144277 0.047961888387248505 0.00838168923272304 0.0035819184755226667 0.0011462139121672533 0.0017909592377613334 0.00118203309692248 0.00139694820545384 0.0011103947274120267 0.0012178522816777067 0.00139694820545384 0.00204169353104792 0.00236406619384496 0.0054086968980392265 0.00118203309692248 0.0036893760297883466 0.0007163836951045333 0.0036177376602778933 0.0005731069560836266 0.00182677842251656 0.0012178522816777067 0.003259545812725627 0.006160899777898987 0.038756357905155255 0.03954437996977024 0.7694677269117792
0.03834731158087685 0.029927332261025112 0.016353113511027063 0.010920266544116078 0.009191176470586915 0.008480296415439958 0.008638269761028172 0.009810144761028003 0.010638786764704354 0.012258731617645298 0.014032341452203867 0.017777745863968034 0.022262752757349746 0.022571518841908524 0.01563505284926246 0.01413574218749797 0.011415728400733655 0.011544979319851283 0.00932904411764572 0.009696691176469195 0.009731158088233896 0.012456916360292329 0.016406249999997645 0.030938361672789676 0.05006175321690458 0.57743853400727
0.020428941813506615 0.013909921071951015 0.009767059012480244 0.01052851964023344 0.010964459434653347 0.012828675660791112 0.015868782121877312 0.02218560710352105 0.03191824981644183 0.04627845080762919 0.06078922310938923 0.07205625917766954 0.07077712004404271 0.060761976872237985 0.04713455625917092 0.03730870273494326 0.02900290244125869 0.022845252845077487 0.017793226872244144 0.0145064702643151 0.011516554240086454 0.009768493024961888 0.009194888032304114 0.013231633168133198 0.022734833883990866 0.30589924054694584
0.023321492007100653 0.018564831261097946 0.007442273534634557 0.005875666074599312 0.00575843694493681 0.005193605683835667 0.004158081705150239 0.005999999999998934 0.006124333925398557 0.00882593250443893 0.008460035523977182 0.014373001776196381 0.012849023090583863 0.02543516873889424 0.011365896980459794 0.015859680284189014 0.009674955595024924 0.01759147424511233 0.010229129662520386 0.020028419182944932 0.01760035523978373 0.03440674955594415 0.03896802841917603 0.048786856127877656 0.17680994671400058 0.4462966252219456
0.013784999999998621 0.012525999999998748 0.00550599999999945 0.003966999999999604 0.003329999999999667 0.0026839999999997317 0.0024659999999997535 0.002647999999999735 0.0031159999999996885 0.00439899999999956 0.006188999999999381 0.011281999999998871 0.020077999999997993 0.026849999999997314 0.011882999999998811 0.014028999999998596 0.008438999999999156 0.01579999999999842 0.007461999999999254 0.01229499999999877 0.00869699999999913 0.01460099999999854 0.012159999999998785 0.017659999999998233 0.5432329999999457 0.2149149999999785
0.053283850652151854 0.03807917228961296 0.02053531264052961 0.01333783175885439 0.009941520467813896 0.007174988753919984 0.006095366621668701 0.005330634277990709 0.005038236617172654 0.006680161943304813 0.007242465137185689 0.007984705353108447 0.006432748537997227 0.00937921727393302 0.005083220872683124 0.009694107062506311 0.004925775978396478 0.008299595141681737 0.005083220872683124 0.006657669815549578 0.007242465137185689 0.010526315789450008 0.01630679262254542 0.03180386864590237 0.042352676563107615 0.6554880791708153
0.04229256415051078 0.03839670350245664 0.007286008615832017 0.003614909159011772 0.0026034837984592555 0.0021726915152609615 0.0021914216145304524 0.0034088780670473704 0.0038396703502456644 0.006199662858201537 0.006930136729711687 0.009964412811369236 0.007960292189533695 0.012624086907636965 0.00608728226258459 0.007904101891725222 0.003633639258281263 0.005937441468428662 0.0030717362801965316 0.0045139539239473425 0.0036898295560897363 0.007023787226059143 0.008672035961774354 0.031166885184433103 0.045701442217558154 0.7231129424972408
0.038685208596651886 0.032458912768595985 0.012452591656111801 0.008043615676346328 0.007443109987346013 0.007190265486714301 0.007869785082162026 0.010176991150426395 0.010540455120084481 0.012721238938032994 0.013685208596691395 0.014080278128928444 0.013827433628296732 0.016972187104903648 0.010271807838163288 0.008012010113767364 0.006747787610608806 0.006099873577740045 0.003966498103659977 0.00510429835650268 0.004693426042976148 0.007158659924135337 0.01117256637166376 0.02737041719338279 0.028508217446225493 0.6747471554983016
0.04023449131513149 0.03278039702232844 0.016424317617863966 0.010155086848633976 0.006930521091810554 0.0057084367245650485 0.00500744416873387 0.00532258064516063 0.005596774193547692 0.0073014888337459925 0.010045905707194783 0.0182220843672434 0.02611042183622505 0.02458684863523268 0.01154838709677276 0.009295285359800336 0.007243176178659151 0.007506203473944478 0.006410669975185309 0.007557071960296829 0.009158808933001346 0.013251861042181979 0.020084367245655075 0.03291315136476018 0.047464019851110734 0.6131401985110901
0.01816277962873957 0.015816277962867293 0.0119942884340733 0.009871489766773026 0.009271775345069361 0.011456449309846998 0.01240837696334488 0.01609709662064917 0.019067110899562558 0.027967634459767746 0.03861494526414155 0.06247025226079844 0.08244169443118399 0.082208472156077 0.05055211803900497 0.03633507853401412 0.021318419800085045 0.016772965254632663 0.011627796287476616 0.011465968586381978 0.010395049976196861 0.0128034269395465 0.013588767253682252 0.017034745359344582 0.02473108043787495 0.3555259400283886
0.04752082351082917 0.0440633349048325 0.008899104196116416 0.004164702184495983 0.0026913405626224044 0.0027502750274973472 0.002907433600497196 0.00223950966524784 0.0034378437843716842 0.003634292000621495 0.0045379537953706235 0.0055005500549946944 0.00634527738486888 0.00783828382836744 0.00485227094137032 0.005677353449619524 0.0035164230708716084 0.00390931950337123 0.0024948923463725937 0.0035950023573715325 0.0031628162816219494 0.0055791293414946186 0.009233066163741095 0.03321939336784296 0.03616611661159012 0.7420634920620343
0.04633410672852037 0.03940061871614872 0.01018174787315925 0.004632637277647087 0.0028499613302386505 0.00249806651198666 0.001964423820571553 0.0020185614849180127 0.002455529775714441 0.002559938128382614 0.0028963650425356162 0.003971384377415324 0.005572312451660645 0.0057965970610959795 0.0036465583913365637 0.0034957463263714248 0.002935034802783088 0.0037122969837572652 0.003201856148490641 0.003955916473316336 0.004926527455527871 0.0069914926527428495 0.012532869296205517 0.03117942768753628 0.05954756380508138 0.7307424593964692
0.04081996434930335 0.02868092691616991 0.01408199643491251 0.013083778966108585 0.015472370766460833 0.018680926916187734 0.019768270944706297 0.019376114081961895 0.019108734402817986 0.02057040998213802 0.01948306595361946 0.02276292335111807 0.02276292335111807 0.02454545454541079 0.018502673796758462 0.018092691622071135 0.013778966131882746 0.016292335115835485 0.013511586452738839 0.013386809269138348 0.013351158645252494 0.013885918003540311 0.014616755793200327 0.023386809269120522 0.036007130124713 0.5059893048119323
0.04430816135083389 0.040307223264530886 0.012439024390240985 0.005651969981236948 0.0035858348968096656 0.0028025328330199806 0.002335834896809959 0.002237335834896286 0.0022865853658531224 0.0025187617260782084 0.003013602251406423 0.00448170731707212 0.006632270168853979 0.005173545966227679 0.003107410881800397 0.003227016885552714 0.0022115384615379427 0.002779080675421487 0.002305347091931917 0.0031003752345208488 0.0037499999999991204 0.006381332082550098 0.011500938086301243 0.03765009380862156 0.04409943714820729 0.7421130393994507
0.050353028613764526 0.042363433667669044 0.0122100122099798 0.008095768965312694 0.005308700960860783 0.004087699739862802 0.0030259595476906462 0.0025216329564088716 0.002548176461213176 0.0017518713170840583 0.0019376758507141858 0.0015926102882582347 0.0019376758507141858 0.004698200350361793 0.0023623719275830484 0.004193873759080018 0.001566066783453931 0.0040611562350584985 0.0017253278122797543 0.003371025110146597 0.002999416042886342 0.005229070446447871 0.009263683176702066 0.03692201518278675 0.041062801932258156 0.7448107448087679
0.04506511065249764 0.04174197680207661 0.008048103607764855 0.0034298726250598234 0.0025332669180939777 0.0028107877321548345 0.00238383263359967 0.0032235109940914938 0.0027111648758252962 0.003778552622213208 0.003579306909554131 0.00489575179676589 0.005116345264352724 0.012182452145440701 0.004184159965840615 0.007350743613458086 0.0032733224222562633 0.007884437486652043 0.0032875542588747687 0.0061125738276481085 0.004810360777054857 0.007756350957085493 0.009229346047100812 0.040076851917711466 0.052430086102574235 0.7121041770435408
0.045308254963395814 0.04183211424587821 0.007983281086723802 0.0033716475095761952 0.0018669453152198767 0.0014907697666307971 0.0011354928596299997 0.0019923371647495697 0.001309648206199018 0.00293974225008503 0.0023197492162993242 0.0037896203413418394 0.0037687216997535572 0.012978056426323248 0.002410309996515214 0.005719261581326563 0.0019993033786123307 0.008310693138273555 0.0020619993033771772 0.005426680599090612 0.0030024381748498764 0.004576802507833802 0.00835249042145012 0.03841866945312545 0.0436781609195098 0.7439568094735326
0.046494027164082706 0.04465308460149254 0.009143348060864483 0.005083046964485065 0.0029966453935495454 0.002597774504988343 0.0015750286368826961 0.0017284405170985432 0.0020148093601681243 0.0020864015709355197 0.002556864670264117 0.0035182457862834252 0.004387579774173225 0.005379643266235703 0.002700049091798908 0.00393757159220674 0.00222958599247031 0.0031091474390411663 0.0018818523973143902 0.00327278677793807 0.003692112583861385 0.0055637375224947185 0.010789968908514575 0.034957453771851006 0.046483799705401646 0.7471669939445803
0.04920398009942089 0.046865671641713326 0.017893864013237323 0.00943615257046528 0.005124378109444238 0.0035489220563788577 0.002470978441123597 0.004228855721386021 0.003117744610276753 0.0033167495854008015 0.0031509121061307614 0.0034825870646708413 0.0037147595356488974 0.00533996683249529 0.002868988391371693 0.004494195688218086 0.002553897180758617 0.004029850746261974 0.0027860696517366733 0.004046434494188978 0.0044610281923640775 0.008739635157531112 0.015472636815894739 0.03522388059695651 0.041376451077875 0.7130514096173913
0.033198653198638295 0.034868686868671214 0.014751964085290796 0.008022446689109754 0.0054141414141389834 0.004781144781142635 0.004152637485968955 0.004359147025811735 0.004202020202018315 0.005099887766552144 0.006235690235687436 0.008323232323228586 0.012552188552182916 0.010698092031420562 0.006437710437707547 0.006671156004486343 0.006069584736248678 0.006940516273846491 0.005840628507292552 0.006563411896742284 0.006778900112230402 0.009916947250276132 0.016430976430969055 0.032457912457897885 0.04018855218853415 0.6990437710434572
0.04063680518077695 0.03568267674041131 0.009776038855906699 0.005110631408525334 0.003615758229896488 0.0031705342687525172 0.0033054506206143266 0.003977334052886136 0.005358877495951064 0.0069589854290321215 0.009854290339986548 0.013801942795463087 0.015240151106309973 0.014921748515916104 0.009622234214784236 0.007628170534266695 0.004476524554774831 0.0040852671343755845 0.003281165677279201 0.0034295736643271913 0.0037587695628700057 0.005286022665945686 0.009975715056662176 0.0340933621154792 0.04104425256339961 0.7019077172151371
0.03190980651800208 0.034208783932843725 0.01096152431396498 0.007246376811580875 0.006363569484281683 0.006124475833138151 0.00542558669902629 0.0085338041638922 0.008699330537760798 0.01079599794009638 0.011439711616252042 0.015393952769779676 0.01726991834029046 0.028194659015617976 0.015044508202723746 0.019293018465351114 0.01425365997201822 0.01726991834029046 0.011439711616252042 0.016644596483453535 0.015283601853867278 0.01991834032218804 0.01938497756194478 0.03227764290437674 0.05725373353921641 0.5593687927599511
0.027698412698357742 0.03101190476184323 0.013154761904735805 0.009384920634902014 0.00793650793649219 0.006527777777764826 0.006369047619034982 0.007480158730143889 0.0075396825396675795 0.010138888888868772 0.015813492063460687 0.031527777777715225 0.04269841269832798 0.03605158730151577 0.01509920634917639 0.01632936507933268 0.00843253968252295 0.011031746031724143 0.00839285714284049 0.010952380952359222 0.009047619047601096 0.01583333333330192 0.018472222222185572 0.029583333333274637 0.044166666666579035 0.5593253968242871
0.05808293269213316 0.032031249999903755 0.024669471153772025 0.021213942307628565 0.014783653846109425 0.01177884615381076 0.010246394230738443 0.010006009615354548 0.00892427884612703 0.009074519230741963 0.008443509615359245 0.008593749999974178 0.008473557692282231 0.012379807692270492 0.007992788461514445 0.011478365384580894 0.008203124999975352 0.010006009615354548 0.007962740384591459 0.00793269230766847 0.009314903846125856 0.014903846153801371 0.019381009615326378 0.027463942307609783 0.04197716346141233 0.5946814903828285
0.03433749257276629 0.02576945929885575 0.014783125371351881 0.011978609625661331 0.009162210338675482 0.00818181818181332 0.007142008318474663 0.008431372549014599 0.007866904337487898 0.010190136660718841 0.010588235294111356 0.014753416518113634 0.016755793226371506 0.022828282828269264 0.014171122994643987 0.015151515151506149 0.011604278074859415 0.013321449792030112 0.010582293523463706 0.013933452168738007 0.01244800950682564 0.015597147950079859 0.01928104575162253 0.029536541889465515 0.04942959001779594 0.5921746880566892
0.02578944629475303 0.022830974188175333 0.008556931723563253 0.005088988343047196 0.004290695253954814 0.003423189009158856 0.0026358243130723026 0.004514987510407758 0.004408305578684201 0.006559637801831466 0.005279454621148768 0.008964925062447494 0.007800270607826405 0.020334096586177127 0.006468567860116233 0.011664758534553931 0.007133638634470903 0.015061927560365578 0.008314945878434206 0.017260616153204764 0.013114592006660434 0.019407785179016476 0.0167428184845953 0.02835553705245481 0.29050322647791993 0.43549385928390744
0.045668925202452276 0.03945795137491877 0.012421947655067019 0.008004517071847999 0.0042181480005174105 0.003188521323225759 0.0035870864886289786 0.003553872724845377 0.005314202205376264 0.006011691244831899 0.005679553606995883 0.009399495150759269 0.011525176032909774 0.013385146804791467 0.005347415969159866 0.006177760063749907 0.003952437890248597 0.00501527833132385 0.0030224525043077506 0.003653514016196182 0.002989238740524149 0.005314202205376264 0.010096984190214903 0.030158097515510303 0.032283778397660806 0.7205726052852379
0.013781738281247896 0.016143798828122537 0.005639648437499139 0.004321289062499341 0.004171752929686863 0.005609130859374144 0.0072082519531239 0.011381530761717013 0.016007995605466306 0.02639923095702722 0.04153747558593116 0.07159271240233282 0.0907974243163924 0.085174560546862 0.049705505371086166 0.03408966064452605 0.019355773925778298 0.015194702148435182 0.010197448730467193 0.009068298339842367 0.007180786132811404 0.008161926269530004 0.01009063720702971 0.016621398925778713 0.022322082519527844 0.39824523925775174
0.043858726150315906 0.033319304152579055 0.015361952861925923 0.009189113355763908 0.006593714927036697 0.004840067340058853 0.005243406285063756 0.00576950056115711 0.006067620650943344 0.006997053872041602 0.009329405162722135 0.011731902356881783 0.01402918069582276 0.01820286195283003 0.0075932940516140685 0.008803310886628783 0.0041912177328770495 0.009206649831633686 0.004471801346793505 0.008996212121196345 0.008049242424228309 0.013222502805812952 0.014187008978650766 0.02930345117839979 0.05799312570135733 0.6434483726139109
0.05359439300402907 0.04554076646083214 0.008889531892989825 0.0032793209876490494 0.0012217078189280773 0.000594778806583406 0.00041795267489644746 0.0005144032921802431 0.0004018775720158149 0.00041795267489644746 0.00025720164609012154 0.00046617798353834524 0.0006269290123446712 0.00260416666666248 0.00041795267489644746 0.002427340534975522 0.0003536522633739171 0.0015271347736600966 0.0007233796296284668 0.0018486368312727484 0.0015271347736600966 0.0033275462962909473 0.0079893261316744 0.041602366255077156 0.05978330761307262 0.7596450617271739
0.02428373628707987 0.026813292150317358 0.008360847800595482 0.006070934071769968 0.00545851528382826 0.00535200766853405 0.00492597720735721 0.008014698050889299 0.010624134625597444 0.014644797102953869 0.015496858025307548 0.025428693151492626 0.025907977420316572 0.034907870912677316 0.016561934178249648 0.02074235807854739 0.012275002662657698 0.014751304718248079 0.007535413782065355 0.013393332623246903 0.008520609223536797 0.01507082756413071 0.014644797102953869 0.026547023112081833 0.03860901054415111 0.5950580466487511
0.043915152610738625 0.04219771611069602 0.011449576666950722 0.006719093675605292 0.0032992859079765896 0.00311850311849842 0.0025761547500639127 0.0019132845219772918 0.0024556328904117995 0.001822893127238207 0.0027268070746290537 0.0029979812588463075 0.004173069390454408 0.004790743921171486 0.0028623941667376804 0.004896200548367085 0.0027268070746290537 0.0043839826448456055 0.003028111723759336 0.003736177649215499 0.0031636988158679625 0.005513875079084163 0.009250052728299662 0.03358040314556995 0.035614209527199354 0.75708819186966
0.022864583333332338 0.015941840277777085 0.01258072916666612 0.010902343749999526 0.009858940972221794 0.010091579861110672 0.010236545138888444 0.012190104166666138 0.014537760416666035 0.02008159722222135 0.02651345486110996 0.04032031249999825 0.04931119791666452 0.045796006944442455 0.03127387152777642 0.026233506944443305 0.01871223958333252 0.017026041666665926 0.013045572916666099 0.014200520833332717 0.013679253472221627 0.01708333333333259 0.02174305555555461 0.026907552083332165 0.05978342013888629 0.4390846354166476
0.026905472636762375 0.025373134328307716 0.013054726368133224 0.009492537313413945 0.007004975124364169 0.007084577114413762 0.007542288557198921 0.009114427860678379 0.011920398009926527 0.013373134328331596 0.017611940298472413 0.030487562188994056 0.0565572139302357 0.03757213930340782 0.01789054726364599 0.01729353233827404 0.011024875621868607 0.013154228855695215 0.007920398009934486 0.010149253731323086 0.0071044776119261605 0.011243781094504987 0.013373134328331596 0.023701492537266264 0.02953233830839894 0.5645174129342
0.033778966131847096 0.024509803921524936 0.013725490196053965 0.0145989304812574 0.015508021390346688 0.018413547237043824 0.01909090909087506 0.019572192513334096 0.02147950089122731 0.024081996434894684 0.03317290552578757 0.0526381461674641 0.0680213903742103 0.05547237076638953 0.03065953654183483 0.019500891265562387 0.012566844919763695 0.011907308377875387 0.009090909090892886 0.011301247771815862 0.01240641711227735 0.01573975044560474 0.015418894830632052 0.01999999999996435 0.02737967914433622 0.39996434937540115
0.02740798611110992 0.025899739583332207 0.011002604166666189 0.00697395833333303 0.005411458333333098 0.0051258680555553325 0.0051119791666664445 0.006011284722221961 0.0071827256944441325 0.009027343749999608 0.011314670138888398 0.015435329861110441 0.01878949652777696 0.018238715277776985 0.013704427083332738 0.011245225694443957 0.008716579861110732 0.007675781249999666 0.006352864583333057 0.006334201388888613 0.006395833333333056 0.007912326388888545 0.011611545138888384 0.028146701388887665 0.033075520833331894 0.6858958333333035
0.011343858140321184 0.014026250588664278 0.008129082457955794 0.009828613551180808 0.008047177345029287 0.011323381862089556 0.012551958555987158 0.014435776153296812 0.01654483281115436 0.021909617707840553 0.04031779183807294 0.12066670761897605 0.14683539119899494 0.05733357904855471 0.009316706595390141 0.008354321518503688 0.0035423961340714165 0.00827241640557718 0.0026414398918798423 0.005897168130708485 0.002846202674196109 0.0063885988082675255 0.004852877940895524 0.01259291111245041 0.13270675921917255 0.30929418268872105
0.04034423828116792 0.037679036458256675 0.012715657552057462 0.008158365885400068 0.006551106770820005 0.006408691406236962 0.006001790364571122 0.007141113281235472 0.006795247395819508 0.007344563802068391 0.007100423177068887 0.010498046874978642 0.014811197916636532 0.014343261718720818 0.006835937499986092 0.008443196614566155 0.005228678385406029 0.005147298177072861 0.004313151041657892 0.0052083333333227365 0.005574544270821991 0.007710774739567646 0.013183593749973178 0.03165690104160226 0.038716634114504565 0.6820882161444456
0.03141979683432893 0.02611515581035132 0.005583832656818538 0.0025556772544669463 0.002018770268234395 0.002169104224379509 0.0025127246955683425 0.003285870755743217 0.0031355367995981025 0.004316732169309717 0.003973111698120883 0.007194553615516194 0.005927453128007372 0.019865558490604417 0.005948929407456674 0.014539441187177503 0.005132830788383195 0.009041513648156172 0.005304641023977611 0.01005089878227337 0.007645555483951538 0.023409144599739258 0.016858879367702126 0.033739235014853555 0.18314971114364806 0.5651053411494854
0.028904113411839467 0.03148546073560983 0.008731930568732386 0.004042250376736613 0.002316235977004756 0.002019032204051736 0.0017818273148404054 0.0021613551375785343 0.0024180945470778565 0.0028101802757154086 0.0038538817882452624 0.00877797622369694 0.011303510632358751 0.011097002846457121 0.0042403862253719594 0.00338644862421117 0.0024460010046321308 0.003004130155717614 0.002034380755706587 0.0029427359490982108 0.003382262655578029 0.005761288162079901 0.011501646480994098 0.038907183122169044 0.04347686554668144 0.7572138192776752
0.04798428231364346 0.04197680129957314 0.0118638304303024 0.0072165337967763 0.0045339479351474135 0.004004987342713549 0.0038916386443348635 0.0035893754486583693 0.003929421543794425 0.004156118940551796 0.0047984282313643465 0.005251823024879088 0.006158612611908571 0.007934408886507973 0.004987342728662155 0.006952053500559368 0.0025314542637906393 0.004004987342713549 0.0021914081686545835 0.00381607284541574 0.0034004609513605603 0.004609513734066538 0.008387803680022716 0.031057543355759786 0.03525144519577114 0.7355197037792892
0.038974614235841275 0.035714285714196825 0.010726729716250058 0.008038825286192038 0.005400696864098057 0.004977600796403739 0.0056744649079002625 0.006545545047270917 0.006968641114965235 0.00801393728221002 0.010577401692357945 0.018715778994478058 0.017620706819269236 0.025634644101479257 0.011921353907386955 0.011149825783944375 0.006645097063198992 0.007590841214515702 0.0050771528123318135 0.00515181682427787 0.00495271279242172 0.006371329019396786 0.009507217521131142 0.028322548531537275 0.033300149327941016 0.6664260826265146
0.042390279087753814 0.0335497235013898 0.01575764301167812 0.012872440770103253 0.011374354990823994 0.011633283397119176 0.011818232258758589 0.01385266973679215 0.016090550962629065 0.017718100945055913 0.018624350367089045 0.01794003957902321 0.01884628900105634 0.020936211137581727 0.014259557232398861 0.014204072573907036 0.010283156707151448 0.010005733414692327 0.007176015831609284 0.008063770367478474 0.006880097652986221 0.009228948195806786 0.012632007249972012 0.024986591207484903 0.032107122380602364 0.5867687584372066
0.03841654459635294 0.03328704833984269 0.011639277140299109 0.006257375081380009 0.004144032796223826 0.0033801396687824447 0.003095308939615787 0.0033543904622394764 0.003777503967285036 0.004727999369303235 0.006185213724771939 0.008864402770995811 0.011508941650390259 0.010783513387043928 0.008260409037271873 0.007329940795898204 0.005824724833170388 0.005609830220540186 0.00479157765706365 0.005166371663411294 0.005655288696288882 0.007785479227701575 0.012978871663411046 0.037492434183755315 0.048240979512531014 0.7014424006143982
0.02759659808482363 0.02177433536361131 0.010915543619010905 0.008503509024347218 0.008303678480648278 0.009186130161622797 0.010674627915527462 0.013996610873978643 0.018319824788578992 0.024297635605006567 0.0304039774271413 0.036874970025417855 0.03892778923472833 0.03274023627963435 0.02524179495787532 0.020332837753584635 0.016263968155004298 0.013984940770226625 0.011511518232538624 0.010342909212987222 0.009469409940370415 0.009672597637203496 0.012177993061883328 0.02371061339983656 0.030461688488161554 0.5243142615062344
0.035357142857072706 0.03019841269835278 0.019484126984088326 0.016884920634887134 0.014146825396797328 0.012400793650769047 0.012857142857117346 0.01511904761901762 0.016071428571396682 0.018174603174567115 0.021527777777735065 0.028630952380895573 0.033690476190409345 0.03232142857136444 0.021190476190434144 0.02091269841265692 0.015337301587271156 0.016230158730126527 0.011666666666643519 0.012956349206323499 0.011726190476167209 0.013551587301560414 0.014007936507908714 0.018928571428533873 0.03480158730151825 0.5018253968244011
0.037350853635135746 0.031183579512750588 0.008260118933434058 0.0053462497602138215 0.005355841166313954 0.004513715710722326 0.003531555726068764 0.004715135238825108 0.005415307884134775 0.00752158066372386 0.006951851141375993 0.011298676385956014 0.011693842317281471 0.018365624400533596 0.009787070784575141 0.013065413389600409 0.008868214080182454 0.01105505467101265 0.007721081910606614 0.012171494341068066 0.011446384039898054 0.015121810857468804 0.019386150009587686 0.04122769998080928 0.08018799155954726 0.6084577018989817
0.025814141414130985 0.01840808080807337 0.01239999999999499 0.012331313131308148 0.012105050505045614 0.013345454545449153 0.01391111111110549 0.017640404040396913 0.020189898989890834 0.025179797979787807 0.03292525252523922 0.04708282828280926 0.053781818181796455 0.04901818181816201 0.03484040404038996 0.026016161616151105 0.019991919191911116 0.018703030303022745 0.015248484848478688 0.016202020202013657 0.015074747474741385 0.015006060606054543 0.014214141414135672 0.01823838383837647 0.029139393939382165 0.4231919191917482
0.04453333333325911 0.04018333333326636 0.009833333333316945 0.005183333333324694 0.0033499999999944165 0.002533333333329111 0.002866666666661889 0.0032833333333278612 0.0032166666666613056 0.002999999999995 0.0036666666666605556 0.003933333333326777 0.008816666666651972 0.006516666666655805 0.0027499999999954167 0.0038499999999935834 0.0022999999999961667 0.0033333333333277777 0.0021999999999963334 0.0030666666666615554 0.002866666666661889 0.004983333333325028 0.008933333333318444 0.03253333333327911 0.04084999999993191 0.7514166666654143
0.05517241379293358 0.048799261083593594 0.008497536945786645 0.003940886699495256 0.0020012315270874345 0.0017857142857087879 0.0014778325123107209 0.0012315270935922675 0.001262315270932074 0.0014470443349709143 0.0016933497536893677 0.0021243842364466613 0.0020012315270874345 0.005695812807864237 0.0016933497536893677 0.00492610837436907 0.0012007389162524606 0.0031096059113204753 0.0012007389162524606 0.002339901477825308 0.0018165024630485945 0.004279556650233129 0.006958128078796311 0.0335899014777291 0.03811576354668068 0.7636391625592253
0.030926997245174802 0.027625344352613275 0.01177685950413061 0.008085399449034698 0.006614325068869612 0.006359504132230529 0.006053719008263629 0.007724517906335025 0.007966942148759234 0.011104683195590758 0.013402203856747466 0.021219008264459886 0.026856749311291065 0.039070247933878914 0.02051239669421205 0.020508264462807093 0.01400137741046639 0.014907713498620537 0.012221763085397765 0.013391184573000911 0.012537190082642901 0.014953168044075075 0.01747520661156784 0.03007851239669007 0.04762258953167388 0.5570041322313283
0.024693312227918724 0.023110407597923932 0.013763355757804699 0.013280569845656287 0.012568262762158632 0.013043134151157069 0.01172140878511142 0.015314602295199592 0.017783933517991464 0.022619707162625548 0.026513652552412732 0.04039572615746704 0.04710724178864495 0.04972694895128633 0.034958448753434936 0.030027700831001165 0.023514048278572605 0.023893945389771354 0.018084685397690474 0.016201028887996675 0.013897902651354255 0.014151167392153422 0.01476850019785139 0.01989711119903451 0.031143648595147493 0.42781954887184187
0.04003278275110316 0.03363384188616305 0.013838103643885265 0.008101122178766546 0.00892069095949779 0.01172613793969321 0.011158744168417731 0.014121800529523006 0.014846803681708338 0.014468541167524687 0.015697894338621555 0.021151178918102538 0.02540663220266862 0.025280544697940735 0.016391375614624917 0.011001134787507876 0.007060900264761503 0.007785903416946835 0.005106543941479301 0.0059261127222105464 0.003940234522746374 0.004948934560569446 0.008353297188222314 0.027487076030678705 0.03158491993433493 0.6120287479491489
0.020043836805554684 0.01544878472222155 0.010289062499999552 0.00955946180555514 0.00915668402777738 0.010181857638888446 0.011491753472221722 0.014665364583332697 0.01854904513888808 0.025693142361109995 0.03522265624999847 0.049404079861108965 0.05786805555555304 0.05606987847221979 0.040436631944442684 0.030920138888887547 0.021878038194443495 0.017848090277777003 0.013790364583332734 0.012353298611110574 0.010861979166666196 0.011793402777777266 0.013878472222221619 0.021824218749999052 0.0346367187499985 0.4261349826388704
0.05012519706934498 0.041477325419545866 0.008786979504755665 0.0042196049336821395 0.0038254660113052363 0.003245849948986261 0.003222665306493502 0.003941389223769031 0.004080497078725586 0.00630622275803045 0.007488639525161159 0.010015765556871892 0.01449040155797438 0.014559955485452657 0.007929147732523581 0.009482518779538434 0.004451451358609729 0.004776036353508355 0.002480756746725214 0.003454511731421092 0.002828526384116599 0.004312343503653175 0.00839284058237876 0.03204117592499295 0.03690995084847234 0.7071547806716425
0.02727940840043534 0.02303429264274927 0.010829406112736372 0.0075994578147866145 0.006747289073937542 0.006987497712297683 0.007497941068812983 0.009339540629574067 0.011329840775986666 0.014832883418738728 0.018703388085648864 0.025700894491211553 0.02833890007320239 0.02829600567349522 0.019855817624448113 0.015313300695459012 0.010301804996338204 0.008668958180818673 0.006428440702780926 0.006142478038066472 0.005883681826499891 0.007849675146411762 0.0128440130856497 0.031504506771591397 0.03824750640555822 0.6104430705526214
0.0469294088301244 0.03655441922340791 0.02013802278207032 0.011141598071005048 0.007268645547516875 0.005492641556496966 0.0043136276710727004 0.00424877359274894 0.004144009312379788 0.004501538205703084 0.005186663340815634 0.006713228569051848 0.008312962501037946 0.00816329924336773 0.005579113660928647 0.005810260247774871 0.004968820154651206 0.006033092209194972 0.0061960588675469865 0.0073451401014372085 0.00942712230813845 0.013800615282279239 0.02090296832127365 0.03221252182588639 0.0490562900141267 0.6655591585597962
0.020289093298287278 0.014866403854574054 0.011504599211561212 0.010457731055626269 0.00976784932106663 0.009748138414364926 0.009967148488828303 0.012781427945682702 0.014851073149361618 0.020635129215939414 0.029086727989481146 0.048907139728416794 0.06342750766533871 0.058180026281196194 0.03614104248794653 0.026206745510287732 0.017435392028029472 0.014627682873408973 0.010919842312743995 0.011441086289966833 0.010935173017956431 0.013276390713969934 0.015173017958822784 0.018953131844060677 0.027054314498461005 0.46336618484440134
0.03107013949850973 0.030704321529531987 0.014364452248526083 0.01314505901860027 0.014023022144146855 0.01399863427954834 0.013876694956555758 0.01675446297918068 0.01772997756312133 0.02104672714851954 0.022607550482824583 0.02643644522479164 0.031094527363108245 0.031777387571866704 0.02092478782552696 0.020632133450344765 0.01497414886348899 0.018266510584288687 0.014023022144146855 0.014876597405094926 0.01302311969560769 0.012364647351447749 0.013730367768964661 0.023534289337568202 0.03902058335762604 0.49600039020462394
0.024958333333322934 0.022341666666657357 0.004704166666664706 0.0019624999999991823 0.0011749999999995104 0.0010041666666662482 0.0011583333333328508 0.0033291666666652796 0.0044291666666648214 0.00989583333332921 0.01771249999999262 0.049391666666646086 0.08601666666663083 0.1471374999999387 0.05274583333331136 0.044462499999981475 0.012499999999994791 0.013549999999994355 0.0034083333333319132 0.003658333333331809 0.00150416666666604 0.0027374999999988593 0.005233333333331152 0.018908333333325453 0.021366666666657763 0.444708333333148
0.03727333333333209 0.03408599999999886 0.01041566666666632 0.005216666666666493 0.003656333333333211 0.003182333333333227 0.003167333333333228 0.0035419999999998816 0.004010666666666533 0.005063999999999831 0.006242666666666458 0.008138333333333062 0.009656999999999678 0.009066666666666364 0.006328333333333122 0.005269666666666491 0.004030999999999865 0.00379366666666654 0.003183999999999894 0.0034766666666665507 0.004161666666666528 0.006440333333333118 0.012187999999999593 0.0380616666666654 0.047077333333331764 0.7232686666666426
0.02105263157889723 0.013527030245264283 0.004905929983317681 0.0034532031435973963 0.002691116932596592 0.004024767801848 0.003500833531784947 0.004501071683723503 0.003905691831379124 0.006501547987600616 0.006954036675382343 0.0119790426291689 0.012979280781107456 0.052012383900804926 0.009359371278853633 0.02210050011902334 0.006834960704913467 0.032650631102565726 0.007001667063569894 0.02507739938074523 0.009025958561540781 0.030030959752250463 0.01578947368417292 0.023410335794180972 0.31274112883945526 0.3539890450098738
0.0429632107023124 0.03611371237455778 0.019451505016709395 0.01188628762541011 0.007551839464877892 0.006682274247487169 0.005418060200665272 0.004909698996652234 0.00523745819397643 0.006140468227420642 0.006996655518389969 0.008033444816048138 0.008943143812703048 0.00962541806019423 0.00821404682273698 0.009953177257518426 0.007331103678924862 0.008287625418054657 0.006829431438122522 0.008769230769224904 0.010401337792635183 0.014167224080258082 0.01796655518393447 0.028989966555164556 0.04185284280933655 0.6572842809360152
0.029886710239644905 0.02682135076252139 0.004919389978212436 0.0032418300653587707 0.003394335511981831 0.0026078431372543336 0.0018322440087141978 0.004165577342047023 0.004045751633986047 0.006257080610020423 0.005278867102395364 0.009309368191719104 0.008631808278865222 0.022318082788666163 0.005503267973855011 0.012468409586053929 0.006551198257079183 0.016823529411761042 0.008019607843135507 0.018764705882348853 0.01293681917211047 0.019470588235289875 0.013808278867099387 0.03279956427014536 0.2133921568626986 0.5067516339868177
0.03227586206886659 0.031264367815996126 0.008459770114916599 0.004873563218375866 0.004107279693474001 0.003003831417615314 0.0037701149425171795 0.005731800766265956 0.006528735632163897 0.00993103448272818 0.011034482758586867 0.01820689655166833 0.022344827586138406 0.030927203065039304 0.013210727969308165 0.015509578544013764 0.008153256704955852 0.013455938697276763 0.006191570881207076 0.011954022988469107 0.0076015325670265085 0.015203065134053017 0.014773946360107973 0.027984674329416138 0.11828352490385201 0.5552183908028959
0.03645190429687411 0.033011474609374196 0.011318359374999724 0.007099853515624826 0.005689453124999861 0.0051357421874998746 0.004867187499999881 0.004947753906249879 0.005488281249999866 0.006868164062499832 0.009134277343749777 0.013381103515624673 0.017346923828124576 0.015727050781249616 0.011975830078124708 0.009982421874999757 0.007987548828124805 0.007179687499999824 0.006324218749999846 0.006587890624999839 0.007081542968749827 0.009194091796874776 0.014813476562499638 0.034720458984374154 0.042616455078123956 0.6650688476562338
0.04025493421036079 0.03959703947352139 0.01245888157889614 0.007236842105233401 0.004687499999980725 0.004235197368403638 0.005838815789449676 0.008100328947335114 0.008881578947331902 0.011060855263112413 0.014185855263099564 0.023930921052533177 0.02611019736831369 0.018832236842027828 0.008922697368384363 0.011143092105217339 0.006949013157866163 0.007853618421020338 0.005016447368400426 0.005222039473662738 0.003001644736829763 0.004934210526295501 0.0092105263157516 0.029934210526192703 0.03618421052616701 0.6462171052605007
0.03445069204150759 0.027357266435974328 0.01482266435985518 0.011133217993074769 0.010177335640134006 0.009969723183386691 0.010406574394459167 0.012378892733558659 0.013689446366776086 0.015813148788920497 0.0187067474048362 0.024039792387532854 0.02785899653978034 0.02637543252594015 0.016782006920407967 0.014186851211066527 0.010947231833905299 0.009619377162625597 0.008715397923871663 0.00923442906573995 0.009844290657435188 0.010813148788922658 0.013961937716256936 0.02937283737022951 0.03961937716261262 0.569723183390757
0.0387320044296717 0.03462716869692975 0.012617201919525173 0.008325950535251325 0.006018826135104094 0.005393133997784165 0.00492248062015413 0.005442967884827345 0.005874861572534907 0.007456626061275848 0.00822074566260461 0.011620524178661568 0.0153599114064202 0.015574012550753863 0.010649686231079614 0.010275009228495705 0.008724621631596766 0.009182355112585977 0.008102620893317073 0.008959025470651725 0.008874123292726306 0.011138796603910827 0.015479881875227855 0.03305094130674916 0.04467331118493085 0.6507032115170449
