0.03227027027025089 0.029795795795777902 0.010246246246240093 0.007225225225220885 0.006132132132128449 0.005081081081078029 0.0042882882882857125 0.005963963963960382 0.0061741741741704655 0.007945945945941174 0.008648648648643455 0.012126126126118844 0.014978978978969982 0.02299099099097718 0.009555555555549817 0.013753753753745494 0.00831231231230732 0.015987987987978385 0.009291291291285711 0.0165225225225126 0.012714714714707078 0.021969969969956774 0.018846846846835526 0.030300300300282103 0.12216216216208879 0.5467147147143864
0.03900311526477321 0.033962616822408746 0.018193146417434147 0.010928348909650512 0.008373831775695718 0.0073271028037337526 0.006635514018687455 0.006834890965727829 0.00705919003114825 0.009052959501551992 0.010423676012454565 0.013501557632390342 0.017090342679117076 0.016454828660425885 0.011744548286597043 0.011352024922111308 0.00809345794392019 0.00798130841120998 0.007140186915883402 0.008722741433016372 0.009320872274137495 0.01282866043612908 0.01706542056073703 0.02725233644858115 0.036168224299042886 0.6374890965728115
0.03641666666661609 0.03190277777773347 0.012638888888871335 0.007861111111100192 0.007361111111100887 0.00656944444443532 0.007208333333323322 0.007930555555544542 0.008166666666655324 0.010916666666651505 0.01379166666664751 0.018583333333307524 0.025361111111075887 0.020902777777748745 0.013930555555536208 0.011361111111095331 0.008222222222210803 0.006958333333323669 0.005124999999992882 0.006611111111101929 0.0056249999999921875 0.007486111111100714 0.010361111111096721 0.02726388888885102 0.03162499999995608 0.6498194444435419
0.03839759036142265 0.03203614457829396 0.012903614457823552 0.007897590361441026 0.00643373493975516 0.005771084337345921 0.005506024096382225 0.006921686746983782 0.008740963855416421 0.01084939759035491 0.013307228915654635 0.022126506024083056 0.02313253012046799 0.02409036144576862 0.010626506024089984 0.009722891566259204 0.006373493975899775 0.007698795180718253 0.00557228915662315 0.006831325301200704 0.006512048192767161 0.009656626506018279 0.014421686746979264 0.02878313253010314 0.035879518072267545 0.6398072289152772
0.0434313099041256 0.03663258785940151 0.015814696485612897 0.00950798722044121 0.006428115015970333 0.0053418530351403565 0.004511182108623316 0.004894568690092719 0.005162939297121302 0.0067092651757145625 0.008581469648556817 0.0126198083067012 0.01562939297123602 0.016607028753982997 0.00920766773162351 0.007610223642167661 0.005840255591050582 0.006070287539932224 0.005469648562296824 0.00604472843450093 0.007999999999994888 0.01105431309903447 0.01626837060701836 0.030811501597424403 0.04100958466451054 0.6607412140570857
0.0471370734527872 0.03963434226585754 0.011487050960716717 0.005944348049601657 0.003936122357168665 0.003245292718971716 0.003132832080195468 0.0035505430242215304 0.0041289120236422325 0.005414176466799347 0.006747638326574854 0.009398496240586404 0.011406721933019396 0.012627723154018656 0.00861127176915267 0.007550928603548051 0.005269584216944172 0.006619111882259143 0.004803675856299718 0.006201400938233081 0.004884004883997037 0.007101086048443061 0.010298181350796385 0.030316175052968453 0.0363087205191885 0.7042445858224018
0.044430014429950315 0.03971139971134241 0.01316017316015417 0.007936507936496483 0.005714285714277468 0.004588744588737967 0.004704184704177916 0.00424242424241812 0.0047330447330379034 0.006075036075027309 0.00803751803750644 0.011500721500704905 0.013953823953803818 0.0137662337662139 0.00943722943721582 0.008571428571416203 0.006262626262617225 0.006551226551217097 0.005036075036067769 0.006334776334767193 0.006753246753237008 0.008210678210666362 0.010432900432885379 0.029509379509336926 0.03357864357859512 0.6867676767666857
0.03777710843371218 0.03370481927708813 0.018789156626494705 0.011204819277101683 0.007975903614453026 0.007295180722887171 0.006668674698791163 0.006427710843369622 0.007379518072284711 0.008445783132525033 0.010469879518065982 0.015451807228906354 0.024204819277093854 0.01832530120480824 0.009307228915657044 0.008325301204814261 0.005192771084334222 0.005861445783128999 0.00462048192770806 0.006060240963851771 0.006933734939754859 0.010012048192765053 0.015144578313243888 0.031951807228896414 0.03507228915660538 0.6473975903610558
0.027777777777722664 0.03283730158723643 0.015694444444413303 0.009722222222202932 0.006428571428558673 0.004682539682530392 0.00543650793649715 0.00712301587300174 0.006249999999987599 0.0083333333333168 0.009563492063473088 0.019464285714247093 0.04253968253959813 0.054761904761796106 0.013511904761877953 0.012281746031721663 0.00710317460316051 0.012440476190451508 0.0065873015872885176 0.01005952380950385 0.00543650793649715 0.01255952380949889 0.01380952380949641 0.03140873015866784 0.05279761904751429 0.5713888888877552
0.04201680672262143 0.03354905180457589 0.012943108277773039 0.007373064168184145 0.005296371422123545 0.005747126436772357 0.005634437683110154 0.007389162561564459 0.007099391480718794 0.008451656524665231 0.008403361344524287 0.012186483788898247 0.016259377314117873 0.023519752728639813 0.009852216748752612 0.012250877362419506 0.006407160565365261 0.012621140410166745 0.006101291091139281 0.01028687337002111 0.009111690653258135 0.015438359251721823 0.016871116262569832 0.03176213013936095 0.046137995427982005 0.6272899964573436
0.03258181584604718 0.0322767125926835 0.013199730224470565 0.009795420239570614 0.006696213508034338 0.0056203230882782215 0.00484953592188578 0.0074188264765272524 0.006182355397106044 0.010325336416465419 0.010823136461427204 0.019109098500145954 0.018129556476188892 0.025692905546414728 0.013874168995063952 0.014484375501791302 0.009329736326541847 0.011433342968154554 0.007017374827364522 0.0102932202845324 0.009875710569403161 0.012204130134546996 0.014596781963556866 0.029514725246443916 0.04289109419654608 0.6217843722892029
0.0250454545454166 0.022333333333299496 0.009621212121197544 0.00545454545453719 0.004030303030296924 0.004939393939386455 0.004863636363628994 0.013363636363616116 0.013727272727251928 0.02319696969693455 0.02471212121208377 0.03840909090903271 0.03389393939388804 0.05360606060597938 0.03251515151510225 0.036318181818126793 0.020136363636333126 0.018696969696941367 0.011166666666649748 0.00993939393937888 0.0060909090908998625 0.007863636363624448 0.008787878787865473 0.020590909090877893 0.02527272727268898 0.5254242424234463
0.030062147709158257 0.020764079587575656 0.012333188803757233 0.011016363957522738 0.012782836312227548 0.015689486277696375 0.018515842045224076 0.023574376515515128 0.02617590852880767 0.030656324773922602 0.03312938607050934 0.040901864431210515 0.048192577604264916 0.05834176422402348 0.034944034943978824 0.03295273883503886 0.021550962727398707 0.02118160941686952 0.012863130510168677 0.01226895344540433 0.008992950169406317 0.011449952626404827 0.011321481909699022 0.01885307767657681 0.026191967368395894 0.4052929935276368
0.02241477272725999 0.021289772727260632 0.010329545454539586 0.008267045454540758 0.008147727272722644 0.008482954545449726 0.008380681818177057 0.011284090909084497 0.010454545454539515 0.014988636363627848 0.01597727272726365 0.03032954545452822 0.039488636363613924 0.058522727272694024 0.026494318181803127 0.026465909090894052 0.015079545454536887 0.02043749999998839 0.011443181818175316 0.017306818181808348 0.015409090909082154 0.022051136363623835 0.025517045454530957 0.02802272727271135 0.060340909090874806 0.46307386363610054
0.038277333333312916 0.03638399999998059 0.011103999999994079 0.0056159999999970045 0.004069333333331163 0.003258666666664929 0.0031573333333316496 0.003119999999998336 0.0038079999999979693 0.004815999999997432 0.0057866666666635804 0.008127999999995665 0.0094986666666616 0.016399999999991255 0.006026666666663453 0.008261333333328928 0.004021333333331188 0.009354666666661678 0.0033919999999981907 0.006751999999996399 0.004826666666664092 0.010079999999994625 0.012703999999993224 0.033077333333315695 0.06784533333329715 0.6802346666663038
0.010896196002561418 0.012846550612487352 0.007817537072843621 0.007124435847828619 0.007914248871682924 0.007140554480968503 0.005980012894896873 0.0073339780786471085 0.008139909735641295 0.014200515796237588 0.015167633784630614 0.02944874274656762 0.046437782076005095 0.07501611863301899 0.018697614442265156 0.02601547388777238 0.012798194713067701 0.03257575757570507 0.011863313990954444 0.02588652482265331 0.014264990328797123 0.025950999355212844 0.015957446808484918 0.02464539007088226 0.15393294648588984 0.38194713088268545
0.046265861027162375 0.03950453172203051 0.013432024169176174 0.005709969788516187 0.003202416918427068 0.002519637462234127 0.002024169184288807 0.0024954682779441116 0.0022779456193339712 0.0028096676737143144 0.003117824773412013 0.004114803625375157 0.005510574018123559 0.00577643504531373 0.004066465256795126 0.004453172205435375 0.0026706948640467247 0.00421148036253522 0.0028580060422943457 0.004175226586100196 0.0038731117824750013 0.007528700906339862 0.01328700906343608 0.03459214501508484 0.04372205438063823 0.7358006042291626
0.029670164917532334 0.0260119940029907 0.00989505247376015 0.006464767616189966 0.005085457271362793 0.005304347826085366 0.005334332833581609 0.008395802098948007 0.009178410794599946 0.014503748125932683 0.01960719640179322 0.03826986506745479 0.052398800599684436 0.051811094452758076 0.02731934032982689 0.0212713643178347 0.013511244377807043 0.012323838080955826 0.007745127436279537 0.008350824587703642 0.006821589205395256 0.0087406296851548 0.011535232383804637 0.02772413793102617 0.037202398800588544 0.535523238380649
0.03297886011689106 0.03384630212678493 0.016995437897550286 0.010409304118726452 0.007132300970238495 0.0050118871682756985 0.004144445158381828 0.006072094069257097 0.007325065861326021 0.009381224699592974 0.010586005268890019 0.022794448371100055 0.041974555034308976 0.04040030842376084 0.018633939471794266 0.013525669857974803 0.008304954057687617 0.010425367859650413 0.005959647882789373 0.00756602197518543 0.007614213197957312 0.01121249116492448 0.018087772280379607 0.02997494056411043 0.036641393047554066 0.5830013493533011
0.02750933333331866 0.02413333333332046 0.009882666666661396 0.006863999999996339 0.005434666666663768 0.005306666666663837 0.005135999999997261 0.007397333333329388 0.008159999999995648 0.012010666666660261 0.014250666666659067 0.028687999999984698 0.03667733333331377 0.04218666666664417 0.01670399999999109 0.02048533333332241 0.011269333333327324 0.020069333333322628 0.00916266666666178 0.015631999999991663 0.009919999999994709 0.018826666666656625 0.01715733333332418 0.02806399999998503 0.06350933333329946 0.5355626666663811
0.024334148224356127 0.025106150283027043 0.01375128667007567 0.011387030365395994 0.010470277920724282 0.00995560988161034 0.008990607308271696 0.013236618630961728 0.012802367472959337 0.01815813175498881 0.019123134328327452 0.032504503345289974 0.038487519299989566 0.05613098301586443 0.026119402985032618 0.019798636129664503 0.009939526505388029 0.010309444158501175 0.006819351518259747 0.007687853834264527 0.00731793618115138 0.010036026762721893 0.013654786412741806 0.027663407102374447 0.03506176016463738 0.5311534997418117
0.04885223765424246 0.044608410493755454 0.02025462962959707 0.010738168724262573 0.005867412551430897 0.004758230452667248 0.004002700617277516 0.0040509259259194135 0.004195601851845108 0.004886831275712309 0.004661779835383453 0.007362397119329729 0.008262602880645153 0.009580761316857027 0.005658436213982674 0.007410622427971626 0.004324202674890168 0.007490997942374789 0.00520833333332496 0.007635673868300483 0.007603523662539217 0.010850694444427001 0.016091177983513227 0.031491126543159255 0.03890174897113088 0.6752507716038528
0.04609073359065944 0.03883526383520136 0.012097812097792635 0.006370656370646122 0.004005791505785061 0.003169240669235571 0.003796653796647689 0.004182754182747454 0.00548584298583416 0.00545366795365918 0.007577220077207888 0.010215572715556282 0.01312741312739201 0.012966537966517106 0.009218146718131889 0.00863899613898224 0.0057432432432340036 0.005888030888021416 0.0037001287001227475 0.00543758043757169 0.004890604890597023 0.006354568854558632 0.011373873873855576 0.030550193050143903 0.03492599742594124 0.6999034749023489
0.02162101337445084 0.017200360082276878 0.006221064814804814 0.003022119341558928 0.001945087448556544 0.002346965020572359 0.002427340534975522 0.0028452932098719692 0.0035525977366198036 0.004195601851845108 0.004790380658428513 0.007844650205748706 0.010513117283933717 0.04607124485589302 0.007973251028793767 0.020174254115193906 0.006558641975298099 0.03223058127566835 0.006478266460894936 0.021781764403257166 0.010882844650188267 0.026186342592550496 0.015094521604914007 0.022505144032885633 0.372733410493228 0.32280414094598314
0.03827053697289781 0.03381712161983561 0.013632577213870255 0.0075772138920806465 0.005783032167105948 0.007176726899898794 0.007176726899898794 0.00802575932332432 0.00911508394205896 0.01095732410609548 0.014033064206052106 0.016612200435703234 0.02061707035752176 0.03290401127766099 0.016067538126335917 0.017589388696626955 0.010188389081106324 0.01792579777005971 0.008954889145186218 0.012703447392008356 0.010765090349848192 0.016291810841957754 0.01605151864664864 0.027505446623049618 0.03780597206196686 0.5824522619495988
0.045075075075048 0.03789189189186913 0.011555555555548614 0.006180180180176469 0.0038918918918895546 0.0037117117117094825 0.003297297297295317 0.0037837837837815112 0.004090090090087634 0.004864864864861943 0.005729729729726288 0.009423423423417763 0.011783783783776706 0.011807807807800715 0.006414414414410562 0.00636036036035654 0.0047567567567539 0.005129129129126049 0.003465465465463384 0.00428228228227971 0.00463063063062785 0.007525525525521006 0.012012012012004797 0.03257057057055101 0.04098498498496037 0.7087807807803551
0.02769388935290803 0.02631240763344742 0.01460194049988016 0.009943455631931594 0.009381224699592974 0.008802930026330395 0.008192507871219893 0.009911328150083673 0.012497590438841326 0.01879457688103387 0.024191993831484623 0.04274561459865909 0.04859281629498073 0.05527533251934833 0.029059307331444677 0.024513268649963834 0.013091948853027868 0.014585876758956201 0.008754738803558513 0.00925271477220129 0.007405384565945824 0.009943455631931594 0.010810897641825466 0.021188074278703995 0.03021589667796984 0.5042408276031224
0.042886731391558 0.0406148867313653 0.018453074433645016 0.009359223300964815 0.00609708737863683 0.004977346278313931 0.00441423948219779 0.004776699029123122 0.004893203883491979 0.005365695792876786 0.006271844660190116 0.008077669902907394 0.009915857605171576 0.008498381877017153 0.0049449838187670256 0.005598705501614499 0.003391585760515604 0.004621359223297979 0.0038511326860816496 0.005598705501614499 0.005521035598701928 0.007974110032357299 0.01365048543688437 0.03497734627829451 0.04034951456308068 0.6949190938506828
0.023292353823081473 0.019481259370309 0.009079460269862345 0.007433283358318611 0.007529235382306588 0.008869565217388645 0.009130434782605957 0.012128935532230246 0.01493553223387858 0.02088455772113317 0.027832083958012645 0.04489655172412447 0.054809595202382363 0.05209295352322276 0.03186206896550769 0.02589205397300573 0.016734632683653154 0.015994002998495953 0.011058470764614376 0.012218890554718975 0.010077961019487233 0.012380809595198687 0.013763118440775483 0.022443778110937798 0.04800899550223448 0.46716941529221373
0.0215513513513397 0.01961621621620561 0.008810810810806048 0.007221621621617718 0.006897297297293569 0.006729729729726092 0.0056594594594564 0.008924324324319501 0.008778378378373633 0.014086486486478872 0.013583783783776442 0.0274270270270122 0.03196756756755029 0.062691891891858 0.023113513513501018 0.03097297297295623 0.012540540540533761 0.027848648648633595 0.008962162162157318 0.01851891891890891 0.00924864864864365 0.021945945945934082 0.01625945945945067 0.025729729729715822 0.06946486486482732 0.491448648648383
0.033612040133760526 0.03012263099217942 0.014955406911920315 0.009503901895200945 0.007597547380151841 0.006950947603117642 0.007056856187287036 0.007642140468223165 0.008500557413596153 0.011337792642134149 0.013740245261976734 0.024202898550711147 0.031911928651041296 0.030490523968767842 0.014632107023403215 0.015016722408018384 0.008366778149382182 0.013043478260862294 0.007095875139349445 0.010289855072458033 0.007920847268668941 0.013350055741352647 0.018221850613144804 0.0295763656633057 0.053355629877339265 0.5715050167220894
0.045585828439322254 0.038477584159625045 0.016013606752004087 0.00954719039823891 0.006803376014879492 0.00584063412598145 0.004829755142638507 0.005214851898197723 0.005439491672273933 0.007076152883400603 0.00957928179453551 0.012740284329750745 0.013366066557534473 0.015484098713110163 0.010108789833429433 0.009884150059353223 0.00630595937228217 0.006562690542654981 0.005455537370422234 0.006610827637099883 0.007300792657476813 0.010349475305653943 0.014425082635322318 0.029491993196576662 0.03613491222997315 0.6613715862766577
0.04488023952093121 0.03476047904189535 0.01788622754489947 0.009574850299395464 0.006802395209576765 0.005191616766463957 0.0049580838323323604 0.005017964071853283 0.005365269461074631 0.005886227544906655 0.007191616766462759 0.01050898203592185 0.012407185628735086 0.012940119760471294 0.007604790419157123 0.007562874251492478 0.005167664670655588 0.0064071856287386784 0.005251497005984879 0.006694610778439105 0.006718562874247474 0.010233532934125609 0.016790419161666594 0.029616766467048132 0.04086826347302942 0.673712574849896
0.03431176470586217 0.033505882352921464 0.012529411764698512 0.00820588235293635 0.006488235294113831 0.005599999999996706 0.005099999999997 0.006347058823525678 0.006405882352937408 0.009082352941171127 0.011211764705875758 0.0172176470588134 0.02616470588233755 0.02479999999998541 0.014470588235285605 0.013252941176462793 0.008841176470583035 0.009599999999994353 0.007482352941172069 0.008164705882348139 0.006947058823525325 0.01043529411764092 0.015676470588226073 0.031099999999981705 0.04125882352938749 0.6257999999996319
0.034082840236619165 0.028915187376668806 0.009625246548304487 0.005936883629179612 0.004556213017742492 0.0035305719921034898 0.004240631163699723 0.0051479289940726865 0.005167652859950359 0.006094674556200996 0.0058974358974242655 0.008185404339234348 0.00788954635106925 0.028343195266216287 0.006923076923063268 0.012840236686365206 0.004437869822476454 0.01796844181456022 0.00441814595659878 0.01122287968439601 0.0044773175542318 0.013076923076897284 0.011025641025619278 0.02785009861927446 0.19226824457555766 0.5358777120305013
0.03244696969694512 0.026219696969677107 0.009295454545447503 0.005893939393934929 0.00528030303029903 0.005136363636359745 0.004431818181814824 0.007681818181812362 0.0077196969696911215 0.012765151515141845 0.013310606060595977 0.025757575757556245 0.02569696969695023 0.03377272727270169 0.017022727272714377 0.018924242424228088 0.012515151515142034 0.01765151515150178 0.010681818181810089 0.016431818181805734 0.013659090909080561 0.01987878787877282 0.0189696969696826 0.028886363636341752 0.06669696969691917 0.5432727272723157
0.030212738690198943 0.029443803665209784 0.008250032038946158 0.004549532231185842 0.004565551710873117 0.0043412789952512795 0.004933999743680421 0.011165577342030043 0.012399077277950149 0.018758810713797962 0.019415609380976202 0.028626810201158807 0.025919518134009483 0.038078303216650525 0.01730103806225602 0.020488914520023566 0.01244713571701197 0.018838908112234334 0.009499551454553537 0.011838395488895556 0.008234012559258885 0.014065103165426654 0.014449570677921233 0.027185057029304138 0.04358900422907281 0.5614026656405207
0.05075823432813233 0.03952155574867265 0.01600180302003284 0.008902411539314044 0.005344666602264489 0.004249975852403088 0.0038475160178952196 0.004217779065642458 0.0043626646060652904 0.005054895521418824 0.005940307157336134 0.008757525998891211 0.010480054090584886 0.013055797031435242 0.005924208763955819 0.0068257187932534436 0.004024598345078682 0.0045397469332487525 0.0027850220547944475 0.0039280079847967934 0.004571943720009382 0.00766283524902981 0.01379632312692972 0.034176889146408165 0.03881322643993881 0.6924562928608576
0.0436848072561863 0.04011337868476177 0.011825396825383418 0.006133786848065608 0.004206349206344437 0.0038662131519230543 0.0038435374149616286 0.003390022675733118 0.004058956916095171 0.004376417233555129 0.004716553287976512 0.005907029478451353 0.007006802721080491 0.00823129251699747 0.004444444444439405 0.0054308390022614166 0.0039342403628073305 0.004614512471650097 0.0030725623582731603 0.00368480725623165 0.004183673469383011 0.006417233560083427 0.010430839002255747 0.03284580498862489 0.03764172335596639 0.7319387755093743
0.028380434782577846 0.027728260869535077 0.012434782608682136 0.008010869565208684 0.005445652173907124 0.005782608695645889 0.006054347826080376 0.00806521739129558 0.009499999999989675 0.013869565217376228 0.018260869565197544 0.02855434782605592 0.037826086956480626 0.03491304347822292 0.01854347826084941 0.013782608695637192 0.008619565217381935 0.008554347826077658 0.007326086956513776 0.008184782608686755 0.00830434782607793 0.01001086956520651 0.01259782608694283 0.023978260869539154 0.023902173913017497 0.6113695652167268
0.026160100062522725 0.02076297686052485 0.01610381488429262 0.011963727329573506 0.011457160725446244 0.011713570981856339 0.013502188868034082 0.017854909318312785 0.02055034396496526 0.02666041275795706 0.03292057535957916 0.04419637273293046 0.046848030018732424 0.0652345215759442 0.027823639774841886 0.02506566604126012 0.013545966228884586 0.021575984990605642 0.010193871169474551 0.011944965603494718 0.009149468417755378 0.014140087554712858 0.014677923702304767 0.02190118824263796 0.028198874296417636 0.4358536585363128
0.010774278215208958 0.012742782152214248 0.0071259842519591525 0.005026246719153509 0.004514435695532133 0.00435695538057171 0.004842519685033015 0.00774278215222081 0.008123359580041832 0.01234908136481319 0.01498687664040028 0.021456692913357667 0.026522309711251284 0.056220472440871104 0.012270341207332978 0.021456692913357667 0.008254593175842186 0.03014435695534102 0.0065485564304376 0.019750656167953084 0.00960629921258582 0.02286089238842144 0.012808398950114425 0.021824146981598656 0.29919947506522415 0.3384908136478497
0.04496399999998201 0.03705199999998518 0.013007999999994796 0.007343999999997062 0.005163999999997934 0.004211999999998315 0.003991999999998403 0.0039519999999984195 0.003863999999998454 0.004755999999998098 0.006159999999997536 0.009883999999996047 0.012587999999994964 0.009307999999996278 0.005443999999997822 0.005839999999997664 0.003687999999998525 0.00432399999999827 0.0033359999999986656 0.004103999999998358 0.00419999999999832 0.006719999999997312 0.011331999999995467 0.03437999999998625 0.041707999999983314 0.7086759999997165
0.04798192771081447 0.03979518072286759 0.012144578313245696 0.005036144578310219 0.003680722891564048 0.0028313253012031137 0.0024759036144563398 0.0023614457831311075 0.002626506024094803 0.0026987951807212656 0.003493975903612353 0.0053313253012016075 0.006373493975899775 0.007048192771080091 0.004162650602407131 0.005078313253008989 0.003403614457829275 0.003993975903612052 0.0028373493975886524 0.0036024096385520467 0.004036144578310821 0.006301204819273313 0.012096385542161388 0.034385542168653985 0.040915662650577764 0.7353072289152197
0.04164477798621535 0.03719199499684979 0.014746716697926987 0.00762976860537359 0.00483427141963425 0.004202626641648404 0.003971232020010024 0.004540337711066579 0.005409631019383734 0.00634146341463018 0.008117573483422066 0.011588492807997756 0.01525953721074718 0.013289555972474491 0.008642901813628116 0.007979987492177624 0.006010006253904934 0.006879299562222089 0.005747342088801909 0.006491557223260481 0.007210756722947335 0.010143839899931117 0.015909943714811813 0.029631019387098417 0.03821138211379724 0.6783739837394132
0.0408530318601605 0.03322520554979248 0.012782631038006195 0.008896454265145015 0.0060219681397642244 0.00566867934223139 0.0066964285714178175 0.007692060637192169 0.010036613566273708 0.011706706063701652 0.013906731757428849 0.019832348406956846 0.026544835560080703 0.019848406988662883 0.013344681397717523 0.012782631038006195 0.007643884892074056 0.007322713257953297 0.00566867934223139 0.0069533658787144246 0.006471608427533287 0.00941032887973823 0.012975334018478649 0.02741199897220675 0.03418872045215476 0.6321139516947711
0.043665634674895565 0.03730030959750012 0.01482972136221992 0.008074303405567756 0.0058823529411728285 0.00535603715169947 0.0039380804953535985 0.004594427244579199 0.0038390092879233193 0.004563467492257237 0.005021671826622278 0.007733746130026171 0.008904024767796344 0.008253869969035137 0.004513931888542096 0.005808049535600119 0.0034303405572734176 0.004959752321978353 0.004080495356034625 0.005715170278634232 0.005250773993804798 0.00798142414860187 0.013975232198133762 0.033523219814220725 0.0402724458204085 0.7085325077394994
0.03746312684358875 0.02767330383475724 0.01310840707962185 0.008573008849541717 0.008628318584054889 0.007724926253673073 0.008794247787594406 0.010232300884936887 0.010711651917384381 0.013145280235963964 0.018786873156307546 0.03480825958695647 0.042275073746234744 0.04771386430669669 0.02564528023594092 0.017846607669583615 0.010896017699094956 0.009181415929186613 0.0061209439527910746 0.00825958702063374 0.0071533923303702925 0.008849557522107579 0.009955752212371025 0.02302728613565076 0.030235988200534226 0.5531895280225789
0.036089955022477936 0.031202398800590343 0.01049475262368501 0.005742128935530512 0.004302848575710854 0.003922038980508569 0.0037691154422777305 0.004899550224886087 0.006128935532232045 0.008878560719637517 0.012794602698646839 0.020629685157415104 0.027223388305838914 0.029958020989496265 0.014389805097446959 0.012332833583204698 0.007343328335829882 0.0077091454272840455 0.004827586206895104 0.005961019490253085 0.005232383808094383 0.008293853073460781 0.012455772113939294 0.03301649175411304 0.03905247376310673 0.6433493253371384
0.028751902587475262 0.024687975646842178 0.010273972602724089 0.009315068493136507 0.011293759512920405 0.011445966514442244 0.0111111111110942 0.013805175038030738 0.015890410958879924 0.019908675799056457 0.022359208523558053 0.03750380517498097 0.04993911719931516 0.05378995433781767 0.02377473363771115 0.019634703196317146 0.011217656012159486 0.011735159817333736 0.008782343987810073 0.010380517503789375 0.008919330289179727 0.010806697108050522 0.010441400304398111 0.020547945205448177 0.029010654490062387 0.5146727549459442
0.04387755102034847 0.037428571428520505 0.011823129251684595 0.008530612244886352 0.007251700680262242 0.007156462585024277 0.0058639455782233145 0.0054693877550946 0.006517006802712222 0.006625850340127039 0.007523809523799287 0.009265306122436374 0.013700680272090203 0.013782312925151316 0.008299319727879865 0.0082040816326419 0.005632653061216826 0.0077687074829826275 0.0055918367346862695 0.005564625850332565 0.006231292516998325 0.008734693877539137 0.011183673469372539 0.029700680272068434 0.03472108843532691 0.6835510204072333
0.026120845921434366 0.024725075528685966 0.006960725075524495 0.004942598187308192 0.004283987915405267 0.004851963746220633 0.0033836858006021852 0.005419939577036 0.004658610271900509 0.007287009063439705 0.006422960725071648 0.014006042296064045 0.017631419939566385 0.03598187311176074 0.011377643504524847 0.01804229607249665 0.008386706948635416 0.020356495468265647 0.008229607250750315 0.015927492447120287 0.01056193353473682 0.021589123867056442 0.02101510574016857 0.03339577039272906 0.1477583081570104 0.5166827794558811
0.03439510939505406 0.027332689832645862 0.012258687258667538 0.010424710424693654 0.01240347490345495 0.010601673101656045 0.010489060489043614 0.013095238095217027 0.013095238095217027 0.015218790218765736 0.016119691119665186 0.024420849420810135 0.03357464607459206 0.04131274131267485 0.01933719433716323 0.02025418275415017 0.012274774774755028 0.01848455598452625 0.00855855855854479 0.014124839124816402 0.008751608751594673 0.017004504504477148 0.019707207207175503 0.02800836550832045 0.04438545688538548 0.5143661518653244
0.04884615384607557 0.03910256410250144 0.013605769230747427 0.006955128205117059 0.0036217948717890674 0.0033012820512767606 0.003221153846148684 0.0031410256410206072 0.0033974358974304527 0.003044871794866915 0.003557692307686606 0.004326923076916143 0.004727564102556527 0.0070993589743475975 0.00416666666665999 0.005448717948709217 0.0023717948717910707 0.004615384615377219 0.002419871794867917 0.004102564102557528 0.003173076923071838 0.006137820512810676 0.010272435897419436 0.036073717948660135 0.038365384615323135 0.7349038461526685
0.0188746666666566 0.01779199999999051 0.008239999999995605 0.006458666666663222 0.0060213333333301216 0.006058666666663435 0.005466666666663751 0.010815999999994231 0.012063999999993566 0.0163733333333246 0.015562666666658367 0.029978666666650677 0.026666666666652444 0.04359999999997675 0.01734399999999075 0.025557333333319703 0.01801599999999039 0.02040533333332245 0.01188266666666033 0.021029333333322117 0.014570666666658896 0.02467199999998684 0.022197333333321495 0.03165333333331645 0.08111999999995674 0.48757866666640665
0.042840909090876636 0.037272727272699036 0.017053030303017382 0.011060606060597682 0.007977272727266683 0.006749999999994886 0.005999999999995454 0.005575757575753352 0.005803030303025907 0.006575757575752594 0.007159090909085486 0.009340909090902015 0.010219696969689227 0.00998484848484092 0.007439393939388303 0.007151515151509733 0.005454545454541322 0.006742424242419135 0.005666666666662374 0.006757575757570638 0.007772727272721385 0.011106060606052192 0.015242424242412695 0.030984848484825012 0.03818181818178926 0.6738863636358531
0.036011790336992165 0.03460207612451204 0.013808791490430268 0.010620915032662725 0.007817506087389757 0.00813789568113524 0.007064590542087875 0.009387415096742619 0.007497116493644276 0.00935537613736807 0.010236447520168146 0.014305395360735766 0.020280661284089004 0.018053953607557904 0.011133538382655496 0.010460720235789983 0.007336921696771535 0.00935537613736807 0.0075772138920806465 0.007593233371767921 0.007465077534269728 0.009563629373302634 0.012847622709193823 0.028466615404286064 0.03243944636673004 0.6485806740986663
0.020999999999987036 0.018790123456778524 0.009574074074068165 0.006240740740736888 0.005419753086416407 0.005925925925922268 0.004987654320984575 0.010006172839499996 0.01131481481480783 0.01990123456788895 0.0228209876543069 0.043024691357998135 0.046882716049353776 0.06267283950613416 0.039209876543185675 0.04349999999997315 0.026030864197514797 0.03037037037035162 0.016925925925915478 0.02218518518517149 0.015098765432089446 0.022530864197516955 0.017543209876532382 0.022907407407393266 0.04622222222219369 0.4089135802466612
0.05126948775051873 0.033838158871541325 0.022204899777266366 0.012821083890116687 0.00850037119524239 0.006547884187077544 0.0055233853006640505 0.005634743875274214 0.005805493689676462 0.006221232368221068 0.006956198960648139 0.01121009651075634 0.017112100965094943 0.015248700816618227 0.00867854491461865 0.008507795100216401 0.005746102449884376 0.007631774313283124 0.0062806236080131545 0.007438752783958843 0.008173719376385913 0.013541202672595738 0.01843355605046887 0.029858945805471524 0.045256124721569965 0.6315590200440746
0.030260355029567892 0.027798816568030887 0.009633136094668857 0.0056094674556179825 0.003940828402364532 0.0038461538461515704 0.0035917159763292354 0.005390532544375508 0.005644970414197844 0.008325443786977322 0.008313609467450703 0.011928994082833178 0.012704142011826802 0.023597633136080712 0.009106508875734257 0.013615384615376558 0.007591715976326869 0.015005917159754434 0.006857988165676415 0.013183431952654921 0.009189349112420598 0.017213017751469106 0.01692899408283022 0.03010059171595852 0.15902958579872248 0.5415917159760109
0.03963636363633879 0.03527899686518164 0.016244514106572887 0.010188087774288283 0.007504702194352662 0.006438871473350195 0.005134796238241294 0.00516614420062372 0.005385579937300699 0.007360501567393505 0.009598746081498685 0.014420062695915723 0.015492163009394676 0.0184263322883897 0.011398119122249906 0.011297805642626146 0.008163009404383597 0.008871473354226413 0.007141065830716526 0.008175548589336567 0.00931034482758037 0.012087774294663269 0.018921630094032024 0.029686520376156936 0.04305956112849965 0.6356112852660591
0.030272108843514535 0.024104308390004457 0.0130536659107989 0.010506424792131137 0.00834467120180775 0.008987150415715052 0.008616780045344961 0.011836734693868605 0.012758881330300257 0.016447467876026873 0.018730158730144573 0.030226757369591666 0.03547996976565723 0.037717309145852064 0.021262282690838047 0.017120181405882753 0.011413454270588501 0.013000755857888888 0.008072562358270542 0.009629629629622351 0.008185941043077712 0.013560090702937596 0.016840513983358396 0.028941798941777067 0.0462962962962613 0.5385941043079829
0.04186666666660464 0.03639999999994607 0.009762962962948499 0.005422222222214189 0.00475555555554851 0.004592592592585789 0.004192592592586381 0.005051851851844367 0.005362962962955018 0.007140740740730162 0.00837037037035797 0.011555555555538437 0.018933333333305283 0.014948148148126002 0.009925925925911221 0.00791111111109939 0.0049037037036964385 0.006177777777768625 0.003688888888883424 0.004577777777770996 0.003318518518513602 0.007140740740730162 0.00919999999998637 0.029259259259215912 0.035288888888836606 0.7002518518508144
0.04119341563780358 0.03510288065838806 0.013155006858692517 0.007805212620016728 0.0057613168724200805 0.004389574759939109 0.004115226337442914 0.004869684499307449 0.006296296296287659 0.00722908093277472 0.009794238683114137 0.015569272976659027 0.018148148148123253 0.016652949245518994 0.009437585733869084 0.00919067215362251 0.005679012345671222 0.007105624142651433 0.005102880658429214 0.005720164609045651 0.005953360768167416 0.008079561042512923 0.011742112482837117 0.02946502057609127 0.03668038408774118 0.675761316871501
0.009484126984108165 0.016884920634887134 0.00793650793649219 0.008769841269823869 0.0077777777777623455 0.0083333333333168 0.009444444444425706 0.014940476190446547 0.014940476190446547 0.020416666666626157 0.025813492063440847 0.06343253968241383 0.11047619047597128 0.13948412698385024 0.052460317460213374 0.045555555555465164 0.02136904761900522 0.02440476190471348 0.011547619047596136 0.017797619047583736 0.01047619047616969 0.01299603174600596 0.009007936507918635 0.011190476190453987 0.023412698412651957 0.3016468253962269
0.04121481481475375 0.03474074074068927 0.012281481481463286 0.00888888888887572 0.00791111111109939 0.004785185185178096 0.004207407407401174 0.0049037037036964385 0.005911111111102354 0.0077481481481366694 0.00971851851850412 0.01607407407405026 0.0180740740740473 0.01597037037034671 0.00919999999998637 0.009762962962948499 0.005318518518510639 0.005333333333325432 0.004711111111104132 0.005007407407399989 0.004103703703697624 0.0066666666666567904 0.010562962962947314 0.030162962962918278 0.03641481481476087 0.680325925924918
0.030490666666650405 0.0329919999999824 0.008602666666662078 0.004757333333330796 0.0034613333333314874 0.003535999999998114 0.004165333333331112 0.0050879999999972865 0.006709333333329755 0.00895466666666189 0.012303999999993438 0.017749333333323868 0.024410666666653646 0.022789333333321178 0.014794666666658777 0.01199466666666027 0.00720533333332949 0.006682666666663103 0.004538666666664246 0.005226666666663879 0.005242666666663871 0.006943999999996297 0.009583999999994888 0.02779733333331851 0.030463999999983754 0.6835146666663021
0.01980180180178991 0.01787987987986914 0.009825825825819924 0.009393393393387751 0.01011411411410804 0.011423423423416562 0.013063063063055217 0.016642642642632648 0.01999999999998799 0.02839639639637934 0.03887087087084753 0.056204204204170445 0.07022822822818604 0.06254054054050298 0.03663663663661463 0.02721921921920287 0.018792792792781506 0.018288288288277305 0.012726726726719083 0.011411411411404558 0.008900900900895554 0.009267267267261702 0.010504504504498196 0.01795195195194117 0.027627627627611034 0.41628828828803827
0.03756751543203837 0.036490483539035994 0.014419367283927438 0.008535879629615908 0.008166152263361358 0.006044238683117856 0.005738811728385837 0.006960519547313914 0.00848765432097401 0.010577417695456247 0.013631687242776441 0.021508487654286413 0.02867798353904855 0.024884259259219256 0.014178240740717949 0.012281378600803302 0.009339634773647538 0.010545267489694983 0.009259259259244375 0.008777006172825397 0.009870113168708413 0.013422710905328216 0.014676568930017559 0.024450231481442177 0.03465792181064387 0.6068512088467611
0.0418253968253494 0.03894557823124836 0.010147392290237927 0.005396825396819278 0.003321995464848841 0.0030725623582731603 0.002687074829928926 0.004308390022670852 0.0036054421768666606 0.005578231292510682 0.006133786848065608 0.010079365079353652 0.012074829931959099 0.01792517006800689 0.007131519274368331 0.009274376417223045 0.004285714285709427 0.005238095238089299 0.0036054421768666606 0.004387755102035842 0.004195011337863724 0.006893424036273363 0.011927437641709832 0.032199546485224266 0.03819727891152132 0.7075623582758418
0.023868563685620684 0.022337398373968607 0.009647696476958234 0.006836043360428973 0.005982384823844185 0.0065311653116486915 0.007174796747962619 0.012716802168013065 0.013976964769638226 0.019742547425460878 0.024756097560958836 0.03645663956637096 0.043075880758778405 0.04718157181568619 0.02705962059618763 0.026172086720849478 0.016734417344162103 0.020542005420040282 0.012560975609747588 0.015101626016249932 0.011470189701889249 0.014810298102970996 0.015542005420043671 0.022127371273697745 0.044620596205931826 0.4929742547422134
0.03965765765763384 0.02436036036034573 0.015861861861852334 0.014114114114105637 0.013591591591583428 0.012840840840833128 0.011801801801794713 0.012762762762755097 0.013315315315307318 0.015201201201192071 0.01650450450449459 0.032264264264244884 0.06464264264260382 0.04651651651648858 0.018024024024013197 0.014738738738729886 0.010654654654648255 0.012480480480472985 0.01041441441440816 0.012246246246238891 0.012990990990983189 0.01529729729728811 0.016840840840830727 0.024222222222207674 0.038840840840817514 0.4798138138135256
0.033599999999944 0.025183333333291362 0.017333333333304446 0.013483333333310862 0.010583333333315695 0.013149999999978084 0.016583333333305694 0.018999999999968334 0.018183333333303027 0.02111666666663147 0.025133333333291444 0.03968333333326719 0.05444999999990925 0.05096666666658172 0.026599999999955666 0.01903333333330161 0.011916666666646805 0.011716666666647139 0.008633333333318944 0.010133333333316443 0.009716666666650471 0.010299999999982833 0.013749999999977083 0.02308333333329486 0.027683333333287194 0.4689833333325517
0.047984182098688294 0.03743891460899331 0.014419367283927438 0.008744855967064131 0.00705697016459771 0.006510416666656201 0.006880144032910751 0.007458847736613524 0.006365740740730507 0.007330246913568463 0.008278677983525787 0.01096322016459143 0.013117283950596198 0.013647762345657073 0.007410622427971626 0.007973251028793767 0.005304783950608756 0.005819187242789 0.004147376543203209 0.004983281892996104 0.0051118827160411655 0.007892875514390604 0.011413323045249142 0.02972286522628967 0.0356063528806012 0.6784175668713374
