0.030799999999948667 0.026033333333289943 0.014866666666641888 0.01078333333331536 0.008399999999986 0.008316666666652806 0.008283333333319527 0.011149999999981416 0.010399999999982666 0.013466666666644223 0.014599999999975667 0.024333333333292777 0.031099999999948166 0.02954999999995075 0.015516666666640805 0.014733333333308778 0.009749999999983749 0.010866666666648555 0.006283333333322861 0.007883333333320194 0.006949999999988417 0.01123333333331461 0.01638333333330603 0.027216666666621304 0.04591666666659014 0.5851833333323581
0.03989473684208777 0.025026315789462707 0.022021929824551745 0.01783771929823779 0.013991228070169302 0.012710526315783899 0.012144736842099936 0.012793859649117195 0.013442982456134454 0.01521929824560736 0.017456140350869537 0.025460526315778307 0.030820175438582974 0.024346491228059496 0.01612719298244907 0.013837719298239544 0.01033771929824108 0.010403508771925262 0.009824561403504463 0.010973684210521502 0.012342105263152481 0.015100877192975834 0.018438596491219983 0.024320175438585823 0.05420175438594114 0.5209254385962627
0.04119519519517045 0.02981981981980191 0.017837837837827126 0.012534534534527006 0.011297297297290513 0.010870870870864342 0.01096696696696038 0.010462462462456178 0.011651651651644654 0.013117117117109238 0.017183183183172863 0.022648648648635045 0.026378378378362537 0.02243843843842496 0.01564564564563625 0.012864864864857137 0.009867867867861941 0.010018018018012002 0.009135135135129648 0.010120120120114042 0.010534534534528208 0.012360360360352938 0.0165225225225126 0.026192192192176462 0.03620420420418246 0.5721321321317885
0.03569718309856641 0.030669014084485444 0.01602816901407322 0.012239436619709691 0.010654929577457286 0.010302816901401194 0.010704225352105138 0.009788732394359304 0.010795774647879721 0.012753521126751582 0.016049295774636586 0.02040845070421098 0.024147887323926656 0.0210281690140697 0.014077464788722481 0.011478873239428537 0.009176056338021706 0.009556338028162284 0.008260563380275874 0.0093028169014019 0.009704225352105841 0.011936619718301454 0.01423239436618716 0.026218309859136466 0.03661971830983336 0.5981690140840858
0.04540262172280393 0.03785580524341025 0.008239700374524121 0.005861423220968294 0.004897003745313767 0.005543071161043499 0.0064232209737767575 0.00877340823969216 0.009119850187257379 0.010093632958792047 0.01324906367039958 0.019213483146049426 0.019185393258409 0.018511235955038848 0.011385767790251512 0.008941947565534698 0.005140449438197434 0.004999999999995318 0.003286516853929507 0.0034456928838919047 0.003146067415727391 0.003726591760296136 0.007312734082390157 0.03236891385764759 0.0397378277153186 0.6641385767784044
0.043170007423872926 0.02720118782477565 0.023637713437250456 0.023095768374147663 0.019576837416466535 0.016577579806966163 0.013793615441712105 0.014224201930204733 0.014699331848541426 0.01698589458053676 0.01961395694133659 0.02405345211579506 0.029079435783200387 0.02403860430584704 0.01870824053450727 0.015879732739409146 0.013370452858193488 0.013793615441712105 0.013622865627309856 0.014780994803255544 0.015330363771332345 0.01706755753525088 0.01861172976984513 0.022731997030421135 0.0406161841128132 0.485738678544554
0.02987499999998444 0.023557291666654396 0.01603124999999165 0.011583333333327301 0.010140624999994718 0.009338541666661803 0.008687499999995475 0.011270833333327464 0.01082812499999436 0.012374999999993554 0.014354166666659191 0.025255208333320178 0.03830729166664672 0.03322916666664936 0.015499999999991926 0.01628645833332485 0.01107812499999423 0.013692708333326201 0.00915624999999523 0.011979166666660428 0.012005208333327081 0.01745312499999091 0.020614583333322598 0.029062499999984864 0.04588541666664277 0.5424531249997174
0.04589066666665443 0.03441066666665749 0.015543999999995855 0.009314666666664183 0.006162666666665023 0.005039999999998656 0.004581333333332112 0.00513599999999863 0.005893333333331762 0.00657333333333158 0.008221333333331141 0.01148533333333027 0.02129066666666099 0.01470933333332941 0.007981333333331205 0.006311999999998317 0.004695999999998748 0.004919999999998688 0.004111999999998904 0.004839999999998709 0.005343999999998575 0.00835999999999777 0.013845333333329641 0.03200799999999147 0.040986666666655736 0.672341333333154
0.024978666666660005 0.021549333333327588 0.007903999999997892 0.005509333333331864 0.005429333333331885 0.005914666666665089 0.007159999999998091 0.010823999999997114 0.01403733333332959 0.02159999999999424 0.03023199999999194 0.049210666666653545 0.057594666666651306 0.054495999999985466 0.02953066666665879 0.025663999999993158 0.01689066666666216 0.017562666666661984 0.009594666666664108 0.012583999999996645 0.008517333333331063 0.012762666666663263 0.012234666666663403 0.02407199999999358 0.048069333333320516 0.46607733333320905
0.0230755287008924 0.016797583081560846 0.009703927492441266 0.00951057401812114 0.009063444108755854 0.008398791540780423 0.008368580060417904 0.011540785498482453 0.01468277945618448 0.021444108761316347 0.02799999999998308 0.05024773413894245 0.0692205438066047 0.06317220543802829 0.03180060422958803 0.030126888217504456 0.016483383685790644 0.0176555891238564 0.008652567975825587 0.01271299093654821 0.009703927492441266 0.016332326283978047 0.01660422960724072 0.022132930513581794 0.040163141993933435 0.4344048338365955
0.033087719298226265 0.031222222222203964 0.01446198830408511 0.00840350877192491 0.005947368421049154 0.005140350877189976 0.004941520467833367 0.005608187134499645 0.006245614035084067 0.007789473684205971 0.011315789473677593 0.019187134502912755 0.02995906432746786 0.022953216374255583 0.01377777777776972 0.00888304093566732 0.006584795321633576 0.0065789473684172055 0.005192982456137314 0.005637426900581498 0.00592397660818367 0.007491228070171058 0.013122807017536186 0.02857309941518797 0.03059064327483591 0.6613801169586776
0.03945833333330045 0.0353999999999705 0.02178333333331518 0.014499999999987917 0.010533333333324556 0.00846666666665961 0.007308333333327243 0.0070333333333274725 0.007808333333326826 0.008016666666659986 0.008983333333325847 0.01149166666665709 0.013874999999988438 0.01419166666665484 0.008716666666659403 0.009774999999991854 0.007258333333327285 0.008266666666659778 0.007241666666660632 0.009008333333325826 0.010066666666658277 0.01211666666665657 0.016208333333319825 0.029941666666641716 0.04052499999996623 0.6320249999994733
0.047997714710852464 0.03700972576528153 0.016920440051009168 0.01361208545917463 0.009911777210877768 0.007839073129246492 0.006716358418362885 0.0063244047619005605 0.006078603316322493 0.0062579719387713525 0.007241177721083625 0.012004411139447807 0.01923894557821851 0.014229910714276262 0.009068080357136833 0.008038371598634115 0.0064572704081589756 0.0073541135204032776 0.0064572704081589756 0.008191167091831294 0.00887542517006213 0.011366656037407415 0.013804740646249333 0.030419589710864146 0.04361979166663769 0.6349649234689659
0.03266933333332462 0.02529066666665992 0.014653333333329426 0.011026666666663727 0.009458666666664145 0.009018666666664262 0.008930666666664285 0.010442666666663882 0.011338666666663643 0.013895999999996295 0.01744533333332868 0.028135999999992497 0.03839199999998976 0.027762666666659264 0.014591999999996108 0.012391999999996696 0.008725333333331007 0.009426666666664153 0.007405333333331358 0.009018666666664262 0.008810666666664317 0.011850666666663507 0.0168719999999955 0.02940533333332549 0.039762666666656066 0.5732773333331804
0.03320120120118126 0.02568768768767226 0.01464864864863985 0.012750750750743093 0.011921921921914762 0.012132132132124846 0.0122702702702629 0.014588588588579827 0.01790390390389315 0.021891891891878745 0.028930930930913555 0.04639039039036253 0.05843243243239734 0.041879879879854726 0.022096096096082825 0.016006006005996394 0.012264264264256898 0.012348348348340931 0.0102642642642581 0.01156756756756062 0.011081081081074426 0.011201201201194473 0.012708708708701076 0.02318918918917526 0.030684684684666255 0.4739579579576733
0.03200624512097423 0.02402810304447773 0.014199843871963935 0.013278688524579798 0.012950819672121038 0.014168618266967862 0.018024980483982805 0.020702576112396016 0.026362217017934144 0.03201405152222325 0.03435597189692868 0.03700234192034582 0.03463700234189333 0.030195160031202033 0.0242310694769522 0.02155347384853899 0.017790788446512263 0.017088212334100635 0.01352068696329936 0.014730679156897165 0.013075722092105327 0.012919594067124965 0.012974238875868092 0.019875097580000098 0.030601092896150976 0.4577127244336786
0.04458612975388174 0.037382550335542594 0.014996271439213277 0.008545861297532776 0.00583892617449229 0.0053914988814277465 0.004944071588363203 0.005033557046976112 0.0043922445935836 0.004645786726320175 0.005234899328855157 0.006778523489927831 0.007479492915728949 0.007039522744215481 0.00407904548843842 0.004466815809094357 0.002706935123040487 0.003885160328110451 0.002654735272182957 0.003803131991048618 0.004108873974642722 0.006271439224454682 0.011752423564495337 0.03457121551078705 0.040753169276628816 0.7186577181202695
0.032921348314591946 0.02859775280897591 0.017698876404486426 0.012916853932578465 0.009680898876400144 0.008274157303367068 0.00860224719100737 0.009559550561793455 0.010296629213478518 0.012768539325836959 0.01595955056179058 0.022710112359540353 0.03161797752807568 0.024620224719090058 0.013788764044937623 0.011523595505612797 0.009208988764040804 0.009150561797748697 0.007146067415727125 0.007820224719097608 0.008220224719097429 0.011676404494376775 0.01718651685392486 0.027096629213470967 0.03244494382021014 0.5985123595502928
0.02981231231228993 0.022815315315298186 0.012139639639630526 0.01031531531530757 0.010495495495487617 0.011816816816807945 0.013566066066055881 0.015698198198186412 0.019954954954939975 0.027515015014994357 0.03392642642640096 0.03838588588585707 0.041028528528497726 0.03436186186183606 0.02399399399397598 0.02062312312310764 0.015600600600588889 0.015165165165153779 0.010442942942935103 0.010247747747740054 0.009459459459452358 0.010668168168160158 0.013183183183173287 0.02427177177175355 0.034564564564538616 0.48994744744707963
0.023291291291277303 0.021975975975962778 0.013489489489481388 0.011351351351344534 0.01069069069068427 0.011003003002996394 0.009507507507501798 0.011135135135128447 0.012600600600593032 0.01649849849848859 0.025453453453438166 0.047957957957929155 0.06995795795791594 0.05530330330327009 0.03042642642640815 0.021225225225212477 0.013879879879871543 0.011789789789782708 0.009093093093087631 0.008342342342337331 0.007741741741737092 0.009309309309303718 0.01249249249248499 0.022198198198184867 0.03022822822821007 0.48305705705676694
0.029015015014997588 0.02380780780779351 0.01454654654653781 0.012012012012004797 0.011753753753746694 0.011621621621614642 0.012996996996989191 0.016738738738728685 0.021213213213200473 0.02891891891890155 0.039993993993969974 0.05034234234231211 0.04521921921919206 0.033693693693673456 0.022090090090076824 0.01735135135134093 0.013675675675667461 0.012054054054046814 0.00981381381380792 0.010450450450444173 0.010324324324318124 0.011321321321314522 0.01249249249248499 0.021537537537524604 0.027207207207190866 0.47980780780751964
0.04627049180321548 0.03583333333328438 0.01923497267756935 0.012991803278670775 0.009986338797800564 0.007322404371574696 0.006612021857914464 0.005355191256823285 0.004904371584692754 0.004918032786878527 0.00707650273223077 0.009207650273211465 0.01155737704916454 0.011434426229492575 0.005614754098352985 0.006734972677586428 0.0038114754098308584 0.004931693989064301 0.0034562841530007427 0.0050819672131078115 0.005396174863380606 0.007909836065562965 0.012909836065556134 0.03292349726771458 0.04124316939885076 0.677281420764102
0.03566285714283676 0.02483428571427152 0.01696571428570459 0.013765714285706419 0.012022857142850273 0.012628571428564212 0.012914285714278335 0.013537142857135122 0.015388571428562635 0.017497142857132858 0.02086285714284522 0.02647999999998487 0.034657142857123055 0.028148571428555345 0.018114285714275362 0.01635428571427637 0.012405714285707197 0.012999999999992571 0.011045714285707975 0.012588571428564234 0.012348571428564372 0.013965714285706305 0.015142857142848489 0.0219771428571303 0.05435999999996894 0.5133314285711352
0.04496296296293734 0.03593732193730146 0.011230769230762832 0.006301994301990711 0.00434757834757587 0.004205128205125809 0.004535612535609951 0.004962962962960135 0.005772079772076483 0.007521367521363236 0.009555555555550111 0.012849002848995528 0.015544159544150686 0.013219373219365687 0.008307692307687574 0.007242165242161116 0.004518518518515944 0.004467236467233922 0.0035327635327615198 0.004245014245011826 0.004962962962960135 0.007549857549853248 0.011943019943013137 0.03286609686607814 0.0427749287749044 0.6866438746434834
0.03619259259253897 0.034548148148096966 0.013155555555536066 0.008755555555542584 0.0070962962962857834 0.006725925925915962 0.006237037037027797 0.006518518518508862 0.00842962962961714 0.010311111111095835 0.015377777777754996 0.02402962962959403 0.039259259259201096 0.026118518518479825 0.01399999999997926 0.009274074074060334 0.006029629629620697 0.0066666666666567904 0.005733333333324839 0.006918518518508269 0.006281481481472176 0.00826666666665442 0.012133333333315358 0.025022222222185152 0.03048888888884372 0.6264296296287016
0.0280539861895618 0.025668549905821927 0.013747645951027152 0.009045825486497775 0.008411801632135335 0.009052102950402353 0.00879472693031463 0.010991839296917142 0.01334588826113412 0.01659761456370584 0.02033270558693011 0.032178279974869946 0.049441305712461116 0.034720652856224284 0.019460138104193683 0.01682360326427067 0.011242937853100286 0.011242937853100286 0.007966101694910254 0.007840552416818681 0.007156308851219613 0.008951663527929095 0.012303829252974071 0.025247959824215162 0.028361581920886152 0.5630194601377507
0.03109599999998756 0.026979999999989207 0.014251999999994299 0.010143999999995943 0.00895199999999642 0.009291999999996282 0.010119999999995952 0.01197599999999521 0.013759999999994495 0.0164999999999934 0.019203999999992317 0.02785599999998886 0.03215599999998714 0.03092799999998763 0.018171999999992732 0.014639999999994144 0.010939999999995623 0.011403999999995439 0.009667999999996133 0.010135999999995945 0.009279999999996288 0.01109999999999556 0.01445199999999422 0.0280039999999888 0.03778799999998488 0.5611999999997755
0.03698133333332347 0.030021333333325326 0.01172266666666354 0.0075413333333313225 0.005810666666665117 0.005319999999998581 0.005445333333331881 0.0062613333333316635 0.007474666666664674 0.009477333333330807 0.010397333333330561 0.013770666666662995 0.01579733333332912 0.018103999999995173 0.012079999999996779 0.011594666666663575 0.008455999999997745 0.009927999999997352 0.007706666666664612 0.009021333333330928 0.00859733333333104 0.012378666666663365 0.01593066666666242 0.03197599999999147 0.09450666666664147 0.5936986666665084
0.03670076726340834 0.027800511508937188 0.01937084398975991 0.01625575447569501 0.013815856777486538 0.012312020460351758 0.011861892583114137 0.012501278772372122 0.013780051150888092 0.01447570332480078 0.017928388746793898 0.025079283887455204 0.034414322250621784 0.026480818414308705 0.017304347826078106 0.013181585677742618 0.010572890025570039 0.010557544757027847 0.009498721227616625 0.010209718670071505 0.011063938618920173 0.013335038363164534 0.017989769820962665 0.02568286445011474 0.037104859335019384 0.5407212276212068
0.03170914542727685 0.026128935532226047 0.013166416791600249 0.009580209895049601 0.008599700149922458 0.008851574212890899 0.008608695652171332 0.010233883058467695 0.012590704647672387 0.01689355322338324 0.023397301349318323 0.038224887556210424 0.05298050974511155 0.04189805097450018 0.024245877061461994 0.01596401799099971 0.009880059970012029 0.008338830584705146 0.0071094452773591875 0.007211394302846413 0.0074452773613171075 0.008842578710642026 0.012344827586203195 0.02439580209894321 0.03216791604196936 0.5391904047974395
0.05294444444437091 0.02726388888885102 0.02118055555552614 0.02009722222219431 0.018263888888863523 0.016194444444421953 0.01418055555553586 0.012638888888871335 0.011902777777761246 0.012527777777760377 0.014611111111090818 0.016763888888865607 0.02052777777774927 0.021291666666637094 0.015277777777756558 0.014027777777758295 0.011944444444427854 0.013291666666648206 0.010819444444429418 0.012319444444427334 0.012902777777759857 0.015458333333311864 0.017083333333309605 0.02451388888885484 0.038333333333280095 0.5336388888881477
0.038448753462568375 0.0319759926130822 0.020036934441348072 0.01649122807016021 0.013370267774687562 0.01132040627884458 0.010184672206823467 0.009907663896574416 0.01083102493073792 0.012059095106175383 0.013887349953819125 0.02006463527237298 0.02510618651890572 0.01974145891041575 0.012132963988908464 0.010470914127414153 0.007396121883649681 0.0084025854108879 0.007257617728525154 0.009002770083094181 0.009196675900268516 0.012446906740524056 0.017303785780224096 0.028254847645403272 0.0365835641735581 0.5881255771001033
0.025654970760218915 0.024532163742675712 0.009345029239760617 0.0069181286549667145 0.00585380116958722 0.005292397660815618 0.006637426900580914 0.007771929824556859 0.010385964912274628 0.015339181286540738 0.021883040935659716 0.025538011695891497 0.024280701754371765 0.017660818713439965 0.011210526315782917 0.008391812865492168 0.005807017543856253 0.006035087719294716 0.004555555555552891 0.004590643274851117 0.004596491228067487 0.005859649122803591 0.007730994152042262 0.020146198830397574 0.21736257309928808 0.49661988304064525
0.033355555555530846 0.02719259259257245 0.01971111111109651 0.01639259259258045 0.011666666666658025 0.010296296296288669 0.011288888888880527 0.013466666666656692 0.01594074074072893 0.018488888888875194 0.02225185185183537 0.030725925925903164 0.052170370370331724 0.03259999999997585 0.01670370370369133 0.014362962962952324 0.011288888888880527 0.011066666666658469 0.009207407407400586 0.009288888888882008 0.010562962962955138 0.013488888888878897 0.016874074074061576 0.02457777777775957 0.03173333333330983 0.5152962962959146
0.03765624999996731 0.028932291666641553 0.01985243055553832 0.014314236111098685 0.010277777777768856 0.008515624999992607 0.00907118055554768 0.009270833333325285 0.010763888888879546 0.01267361111110011 0.015208333333320131 0.020329861111093462 0.02406249999997911 0.019722222222205103 0.013012152777766482 0.010633680555546325 0.006944444444438416 0.007361111111104721 0.0056597222222173095 0.00596354166666149 0.0064236111111055354 0.010868055555546121 0.01648437499998569 0.026631944444421327 0.03438368055552571 0.614982638888355
0.020840840840828323 0.017579579579569023 0.009717717717711882 0.007039039039034811 0.00608408408408043 0.005891891891888353 0.0058858858858823505 0.009183183183177668 0.012174174174166863 0.020762762762750294 0.028954954954937565 0.052906906906875134 0.06156756756753059 0.07024024024019805 0.04214414414411883 0.035243243243222075 0.019213213213201675 0.01710510510509483 0.009861861861855939 0.012126126126118844 0.00891291291290756 0.011753753753746694 0.013675675675667461 0.020396396396384145 0.0418258258258007 0.4389129129126493
0.03628182356421771 0.03201302545883244 0.01778567199525294 0.01388395500295211 0.011101243339247424 0.009893428063937304 0.009692125518052284 0.010177619893422038 0.011965660153930156 0.013078744819412031 0.017187685020712145 0.020775606867956913 0.023451746595604825 0.020367081113072606 0.013789224393123866 0.013203078744811603 0.009881586737708774 0.010100651272936589 0.009555950266424182 0.009526346950852856 0.009443457667253142 0.011788040260502198 0.015677915926574495 0.026642984014193818 0.0368975725281013 0.5858377738303222
0.049166666666612034 0.03802222222217998 0.015511111111093876 0.009744444444433618 0.0070222222222144194 0.0058666666666601485 0.004977777777772247 0.005711111111104766 0.005711111111104766 0.006499999999992778 0.008577777777768247 0.010811111111099099 0.009899999999989 0.009755555555544715 0.006111111111104321 0.006133333333326519 0.004655555555550383 0.0055999999999937775 0.0037777777777735803 0.0058888888888823454 0.006011111111104432 0.009099999999989889 0.011533333333320519 0.03275555555551916 0.04364444444439595 0.6775111111103583
0.0342342342342062 0.0281818181817951 0.012514332514322265 0.00967239967239175 0.007616707616701379 0.0068714168714112435 0.006781326781321227 0.006928746928741254 0.007567567567561369 0.010286650286641863 0.013505323505312444 0.02171990171988393 0.029049959049935258 0.02221130221128402 0.012563472563462274 0.013955773955762526 0.01016380016379184 0.010417690417681886 0.008665028665021569 0.009221949221941668 0.008280098280091498 0.01111384111383201 0.01459459459458264 0.028460278460255152 0.034742014741986287 0.6206797706792624
0.02091733333332218 0.024159999999987115 0.010053333333327972 0.0072533333333294646 0.005685333333330301 0.004789333333330779 0.005530666666663717 0.0069759999999962794 0.008639999999995393 0.012314666666660099 0.01593066666665817 0.026741333333319073 0.044991999999976 0.030602666666650347 0.015791999999991577 0.015306666666658503 0.008335999999995554 0.008159999999995648 0.00545599999999709 0.007002666666662932 0.005983999999996809 0.010565333333327698 0.013791999999992643 0.02703466666665225 0.12247466666660134 0.5355093333330477
0.0334277286135496 0.027451327433612123 0.013728613569313434 0.011250737463120206 0.011014749262530375 0.012259587020641735 0.012135693215332073 0.013994100294976995 0.016690265486715816 0.020619469026536507 0.024501474926239233 0.030365781710896537 0.034395280235967905 0.03105014749260705 0.023646017699101095 0.01933923303833667 0.016430678466067 0.014879056047188862 0.012997050147484958 0.012371681415921905 0.011616519174034445 0.012283185840700718 0.013038348082588178 0.02180530973450041 0.03060176991148637 0.5181061946899598
0.03175126903551688 0.02970050761419812 0.015543147208113938 0.010700507614207766 0.009401015228421624 0.008020304568523847 0.008147208121823275 0.008989847715731478 0.009131979695426836 0.010527918781720545 0.01391878172588126 0.019390862944152595 0.033111675126886744 0.021918781725877197 0.013365482233495754 0.010355329949233322 0.007365482233498799 0.0073756345177627535 0.0064923857867987345 0.007203045685275532 0.007923857868016282 0.01051776649745659 0.015969543147200015 0.029786802030441734 0.034081218274094376 0.6193096446697364
0.0390570570570336 0.0338018018017815 0.01081681681681032 0.006672672672668665 0.005441441441438173 0.005561561561558221 0.005219219219216084 0.00563363363363025 0.007993993993989193 0.01019219219218607 0.013459459459451376 0.017639639639629046 0.018918918918907558 0.015537537537528205 0.00936336336335774 0.007339339339334931 0.004822822822819926 0.004870870870867946 0.003663663663661463 0.00405405405405162 0.004384384384381751 0.006372372372368545 0.01066666666666026 0.030756756756738283 0.03623423423421247 0.6815255255251162
0.02894894894893156 0.023717717717703472 0.014636636636627846 0.011705705705698675 0.009819819819813922 0.009135135135129648 0.010054054054048016 0.011351351351344534 0.012708708708701076 0.01695495495494477 0.021063063063050412 0.028822822822805513 0.03282282282280311 0.030858858858840325 0.019213213213201675 0.016918918918908756 0.011729729729722685 0.01196996996996278 0.009033033033027608 0.010276276276270105 0.008882882882877547 0.011261261261254497 0.01396996996996158 0.024660660660645848 0.03733333333331091 0.5621501501498125
0.02479429735233206 0.019368635437873986 0.009046843177185725 0.008509164969446635 0.00791446028512916 0.0075234215885916405 0.006757637474538999 0.008167006109976307 0.00810590631364232 0.00974338085539318 0.010896130346227741 0.017723014256611925 0.02526680244398156 0.04937678207737296 0.010207739307531483 0.010435845213845036 0.0049083503054969824 0.004977596741342168 0.003743380855395624 0.0031486761710781473 0.0029164969450089953 0.0036537678207724422 0.0048920570264745855 0.013714867617102356 0.3066109979632152 0.4175967413440254
0.02714114114112484 0.022888888888875143 0.013501501501493393 0.011645645645638652 0.010030030030024006 0.010732732732726286 0.0115195195195126 0.013561561561553416 0.015897897897888348 0.02040840840839615 0.029855855855837925 0.05186786786783672 0.0833453453452953 0.05489489489486193 0.027483483483466978 0.019561561561549812 0.013039039039031208 0.012288288288280907 0.009795795795789913 0.010510510510504199 0.010408408408402157 0.01156756756756062 0.01231831831831092 0.02115315315314045 0.02794594594592916 0.4466366366363684
0.046548148148079185 0.03906666666660879 0.01559999999997689 0.009822222222207671 0.006503703703694069 0.005614814814806497 0.004711111111104132 0.004370370370363896 0.004311111111104725 0.004799999999992889 0.005392592592584604 0.006429629629620104 0.006444444444434897 0.008281481481469212 0.004711111111104132 0.006074074074065076 0.003540740740735495 0.004088888888882832 0.0035999999999946665 0.004385185185178688 0.004785185185178096 0.006829629629619511 0.012044444444426601 0.03524444444439223 0.04155555555549399 0.7052444444433996
0.03599875156052684 0.02775905118600015 0.01396379525592137 0.011117353308357605 0.010187265917596637 0.009831460674151166 0.009868913857671743 0.010661672908857264 0.011841448189755405 0.014257178526832549 0.01677902621721799 0.023071161048674738 0.0283021223470485 0.02648564294630057 0.017927590511848984 0.014937578027456343 0.010774032459418992 0.01170411985017996 0.009182272159794518 0.008632958801492738 0.007846441947560645 0.009943820224712893 0.012559300873899776 0.0257677902621562 0.036148564294609144 0.584450686641333
0.04016152716590297 0.029449339207026835 0.024955947136545552 0.01672540381790255 0.011886930983838556 0.010359765051387401 0.009999999999992657 0.010513950073413719 0.010668135095440038 0.011475770925101707 0.014530102790004017 0.018707782672526645 0.02193832599117332 0.01952276064609433 0.012804698972090451 0.011938325991180661 0.009456681350947535 0.010124816446394916 0.008237885462549017 0.009096916299552792 0.009537444933913702 0.014441997063131835 0.01933920704844395 0.027202643171786195 0.03970631424373002 0.5772173274591944
0.034822822822801906 0.02248048048046698 0.015495495495486188 0.01454654654653781 0.015831831831822324 0.01622222222221248 0.01650450450449459 0.018090090090079225 0.020924924924912356 0.025153153153138045 0.0292912912912737 0.0433153153152893 0.056552552552518585 0.04162762762760262 0.021423423423410557 0.01487087087086194 0.011207207207200476 0.01058858858858223 0.01024024024023409 0.011411411411404558 0.012852852852845133 0.015879879879870343 0.017063063063052816 0.022420420420406956 0.032636636636617034 0.4485465465462771
0.04829714285711526 0.026377142857127785 0.024805714285700112 0.02011428571427422 0.014868571428562932 0.012405714285707197 0.011765714285707562 0.011251428571422141 0.011719999999993303 0.012845714285706945 0.01330285714284954 0.017937142857132608 0.02176571428570185 0.01803428571427541 0.011788571428564692 0.010794285714279546 0.008474285714280872 0.009577142857137384 0.008994285714280575 0.010274285714279843 0.011205714285707883 0.015405714285705483 0.021268571428559275 0.026834285714270382 0.06361142857139222 0.5362799999996936
0.04196396396393876 0.03721321321319086 0.01389789789788955 0.007969969969965183 0.005813813813810322 0.00490690690690396 0.0043063063063037196 0.004012012012009602 0.004012012012009602 0.005081081081078029 0.006354354354350538 0.007825825825821125 0.009465465465459781 0.008276276276271305 0.005669669669666265 0.005489489489486192 0.00413213213212965 0.0050210210210180056 0.003951951951949579 0.005069069069066024 0.004948948948945976 0.008114114114109242 0.013603603603595433 0.03239639639637694 0.03841441441439134 0.7120900900896624
0.04430769230766504 0.03302153846151814 0.01675076923075892 0.011944615384608033 0.00956923076922488 0.00912615384614823 0.007963076923072023 0.007359999999995471 0.0075384615384568995 0.009679999999994042 0.011009230769223994 0.013083076923068872 0.015126153846144538 0.015039999999990745 0.010024615384609215 0.010055384615378428 0.007593846153841481 0.00787692307691823 0.006233846153842318 0.007212307692303254 0.007199999999995569 0.010172307692301432 0.015827692307682568 0.030276923076904445 0.042935384615358195 0.6330707692303796
0.037455999999980026 0.03220799999998282 0.014341333333325684 0.009413333333328312 0.007909333333329115 0.007023999999996254 0.006613333333329806 0.007407999999996049 0.007989333333329072 0.00961066666666154 0.011615999999993805 0.014143999999992456 0.01646399999999122 0.015439999999991766 0.009861333333328073 0.00874133333332867 0.006090666666663419 0.006261333333329994 0.0048959999999973886 0.005402666666663785 0.005973333333330147 0.008463999999995486 0.012735999999993208 0.02618133333331937 0.055919999999970174 0.6518346666663191
0.031314641744528776 0.02474766355138645 0.013999999999991276 0.01055451713394981 0.009433021806847705 0.00923364485980733 0.00886604361370164 0.010024922118373816 0.012068535825537652 0.014211838006221675 0.0195514018691467 0.031563862928329245 0.035252336448576164 0.032747663551381465 0.021719626168210767 0.018710280373820116 0.012841121495319102 0.013619937694695564 0.010205607476629155 0.011115264797500862 0.010024922118373816 0.013183800623044745 0.014953271028028067 0.025140186915872186 0.037208722741409836 0.547707165108693
0.03449249249247178 0.02531531531530011 0.012474474474466982 0.008630630630625446 0.007951951951947176 0.007693693693689073 0.006630630630626648 0.007843843843839134 0.008018018018013202 0.010180180180174065 0.011981981981974785 0.020012012011999994 0.031087087087068414 0.028084084084067217 0.014078078078069623 0.014498498498489791 0.010156156156150056 0.0130210210210132 0.009465465465459781 0.01387387387386554 0.012702702702695074 0.017957957957947173 0.01975375375374189 0.032726726726707074 0.07170570570566263 0.5496636636633335
0.028282666666659125 0.020114666666661302 0.010890666666663763 0.008866666666664302 0.007831999999997912 0.0077839999999979245 0.008021333333331195 0.011183999999997018 0.013317333333329783 0.019421333333328156 0.026317333333326316 0.04273066666665527 0.04887999999998697 0.05004533333331999 0.03284266666665791 0.026823999999992847 0.01666133333332889 0.014615999999996103 0.010306666666663918 0.010642666666663829 0.009541333333330789 0.01132799999999698 0.013530666666663058 0.021298666666660988 0.03283733333332458 0.4958826666665344
0.03232153941649142 0.025400372439462818 0.016859093730591645 0.011570453134691763 0.008938547486027971 0.008168839230286674 0.008243327126003574 0.011297330850396463 0.013227808814392783 0.0153320918683952 0.01969584109247691 0.02909373060209243 0.043606455617601736 0.03245189323399599 0.020260707634996735 0.01586592178769965 0.01093109869645504 0.010459342023581342 0.008243327126003574 0.008472998137797347 0.008808193668523397 0.012371198013648435 0.016772191185588595 0.023823711980121773 0.03224084419613145 0.5555431409059246
0.04363999999997506 0.038582857142835096 0.014759999999991566 0.007348571428567229 0.00445714285714031 0.0035714285714265304 0.0028914285714269194 0.003131428571426782 0.0031999999999981713 0.0031657142857124767 0.0034685714285694466 0.005954285714282311 0.008651428571423628 0.00725714285713871 0.0036628571428550497 0.0037999999999978286 0.0025142857142842773 0.003068571428569675 0.002914285714284049 0.0034971428571408587 0.004428571428568898 0.006954285714281741 0.013234285714278152 0.03509142857140852 0.06267999999996418 0.7080742857138811
0.03887804878042459 0.028975609756050447 0.02003252032517068 0.01642276422761557 0.014406504065017225 0.015024390243878008 0.014617886178838019 0.01689430894306196 0.018569105691026717 0.02001626016256908 0.02508943089426815 0.030422764227592807 0.03287804878043434 0.030991869918648794 0.019414634146309895 0.01730081300810195 0.014829268292658813 0.014715447154447617 0.01234146341461408 0.014048780487782034 0.012520325203231673 0.012878048780466864 0.013902439024367639 0.02258536585362181 0.031999999999947966 0.49024390243822724
0.037219628592162164 0.02664176781822735 0.017055711173351154 0.014038800705461546 0.011034339661786062 0.009602655877161696 0.008320365183106828 0.009179375453881448 0.01061520904657719 0.01245772383026768 0.016769374416426282 0.02435522357089974 0.03466334682019518 0.02579105716359548 0.01539993775287254 0.01167341010477781 0.00967320261437507 0.009536258948019696 0.009054881211740199 0.009689801846660571 0.010121381886083568 0.011511567589994186 0.014507729017526918 0.024425770308113114 0.03672165162359717 0.5799398277827243
0.03234977578474369 0.029766816143488858 0.015584454409561858 0.00949476831090897 0.007790732436470018 0.007536621823615086 0.007940209267561154 0.008765321375184225 0.01092077727951841 0.012744394618830271 0.01680717488788735 0.022669656203281714 0.025635276532129856 0.024083707025403862 0.017808669656197963 0.015485799701041709 0.01161434977578128 0.010520179372194164 0.009058295964122852 0.008965620328846348 0.008547085201791167 0.009817638266065824 0.013309417040354765 0.026385650224207358 0.03257698056800222 0.6038206278025101
0.02365765765764345 0.0187807807807695 0.011147147147140452 0.009021021021015603 0.008168168168163263 0.009651651651645854 0.011723723723716682 0.01649849849848859 0.020642642642630243 0.027783783783767096 0.040444444444420156 0.06687087087083071 0.07990390390385592 0.06565765765761822 0.03727927927925689 0.024858858858843928 0.017087087087076826 0.014528528528519803 0.010450450450444173 0.009681681681675866 0.008966966966961582 0.009873873873867943 0.011207207207200476 0.01739939939938895 0.024816816816801913 0.4038978978976553
0.044044444444379195 0.0400888888888295 0.013170370370350858 0.008607407407394655 0.006325925925916554 0.005007407407399989 0.004725925925918925 0.0044888888888822386 0.005288888888881053 0.00527407407406626 0.00635555555554614 0.007614814814803534 0.009274074074060334 0.009985185185170392 0.007303703703692883 0.007644444444433119 0.006177777777768625 0.0073185185185076764 0.00583703703702839 0.005985185185176318 0.005659259259250875 0.00899259259257927 0.012340740740722458 0.029022222222179227 0.037022222222167375 0.6964444444434127
0.03274944567625074 0.031167775314093742 0.015151515151503953 0.010561714708048365 0.008100517368804065 0.0073392461197285 0.007324464153727033 0.007124907612707225 0.008972653362890633 0.010554323725047632 0.013651145602355025 0.019209164818906718 0.032697708795245604 0.021278640059112137 0.01335550628232568 0.010110864745003613 0.00725794530672043 0.007376201034732168 0.006319290465627258 0.008011825572795261 0.008595713229853218 0.010399113082032225 0.014937176644482677 0.028750923872853842 0.03305247597928082 0.6259497413151324
0.03022933333332527 0.023895999999993627 0.013903999999996293 0.01081333333333045 0.009077333333330913 0.009077333333330913 0.008882666666664298 0.010941333333330416 0.011925333333330153 0.015127999999995966 0.017754666666661933 0.030509333333325197 0.04060266666665584 0.03278666666665792 0.017767999999995263 0.01695733333332881 0.011378666666663633 0.012522666666663327 0.009141333333330896 0.012101333333330107 0.011314666666663649 0.0155013333333292 0.018319999999995114 0.03018399999999195 0.04725866666665406 0.5320239999998582
0.026200267022689933 0.020264352469954536 0.012192256341785796 0.011217623497994334 0.010712950600798207 0.01253137516688584 0.01356742323097101 0.017092122830436023 0.01896662216287878 0.02365020026701638 0.027957276368483858 0.03958611481974911 0.04513217623496792 0.04291588785045583 0.026453938584772643 0.02306275033377221 0.016694259012011565 0.017636849132171527 0.01285180240320084 0.014194926568754554 0.012958611481972507 0.015409879839782268 0.016168224299061104 0.021535380507337373 0.04549532710279159 0.45555140186903725
0.03903703703699573 0.03170370370367016 0.02029629629627482 0.013724867724853202 0.009756613756603432 0.0072804232804155765 0.007301587301579575 0.00824338624337752 0.009841269841259426 0.010952380952369363 0.013343915343901223 0.016804232804215023 0.016507936507919038 0.015227513227497113 0.010275132275121402 0.0103068783068674 0.006518518518511621 0.007037037037029591 0.0055026455026396795 0.005809523809517662 0.006793650793643605 0.010624338624327382 0.01632804232802505 0.028074074074044365 0.03445502645499 0.6382539682532928
0.03338754500092103 0.031074338407099826 0.012600265268732551 0.009394934630195324 0.007042253521121201 0.0052895850438914845 0.005108002273728046 0.006158024379455758 0.006497505210630884 0.009079138508171951 0.012094991473495156 0.019224088928172785 0.021300448430476456 0.022089938735534886 0.01308974925786878 0.013137118676172285 0.008739657676996826 0.010144950420000833 0.006592244047237896 0.007800164213977294 0.007681740668218529 0.011510768647751917 0.01578980610116861 0.031532242784033715 0.03584285984965275 0.6377976378445037
0.027067266495272566 0.025166023993131337 0.009790059982856796 0.006453513281915995 0.005087832047983565 0.004359468723219601 0.004739717223647847 0.006823050556980065 0.007631748071975347 0.010298843187655152 0.013838903170515296 0.02515531276776716 0.03931555269920774 0.043267994858588656 0.016313196229639934 0.015520565552690916 0.008456512425016893 0.011991216795194949 0.00667844901456369 0.009607969151665806 0.007604970008564907 0.012628534704363417 0.01664524421592939 0.02857219365893928 0.11932305055691982 0.5176628106252583
0.03438399999999083 0.026402666666659625 0.013079999999996513 0.011015999999997063 0.010679999999997152 0.010559999999997184 0.011751999999996866 0.015050666666662653 0.01815733333332849 0.02155999999999425 0.025525333333326527 0.029367999999992168 0.03140799999999162 0.02785599999999257 0.019349333333328174 0.015367999999995902 0.011661333333330224 0.010821333333330447 0.008530666666664391 0.008850666666664307 0.009367999999997502 0.011309333333330318 0.014562666666662782 0.025085333333326645 0.034167999999990886 0.5441253333331882
0.03152595372105595 0.02517198248903992 0.011550969355840181 0.0098186366478988 0.010231394621632126 0.010318949343333134 0.011369606003745234 0.013295809881167419 0.016566604127569377 0.020906816760462223 0.024984365228252044 0.030150093808611538 0.03776110068790634 0.03264540337709028 0.022545340838009666 0.018636647904928933 0.013208255159466411 0.01358348968104216 0.0102689180737897 0.0102689180737897 0.007823639774854394 0.009862414008749305 0.011457160725446244 0.024652908067526794 0.0313633520950398 0.540031269543127
0.038808122983473595 0.03252230024671379 0.01184285443157645 0.007663693300433607 0.0060239134560614825 0.005511482254695194 0.005898652495727501 0.006710950844559988 0.007401784019735281 0.00872271778325727 0.010776238375399212 0.014739039665965178 0.016796356044783908 0.01653444676408558 0.011186183336492243 0.00936040994495754 0.006380717403679491 0.00656671095084207 0.0051888403871682715 0.005743025241979221 0.005788574682100669 0.007553615486806774 0.011694818751181744 0.030954640349200625 0.04011387360028844 0.6695160371984553
0.03958860759491165 0.03343037974681429 0.014841772151889341 0.009841772151892506 0.008113924050627776 0.007240506329109341 0.006094936708856902 0.005753164556958384 0.006354430379742814 0.007797468354425445 0.009911392405057017 0.017436708860748457 0.022006329113910122 0.01908227848100058 0.008354430379741548 0.00906329113923477 0.005531645569616752 0.0063607594936668605 0.0046898734177185505 0.005746835443034337 0.006056962025312622 0.009094936708855004 0.014202531645560632 0.029740506329095102 0.03762025316453315 0.6560443037970531
