0.03133540372668861 0.02652795031054253 0.015037267080736001 0.009155279503099904 0.007714285714280923 0.006683229813660445 0.006416149068318996 0.007832298136641097 0.009031055900615509 0.011254658385086177 0.017167701863343373 0.04044099378879476 0.07530434782604019 0.057285714285678704 0.0223664596273153 0.012950310558998167 0.0066211180124182475 0.006440993788815875 0.004416149068320239 0.0062298136645924035 0.006416149068318996 0.009739130434776559 0.014434782608686686 0.025105590062096207 0.03537267080743144 0.5287204968940815
0.05321921921918726 0.03192792792790875 0.023651651651637445 0.017639639639629046 0.011405405405398555 0.008156156156151258 0.006132132132128449 0.005585585585582231 0.005519519519516205 0.006630630630626648 0.007333333333328929 0.008666666666661462 0.009573573573567824 0.011237237237230488 0.00798798798798319 0.008876876876871545 0.006678678678674667 0.008168168168163263 0.007483483483478989 0.009441441441435772 0.011207207207200476 0.016282282282272503 0.019309309309297713 0.02981981981980191 0.04651651651648858 0.6215495495491763
0.010356302521004923 0.01058151260503846 0.005267226890754532 0.003384873949578694 0.0023596638655454254 0.002463865546217659 0.0021613445378143997 0.003203361344536738 0.0035563025210072078 0.005364705882351138 0.0068033613445355285 0.01108571428571056 0.014910924369742886 0.03693445378150019 0.009078991596635604 0.015499159663860337 0.005210084033611694 0.021522689075623016 0.004235294117645635 0.013599999999995428 0.005102521008401646 0.015969747899154296 0.010036974789912593 0.016709243697473376 0.4896907563023564 0.2749109243696555
0.03973084886120139 0.028654244306358892 0.014347826086926816 0.010724637681137216 0.007308488612821308 0.005817805383010729 0.005672877846779145 0.007080745341600247 0.005734989648021252 0.008302277432695026 0.007142857142842354 0.009565217391284544 0.01138716356105303 0.05532091097297035 0.012463768115916225 0.020082815734948068 0.01134575569355829 0.03598343685292757 0.013664596273263635 0.02219461697717972 0.012463768115916225 0.025155279503053508 0.019399585921284886 0.031697722567222156 0.04540372670798053 0.5333540372659765
0.030351966873643162 0.021614906832253384 0.012836438923368868 0.010186335403705619 0.007453416149052892 0.006231884057958112 0.005859213250505467 0.010310559006189834 0.011532091097284612 0.013706004140758373 0.015879917184232133 0.020455486542400713 0.020351966873663866 0.054948240165517706 0.014389233954421553 0.024223602484421895 0.011221532091074075 0.03523809523802228 0.009544513457537174 0.020414078674905974 0.01109730848858986 0.024989648033074557 0.015548654244274226 0.027225672877790423 0.04082815734981195 0.5235610766034708
0.04075482093661666 0.028672176308524148 0.015504132231396416 0.012661157024786412 0.011933884297514087 0.01176859504131583 0.012446280991728679 0.013344352617072537 0.014556473829193083 0.015840220385666202 0.016391184572993725 0.018374655647372798 0.018595041322303805 0.01861157024792363 0.014611570247925833 0.015652892561974847 0.012876033057844145 0.01325068870522686 0.011763085399442555 0.010936639118451275 0.00999999999999449 0.011823691460048582 0.013024793388422575 0.026286501377395986 0.0342369146005321 0.5760826446277818
0.040366366366342124 0.035381381381360134 0.01675075075074069 0.009993993993987992 0.006996996996992795 0.007027027027022807 0.006252252252248497 0.0058678678678643435 0.006150150150146456 0.007093093093088833 0.00838438438437935 0.009873873873867943 0.010594594594588232 0.010510510510504199 0.0069729729729687846 0.006672672672668665 0.004600600600597838 0.005603603603600238 0.004528528528525809 0.005351351351348137 0.006042042042038413 0.009621621621615842 0.014300300300291712 0.031561561561542606 0.03903303303300959 0.6844684684680574
0.0376397515527171 0.033457556935748534 0.009503105590042436 0.005258799171831762 0.003995859213242244 0.0040786749482317215 0.00314699792960011 0.005610766045537037 0.004741200828147533 0.006501035196673911 0.006397515527937065 0.013478260869537313 0.015258799171811058 0.04513457556926473 0.010207039337452987 0.01927536231880067 0.005031055900610702 0.024057971014442944 0.005383022774315977 0.014844720496863676 0.006873706004126555 0.019875776397474378 0.013188405797074143 0.03242236024838008 0.04712215320901217 0.6075155279490527
0.029389558232923857 0.025673360107088174 0.009087014725566509 0.006195448460507042 0.0051244979919665 0.005416331994643798 0.0053226238286465 0.007170013386878937 0.007959839357427587 0.011520749665324894 0.014969210174025444 0.02401338688085033 0.026406961178038445 0.03384471218205252 0.020824631860770864 0.019900937081654645 0.012481927710840031 0.012650602409635166 0.008500669344040562 0.010077643908966512 0.008385542168672454 0.01196787148594057 0.015132530120477876 0.02968674698794386 0.04208835341364335 0.5962088353412058
0.029648033126232612 0.02587991718421143 0.009648033126274021 0.006397515527937065 0.004244306418210674 0.005093167701852809 0.004057971014484352 0.0054658385093054535 0.0055900621117896685 0.008115942028968703 0.009296066252568746 0.012525879917158332 0.012380952380926747 0.04660455486532794 0.00844720496892661 0.019710144927495423 0.007660455486526583 0.028654244306358892 0.007039337474105509 0.019296066252548042 0.008033126293979228 0.02389233954446399 0.015838509316737394 0.030973084886064237 0.05225672877835972 0.5932505175971154
0.04050450450448018 0.033321321321301306 0.019327327327315718 0.013111111111103236 0.009885885885879948 0.008276276276271305 0.007969969969965183 0.008084084084079228 0.008798798798793514 0.009903903903897955 0.010756756756750295 0.014144144144135649 0.014606606606597834 0.01550150150149219 0.011537537537530607 0.011351351351344534 0.009909909909903957 0.010498498498492194 0.009375375375369744 0.009519519519513802 0.00991591591590996 0.01179579579578871 0.016042042042032408 0.027423423423406954 0.03953153153150779 0.6189069069065352
0.032111801242169544 0.02242236024840078 0.012484472049663593 0.008840579710126624 0.006894409937873924 0.005693581780526515 0.005776397515515991 0.009316770186316114 0.008157349896463443 0.009689440993768759 0.009130434782589791 0.01401656314696891 0.01807453416145326 0.04788819875766483 0.010993788819853014 0.019999999999958593 0.008902691511368731 0.02799171842644308 0.007784679089010798 0.017536231884021664 0.006438923395431804 0.024120082815685052 0.01763975155275851 0.03254658385086429 0.050372670807349126 0.5651759834356829
0.01780564263322326 0.017931034482753 0.007238244514104314 0.0036551724137919577 0.002454545454544685 0.002354231974920892 0.0023918495297798143 0.003103448275861096 0.003739811912224533 0.004808777429465577 0.006326018808775446 0.01006583072099998 0.011482758620686056 0.025526645768017078 0.008294670846392384 0.011711598746077833 0.0048996865203746395 0.014094043887142917 0.003363636363635309 0.009159874608147598 0.004921630094042344 0.012426332288397358 0.010692789968648685 0.021586206896544956 0.3697021943572509 0.41026332288388395
0.03725298013244046 0.03359205298012355 0.009618543046355068 0.005358940397349574 0.003825165562912894 0.0026251655629132118 0.002198675496688159 0.0024821192052973556 0.0026675496688734657 0.0032688741721845645 0.004437086092714057 0.0055125827814554934 0.0061298013245016875 0.005652980132448833 0.004100662251654543 0.003422516556290484 0.002492715231787419 0.0020874172185424934 0.0017165562913902738 0.0019231788079465105 0.002423841059602007 0.003549668874171245 0.007409271523176845 0.02759470198674766 0.1615708609271095 0.6570860927150577
0.04709909909907081 0.035873873873852324 0.017819819819809117 0.010228228228222084 0.007759759759755099 0.006702702702698677 0.005771771771768305 0.006042042042038413 0.00563363363363025 0.006330330330326529 0.007765765765761101 0.009099099099093634 0.009663663663657859 0.011711711711704677 0.008072072072067223 0.006996996996992795 0.005591591591588233 0.007507507507502998 0.006216216216212483 0.0073993993993949556 0.00836636636636134 0.010756756756750295 0.016462462462452573 0.0305465465465282 0.04108108108105641 0.663501501501103
0.02913609467453897 0.0252899408283874 0.013994082840228406 0.009721893491118508 0.00877514792898889 0.00817159763313126 0.00872781065088241 0.010201183431946627 0.011313609467448927 0.014295857988157221 0.017183431952652553 0.02460355029584343 0.027698224852054615 0.03149704142009971 0.019798816568035622 0.018857988165669314 0.013798816568039171 0.013739644970406072 0.010307692307686208 0.010502958579875443 0.009644970414195476 0.01152071005916478 0.014088757396441368 0.025917159763298274 0.0319644970414012 0.5792485207097164
0.027122153209053576 0.025320910973032462 0.010248447204947726 0.00917184265008453 0.0068322981366318175 0.007204968944084462 0.004865424430631748 0.006501035196673911 0.006024844720484421 0.007515527950294999 0.008467908902673979 0.011801242236000412 0.012691511387137285 0.04368530020694889 0.009792960662505604 0.02198757763970603 0.00869565217389504 0.03024844720490632 0.007142857142842354 0.020082815734948068 0.008509316770168718 0.026397515527895658 0.016128364389200563 0.028426501035137833 0.051469979295959686 0.5836645962720834
0.03124924924923048 0.02627027027025449 0.014630630630621843 0.011225225225218483 0.009207207207201678 0.009897897897891953 0.009561561561555819 0.011525525525518603 0.01199399399398679 0.015243243243234087 0.018264264264253295 0.022642642642629045 0.025297297297282105 0.023993993993979584 0.017597597597587028 0.015663663663654254 0.012456456456448975 0.012306306306298915 0.010846846846840332 0.010624624624618243 0.010846846846840332 0.01144144144143457 0.013747747747739491 0.023069069069055214 0.03102102102100239 0.5893753753750214
0.02451651651650179 0.028648648648631442 0.012354354354346933 0.009681681681675866 0.008282282282277308 0.00843843843843337 0.008996996996991594 0.009375375375369744 0.00978978978978391 0.011597597597590633 0.015111111111102036 0.029885885885867935 0.04301501501498918 0.041483483483458566 0.01624624624623649 0.012708708708701076 0.007351351351346936 0.009501501501495795 0.007393393393388953 0.009309309309303718 0.009687687687681868 0.01371771771770948 0.018420420420409356 0.029681681681663855 0.0343003003002797 0.5705045045041619
0.03501035196680122 0.029171842650043123 0.01039337474117931 0.006873706004126555 0.004989648033115963 0.004244306418210674 0.0037060041407790765 0.005879917184252836 0.004968944099368594 0.006687370600400233 0.0072256728778318305 0.012401656314674117 0.01521739130431632 0.04559006211170685 0.011449275362295137 0.020910973084842834 0.008799171842631886 0.02770186335397991 0.00819875776395818 0.020144927536190176 0.006915113871621294 0.02252587991713763 0.01687370600410585 0.02993788819869578 0.05004140786739122 0.584140786748273
0.03853002070385397 0.03198757763968533 0.009648033126274021 0.0046997929606527955 0.003209109730842217 0.0033954451345685394 0.002877846790884311 0.0053416149068212385 0.004389233954442258 0.007204968944084462 0.0065838509316633875 0.008012422360231858 0.008385093167684503 0.04060041407859089 0.007867494824000273 0.019730848861242795 0.005879917184252836 0.025362318840527198 0.004368530020694889 0.015113871635579474 0.005900621118000206 0.019399585921284886 0.014057971014463648 0.030020703933685257 0.0443478260868647 0.6330848861270536
0.03556935817798019 0.031966873705937954 0.008364389233937133 0.005693581780526515 0.0032712215320843245 0.0026708074534106192 0.0025258799171790354 0.004430641821936997 0.003643892339536969 0.004927536231873856 0.004389233954442258 0.007060041407852878 0.008405797101431871 0.039937888198675074 0.005445134575558085 0.016480331262905837 0.004865424430631748 0.026211180124169335 0.004968944099368594 0.015817805382990026 0.005362318840568608 0.021387163561032325 0.012422360248421485 0.03329192546576958 0.048964803312528025 0.6419254658371802
0.04448192771081658 0.033349397590341355 0.01798192771083254 0.012451807228908162 0.009722891566259204 0.007277108433730556 0.005963855421683154 0.006048192771080694 0.006939759036140397 0.007975903614453026 0.009728915662644742 0.01386144578312418 0.015283132530111276 0.01530120481926789 0.010813253012041679 0.00915662650601858 0.00660240963855024 0.0071506024096342465 0.006277108433731159 0.008614457831320112 0.010831325301198295 0.014042168674690336 0.01712650602408607 0.028897590361428374 0.04128915662648115 0.6328313253008236
0.02855072463762205 0.025921325051706166 0.011014492753600384 0.007287784679073938 0.00579710144926336 0.00604554865423179 0.007536231884042368 0.010703933747389847 0.010062111801221404 0.015817805382990026 0.017722567287747987 0.022836438923348166 0.024824016563095602 0.057287784678970416 0.019792960662484902 0.025010351966821925 0.008426501035179241 0.026625258799116716 0.0058385093167580985 0.014886128364358413 0.007701863354021321 0.018633540372632228 0.01372670807450574 0.029171842650043123 0.03795031055892764 0.5408281573487768
0.03981066666665605 0.03726399999999006 0.01033866666666391 0.00542666666666522 0.003994666666665601 0.0029519999999992126 0.002757333333332598 0.002391999999999362 0.0028986666666658938 0.003245333333332468 0.0038453333333323078 0.004778666666665392 0.005285333333331924 0.006210666666665011 0.0040586666666655846 0.003941333333332282 0.002935999999999217 0.0034319999999990847 0.0027439999999992683 0.003279999999999125 0.0034319999999990847 0.0054826666666652046 0.00990399999999736 0.034149333333324226 0.043167999999988486 0.7522719999997994
0.027979381443284546 0.02241752577318432 0.014304123711332833 0.011190721649478768 0.00854123711339766 0.010113402061850458 0.010969072164942799 0.013613402061848653 0.01619072164947619 0.02206185567009172 0.02882474226802638 0.04497422680410053 0.05963917525770122 0.05186082474224131 0.030572164948437848 0.023891752577307274 0.01722680412370246 0.016634020618548125 0.013201030927828247 0.012335051546385395 0.010788659793808872 0.01343814432988998 0.013855670103085641 0.02058762886596877 0.03457216494843579 0.45021649484512877
0.028157349896422035 0.026728778467853563 0.009627329192526651 0.0068322981366318175 0.004596273291915949 0.005113871635600178 0.0033540372670738013 0.006149068322968635 0.004658385093158057 0.0068322981366318175 0.00629399585920022 0.0089233954451161 0.011946169772231995 0.04144927536223302 0.006542443064168649 0.016293995859179514 0.003809523809515922 0.025714285714232475 0.0032505175983369556 0.01906832298132698 0.0053416149068212385 0.02461697722562191 0.011242236024821444 0.029627329192485244 0.043395445134485726 0.6404347826073696
0.03571171171169026 0.02666666666665065 0.014954954954945972 0.011801801801794713 0.00936336336335774 0.008858858858853538 0.009567567567561821 0.011825825825818722 0.015207207207198073 0.01912912912911764 0.02414414414412964 0.030888888888870338 0.03169369369367466 0.03344744744742736 0.025081081081066017 0.01984984984983793 0.013333333333325325 0.011351351351344534 0.009267267267261702 0.010252252252246095 0.009129129129123646 0.011711711711704677 0.013843843843835529 0.02192792792791476 0.03573573573571427 0.5352552552549338
0.03335403726701169 0.02372670807448504 0.013561076604526788 0.010103519668716142 0.007329192546568677 0.006666666666652864 0.006935817805368663 0.0089233954451161 0.008157349896463443 0.010807453416126692 0.011076604554842492 0.01689440993785322 0.018178053830190107 0.048964803312528025 0.014554865424400508 0.023064182194569224 0.010724637681137216 0.0306625258798537 0.008633540372652933 0.024016563146948205 0.011304347826063552 0.03020703933741158 0.019171842650063827 0.027660455486485176 0.048571428571328006 0.5267494824005657
0.03151329787233204 0.027390957446801225 0.017433510638293237 0.012377659574464793 0.009829787234039938 0.008662234042550888 0.007856382978721314 0.00865159574467855 0.009747340425529322 0.011893617021273433 0.014476063829783383 0.019468085106377802 0.021255319148930515 0.02027127659573929 0.01405053191488988 0.011492021276592688 0.009034574468082703 0.008901595744678484 0.008071808510636151 0.008595744680848777 0.009707446808508057 0.011755319148933043 0.01641489361701691 0.026856382978716262 0.035678191489352216 0.6186143617019632
0.036035928143691 0.02497005988022457 0.019353293413162064 0.01629940119759503 0.015179640718553785 0.01668263473052893 0.015772455089810913 0.01613772455088854 0.017095808383223297 0.018838323353282133 0.021401197604777603 0.027329341317348904 0.03186826347303481 0.02812574850297717 0.020874251496993488 0.01979640718561689 0.0160898203592718 0.015341317365260275 0.01419760479041066 0.015293413173643538 0.014772455089811513 0.015700598802385807 0.01788622754489947 0.021155688622741822 0.034946107784410214 0.488856287424857
0.03209109730842217 0.028778467908843107 0.010703933747389847 0.005734989648021252 0.004534161490673842 0.004409937888189628 0.0032505175983369556 0.005175983436842286 0.0038509316770106604 0.005776397515515991 0.004368530020694889 0.008240165631452918 0.008074534161473966 0.04246376811585411 0.006004140786737051 0.016314699792926886 0.007660455486526583 0.03091097308482213 0.008178053830210811 0.02004140786745333 0.009233954451326638 0.025631469979243 0.016832298136611114 0.03356107660448538 0.05124223602473863 0.6069358178041264
0.029459459459441766 0.023867867867853533 0.011459459459452577 0.006630630630626648 0.004300300300297717 0.004084084084081631 0.004570570570567825 0.00743543543543097 0.010174174174168063 0.017603603603593032 0.026834834834818716 0.05245645645642495 0.05715315315311883 0.06314114114110322 0.034660660660639844 0.02398198198196758 0.01163963963963265 0.011153153153146455 0.005717717717714284 0.006630630630626648 0.004996996996993996 0.007951951951947176 0.011537537537530607 0.025483483483468176 0.03306906906904921 0.5040060060057033
0.027351351351334922 0.022372372372358937 0.014012012012003597 0.012894894894887151 0.012414414414406959 0.013129129129121243 0.014834834834825925 0.018840840840829525 0.02263663663662304 0.02596396396394837 0.030930930930912353 0.03560960960958822 0.03740540540538294 0.0363063063062845 0.027471471471454973 0.022474474474460975 0.017111111111100835 0.015603603603594232 0.012810810810803116 0.01296696696695918 0.011951951951944774 0.012174174174166863 0.012948948948941172 0.019045045045033605 0.027159159159142847 0.48357957957928915
0.04787987987985112 0.0345405405405198 0.02033033033031812 0.011555555555548614 0.007603603603599037 0.006372372372368545 0.005405405405402159 0.004948948948945976 0.0047327327327298906 0.005435435435432171 0.005627627627624247 0.005549549549546217 0.006204204204200478 0.006492492492488593 0.004990990990987994 0.0059879879879843915 0.004762762762759902 0.006654654654650658 0.005351351351348137 0.007093093093088833 0.007195195195190874 0.01019219219218607 0.015603603603594232 0.033693693693673456 0.04420420420417766 0.6815915915911822
0.027391304347769374 0.0222774327121692 0.01138716356105303 0.008654244306400301 0.006853002070379186 0.007432712215305522 0.007681159420273952 0.012650103519642545 0.01161490683227409 0.014120082815705755 0.015424430641790011 0.02124223602480074 0.023457556935769237 0.06712215320897076 0.019896480331221746 0.025631469979243 0.015734989648000547 0.03821946169764344 0.013830227743242588 0.020621118012379668 0.010455486542421417 0.021159420289811263 0.015362318840547904 0.02728778467903253 0.040745341614822475 0.4937474120072593
0.04245645645643096 0.029585585585567818 0.014882882882873944 0.013333333333325325 0.012936936936929168 0.012282282282274905 0.01149549549548859 0.012678678678671064 0.012690690690683069 0.013141141141133248 0.015351351351342132 0.01782582582581512 0.018972972972961577 0.021015015015002393 0.016360360360350535 0.015609609609600235 0.01264264264263505 0.012732732732725086 0.010882882882876347 0.010078078078072025 0.009579579579573826 0.01046846846846218 0.013501501501493393 0.027849849849833123 0.037639639639617035 0.5740060060056612
0.028902691511327322 0.025776397515474583 0.009751552795010866 0.00554865424429493 0.0055693581780423 0.005507246376800192 0.005817805383010729 0.007494824016547629 0.007681159420273952 0.010683229813642477 0.011242236024821444 0.018385093167663798 0.020745341614863883 0.05819875776385466 0.01565217391301107 0.02391304347821136 0.011428571428547767 0.03503105590054859 0.010248447204947726 0.018881987577600658 0.009565217391284544 0.02252587991713763 0.015859213250484762 0.03366459627322223 0.043002070393285706 0.5389233954440188
0.02126293995854811 0.022256728778421827 0.0073498964803160455 0.004886128364379118 0.0037060041407790765 0.003022774327115895 0.0028364389233895724 0.004368530020694889 0.004140786749473829 0.005672877846779145 0.005631469979284407 0.010931677018610907 0.012277432712189902 0.044016563146906794 0.006231884057958112 0.01739130434779008 0.005403726708063346 0.02753623188400096 0.0053416149068212385 0.01650103519665321 0.009254658385074006 0.025320910973032462 0.008530020703916086 0.030807453416085283 0.27370600414022006 0.4216149068314252
0.042498498498472974 0.034786786786765896 0.015831831831822324 0.011291291291284509 0.008318318318313322 0.007915915915911162 0.0076876876876830706 0.007519519519515004 0.007777777777773107 0.008468468468463382 0.009705705705699877 0.010954954954948375 0.011735735735728687 0.013945945945937569 0.01111711711711044 0.010798798798792314 0.008048048048043214 0.008132132132127249 0.007339339339334931 0.008234234234229289 0.008138138138133251 0.010522522522516203 0.014366366366357738 0.03144144144142256 0.036966966966944764 0.6464564564560682
0.04358558558555941 0.03620420420418246 0.01572372372371428 0.010198198198192072 0.007339339339334931 0.005723723723720286 0.004912912912909962 0.0054774774774741875 0.005621621621618245 0.005927927927924368 0.007165165165160862 0.009051051051045615 0.008360360360355338 0.009153153153147655 0.0061561561561524585 0.007165165165160862 0.004876876876873948 0.0062102102102064806 0.005099099099096036 0.006390390390386552 0.006738738738734692 0.010030030030024006 0.014720720720711879 0.0332912912912713 0.044474474474447766 0.6804024024019938
0.013579579579571423 0.013027027027019203 0.005915915915912363 0.0034714714714693864 0.0027627627627611036 0.00295495495495318 0.003177177177175269 0.004360360360357742 0.004168168168165664 0.006588588588584632 0.006906906906902759 0.012384384384376947 0.014762762762753897 0.053573573573541394 0.008678678678673467 0.018942942942931567 0.005663663663660262 0.027687687687671058 0.00458258258257983 0.01765165165164105 0.005777777777774307 0.021609609609596632 0.012984984984977186 0.023069069069055214 0.38978378378354966 0.3159339339337442
0.04736746987948954 0.03891566265057897 0.0130361445783054 0.0059578313252976155 0.003584337349395431 0.0031445783132511176 0.002999999999998193 0.0031325301204800406 0.0038855421686723583 0.005078313253008989 0.006222891566261312 0.007331325301200403 0.007469879518067789 0.0077530120481881 0.004156626506021593 0.0048975903614428325 0.002945783132528346 0.003716867469877279 0.002867469879516345 0.0041265060240939 0.004445783132527442 0.007307228915658249 0.012487951807221393 0.03424096385540106 0.04052409638551776 0.7224036144573961
0.04134756097558454 0.03156707317071246 0.01431097560974737 0.010347560975603447 0.008451219512189969 0.008091463414629213 0.008560975609750877 0.009176829268287088 0.009871951219506176 0.010926829268286021 0.013506097560967375 0.016987804878038422 0.01971341463413432 0.02280487804876658 0.016182926829258426 0.013201219512187072 0.010457317073164355 0.010640243902432536 0.00960365853657951 0.00998780487804269 0.00895731707316527 0.009439024390238146 0.012634146341455712 0.026756097560959296 0.04167682926826727 0.6047987804874361
0.02223602484467446 0.019834368529979638 0.00844720496892661 0.007018633540358139 0.004596273291915949 0.004140786749473829 0.002877846790884311 0.0062111801242107426 0.005175983436842286 0.007763975155263428 0.006149068322968635 0.012380952380926747 0.012360248447179378 0.05896480331250732 0.008716356107642409 0.02298136645957975 0.00699792960661077 0.03722567287776972 0.006066252587979159 0.022360248447158674 0.006004140786737051 0.024492753623137697 0.009710144927516129 0.01931677018629541 0.24929606625207185 0.4086749482393195
0.03718426501027498 0.02921325051753786 0.014948240165600521 0.014699792960632091 0.01159420289852672 0.008509316770168718 0.00699792960661077 0.007494824016547629 0.007142857142842354 0.009772256728758236 0.009068322981347684 0.012712215320884653 0.01277432712212676 0.015424430641790011 0.009896480331242451 0.010289855072442464 0.009565217391284544 0.008944099378863469 0.008592132505158194 0.008612836438905563 0.009213250517579269 0.011407867494800397 0.01619047619044267 0.02774327122147465 0.04014492753614877 0.6418633540359382
0.035175983436780175 0.027432712215264114 0.009358178053810853 0.007163561076589723 0.004637681159410688 0.004409937888189628 0.0031262939958527406 0.005155279503094917 0.003913043478252768 0.00627329192545285 0.005383022774315977 0.008571428571410826 0.009461697722547699 0.04130434782600144 0.008033126293979228 0.018281573498926954 0.006024844720484421 0.026480331262885133 0.006190476190463374 0.017763975155242723 0.008012422360231858 0.023498964803263977 0.016045548654211084 0.031697722567222156 0.0459627329191595 0.6206418219448848
0.025507246376758785 0.025403726708021938 0.011739130434758304 0.009751552795010866 0.007494824016547629 0.008716356107642409 0.006645962732905495 0.007039337474105509 0.005693581780526515 0.006604554865410756 0.006252587991705481 0.012028985507221472 0.020248447204927023 0.04817805383012799 0.008509316770168718 0.016273291925432146 0.005093167701852809 0.02900621118006417 0.009834368530000344 0.0234161490682745 0.009834368530000344 0.02608695652168512 0.016293995859179514 0.02991718426494841 0.04614906832288582 0.5782815734977675
0.031469979296001094 0.026397515527895658 0.008509316770168718 0.006128364389221266 0.004679089026905427 0.004968944099368594 0.00434782608694752 0.007743271221516059 0.007060041407852878 0.008654244306400301 0.008737060041389778 0.012505175983410962 0.014037267080716278 0.04571428571419107 0.011449275362295137 0.020103519668695436 0.008840579710126624 0.029337474120022074 0.007080745341600247 0.020393374741158606 0.008530020703916086 0.02538302277427457 0.01565217391301107 0.028115942028927296 0.04256728778459096 0.5915942028973259
0.04198198198195677 0.0322942942942749 0.015213213213204076 0.010576576576570225 0.007405405405400958 0.007429429429424967 0.006948948948944775 0.007249249249244896 0.00856456456455942 0.01011411411410804 0.011909909909902757 0.015363363363354136 0.01662462462461464 0.015033033033024005 0.009843843843837932 0.01041441441440816 0.006648648648644655 0.006834834834830729 0.005357357357354139 0.0058858858858823505 0.0068708708708667444 0.008534534534529408 0.013261261261253297 0.030678678678660254 0.03946546546544176 0.6494954954951054
0.019648033126253316 0.016086956521705824 0.009026915113852946 0.005776397515515991 0.004182194616968567 0.00579710144926336 0.005859213250505467 0.00819875776395818 0.008467908902673979 0.012670807453389915 0.015010351966842628 0.018385093167663798 0.019151138716316456 0.06639751552781284 0.012505175983410962 0.025942028985453537 0.007681159420273952 0.040931677018548794 0.006066252587979159 0.0231469979295587 0.008509316770168718 0.030724637681095807 0.019958592132463853 0.028385093167643094 0.2107453416144705 0.37074534161413925
0.034927536231811745 0.02975155279496946 0.009875776397495081 0.006397515527937065 0.005403726708063346 0.005631469979284407 0.00604554865423179 0.008633540372652933 0.007660455486526583 0.010724637681137216 0.011407867494800397 0.017329192546547974 0.01745341614903219 0.04554865424421212 0.01062111801240037 0.019482401656274365 0.006356107660442326 0.02583850931671669 0.004803312629389641 0.015093167701832106 0.005942028985494944 0.020248447204927023 0.015486542443032119 0.03298136645955904 0.0404554865423593 0.5859006211167994
0.040294294294270096 0.03211411411409482 0.013159159159151257 0.008552552552547416 0.006516516516512603 0.006138138138134451 0.0065105105105066 0.007855855855851138 0.009273273273267704 0.011903903903896755 0.01572372372371428 0.0192732732732617 0.019621621621609835 0.018114114114103234 0.011573573573566623 0.00998798798798199 0.00708708708708283 0.006330330330326529 0.004624624624621847 0.005261261261258102 0.005315315315312123 0.007393393393388953 0.011447447447440572 0.03164564564562664 0.035615615615594225 0.648666666666277
0.045335989375817974 0.030924302788836407 0.021585657370512195 0.014804780876490092 0.011322709163343606 0.00955644090305191 0.008127490039838479 0.0075697211155358385 0.0077025232403698 0.008281540504645874 0.009614873837978854 0.01141832669322406 0.01232669322708836 0.011989375830010095 0.00833731739707614 0.00794687915006429 0.0060531208499319915 0.006610889774234632 0.0060212483399718405 0.007723771580343234 0.009203187250993571 0.013250996015932735 0.020355909694549708 0.030063745019912335 0.04384329349268424 0.6300292164672961
0.017060041407832172 0.018178053830190107 0.009275362318821376 0.007080745341600247 0.00507246376810544 0.004803312629389641 0.006687370600400233 0.010455486542421417 0.014389233954421553 0.01981366459623227 0.02850931677012731 0.04946169772246488 0.059772256728654716 0.09060041407848737 0.02751552795025359 0.02774327122147465 0.011801242236000412 0.033685300206969596 0.008115942028968703 0.02291925465833764 0.009855072463747712 0.027432712215264114 0.012236024844695163 0.019482401656274365 0.1003726708072456 0.3576811594195493
0.032691511387095876 0.025362318840527198 0.01134575569355829 0.008136645962716073 0.00629399585920022 0.006438923395431804 0.006811594202884448 0.008964803312610839 0.009958592132484557 0.011987577639726734 0.013188405797074143 0.016790890269116374 0.0161697722566953 0.047246376811496384 0.012153209109705687 0.022318840579663934 0.010082815734968772 0.02966873705997998 0.007805383022758167 0.018033126293958524 0.007391304347810784 0.024099378881937684 0.017784679088990094 0.02799171842644308 0.04892339544503328 0.5523602484460614
0.029417821782166568 0.025639603960385886 0.012792079207915726 0.009196039603956754 0.007897029702967169 0.008253465346531385 0.008067326732670072 0.009421782178214091 0.010685148514847254 0.012653465346529643 0.013928712871281612 0.019497029702962576 0.022491089108901983 0.026550495049494437 0.014328712871281454 0.014796039603954536 0.009160396039600333 0.012289108910886222 0.006633663366334006 0.009196039603956754 0.006728712871284464 0.012007920792074453 0.015112871287122728 0.03032871287127512 0.04549702970295228 0.6074297029700565
0.03289855072456957 0.024161490683179788 0.012919254658358345 0.008053830227726596 0.006004140786737051 0.005196687370589655 0.004037267080736983 0.00699792960661077 0.005900621118000206 0.0073498964803160455 0.008612836438905563 0.01279503105587413 0.016314699792926886 0.048488612836338534 0.009772256728758236 0.02031055900616913 0.007805383022758167 0.02774327122147465 0.006169772256716005 0.017991718426463785 0.0064596273291791725 0.023871635610716622 0.017536231884021664 0.02919254658379049 0.05534161490671772 0.5780745341602939
0.02945671641789286 0.024961194029835845 0.015391044776110214 0.011952238805963014 0.009582089552233086 0.010799999999993553 0.011952238805963014 0.013958208955215547 0.016059701492527726 0.02037611940297291 0.02472835820894046 0.033337313432815915 0.04124776119400522 0.03944477611937944 0.0247582089552091 0.019707462686555398 0.014011940298499097 0.012811940298499814 0.009952238805964207 0.009797014925367286 0.009182089552233324 0.011599999999993074 0.014853731343274714 0.02338507462685171 0.03053731343281759 0.5161552238802889
0.023354037267032394 0.019544513457516472 0.009627329192526651 0.006604554865410756 0.007039337474105509 0.007681159420273952 0.007908902691495013 0.011925465838484627 0.011718426501010935 0.016356107660421622 0.017060041407832172 0.019378881987537518 0.018840579710105918 0.051262939958486 0.012215320910947795 0.02149068322976917 0.009937888198737189 0.030724637681095807 0.009461697722547699 0.0200621118012007 0.008260869565200288 0.025465838509264045 0.017080745341579544 0.027619047618990436 0.04196687370591725 0.5474120082804401
0.03723723723721487 0.025243243243228082 0.01637837837836854 0.013939939939931567 0.012462462462454978 0.012930930930923165 0.013435435435427367 0.015657657657648254 0.018312312312301314 0.02088288288287034 0.02639039039037454 0.03459459459457382 0.038480480480457366 0.029663663663645846 0.02080480480479231 0.016162162162152455 0.012522522522515001 0.012006006005998795 0.011471471471464581 0.013303303303295313 0.014168168168159658 0.015417417417408158 0.016030030030020403 0.021585585585572623 0.0333033033032833 0.49761561561531675
0.04834834834831931 0.037615615615593026 0.02036036036034813 0.012810810810803116 0.00884084084083553 0.006132132132128449 0.0058678678678643435 0.0059879879879843915 0.005729729729726288 0.005543543543540214 0.006864864864860742 0.008342342342337331 0.008750750750745495 0.009933933933927967 0.006348348348344536 0.006630630630626648 0.004846846846843935 0.006420420420416564 0.005075075075072027 0.007375375375370946 0.008990990990985591 0.012378378378370945 0.018090090090079225 0.0313033033032845 0.04366966966964344 0.6577417417413467
0.046384384384356526 0.03998798798796397 0.014750750750741892 0.00781381381380912 0.005201201201198077 0.0039039039039015593 0.003507507507505401 0.0031111111111092426 0.002786786786785113 0.002858858858857142 0.0030030030030011993 0.0034414414414393746 0.0034114114114093624 0.005267267267264104 0.0030510510510492186 0.004672672672669866 0.0031051051051032403 0.0042042042042016795 0.002786786786785113 0.0041021021020996385 0.00445645645645378 0.00810810810810324 0.013549549549541412 0.034684684684663854 0.040018018017993984 0.7318318318313923
0.04496096096093396 0.0413033033032785 0.011123123123116443 0.00563363363363025 0.003777777777775509 0.003483483483481391 0.0027987987987971178 0.0026786786786770697 0.002456456456454981 0.0026966966966950772 0.0033633633633613435 0.004270270270267705 0.004648648648645857 0.004672672672669866 0.002516516516515005 0.004096096096093636 0.0022942942942929165 0.003153153153151259 0.002006006006004801 0.003357357357355341 0.0032792792792773096 0.006396396396392555 0.012336336336328926 0.03643243243241055 0.045525525525498184 0.7407387387382939
0.038294294294271294 0.03457057057054981 0.016318318318308517 0.009681681681675866 0.006732732732728689 0.005915915915912363 0.005519519519516205 0.005339339339336132 0.005369369369366144 0.006228228228224488 0.00798798798798319 0.009471471471465783 0.010270270270264103 0.009981981981975988 0.006456456456452579 0.005741741741738293 0.0035555555555534203 0.004726726726723888 0.0035135135135114033 0.003993993993991595 0.004588588588585833 0.007651651651647056 0.013903903903895553 0.03297897897895917 0.03685285285283072 0.7043543543539313
0.043258666666643596 0.03294399999998243 0.015914666666658178 0.010485333333327742 0.0075519999999959725 0.006421333333329908 0.006090666666663419 0.006623999999996467 0.006906666666662983 0.007535999999995981 0.008143999999995656 0.009914666666661378 0.010047999999994641 0.011365333333327272 0.008442666666662164 0.008485333333328808 0.005962666666663487 0.006559999999996501 0.005375999999997133 0.006175999999996706 0.007050666666662906 0.008815999999995298 0.013525333333326119 0.03175466666664973 0.043514666666643456 0.6711306666663087
0.026882666666659498 0.02734933333332604 0.011151999999997025 0.0065919999999982425 0.0050906666666653095 0.0045226666666654605 0.003887999999998963 0.004399999999998827 0.005031999999998658 0.006314666666664983 0.008837333333330977 0.011930666666663484 0.013735999999996336 0.012621333333329968 0.00823466666666447 0.006626666666664899 0.004719999999998742 0.00454933333333212 0.003933333333332284 0.0045066666666654645 0.005101333333331973 0.00696266666666481 0.011119999999997035 0.024879999999993366 0.23138133333327163 0.5396346666665227
0.026687370600358824 0.02080745341610599 0.01161490683227409 0.009151138716337161 0.007142857142842354 0.006418219461684434 0.007287784679073938 0.010165631469958249 0.010766045548631954 0.014265010351937338 0.01881987577635855 0.032525879917116925 0.03614906832290652 0.06424430641808646 0.017577639751516404 0.02414078674943242 0.009730848861263497 0.03625258799164337 0.008240165631452918 0.019958592132463853 0.008509316770168718 0.02631469979290618 0.01329192546581099 0.02484472049684297 0.042836438923306755 0.49225672877744875
0.02682372322898622 0.025561779242166207 0.008583196046125672 0.005093904448103758 0.0032158154859956455 0.0028896210873137103 0.0027578253706745442 0.0032355848434915202 0.004280065897856909 0.00581878088961917 0.008200988467872091 0.011439868204279592 0.01194728171334038 0.011041186161446115 0.007456342668860805 0.005252059308070757 0.0032125205930796665 0.002909390444809585 0.0022306425041178812 0.0024118616144967343 0.002724876441514753 0.004177924217461556 0.007990115321249427 0.023169686985165347 0.2834794069191817 0.5240955518943907
0.028759628154042826 0.026494023904375434 0.01207968127489719 0.008916334661352214 0.007447543160688593 0.008180610889772063 0.009088977423636364 0.01099335989375538 0.013027888446211678 0.016645418326688807 0.020148738379808726 0.026494023904375434 0.028876494023896714 0.02821513944222358 0.017867197875161257 0.014791500664006696 0.010900398406371607 0.010733067729080814 0.008427622841963233 0.009370517928284364 0.008841965471445194 0.011261620185919984 0.013944223107566017 0.02735192563080283 0.03474369189906116 0.5863984063743463
0.03665465465463264 0.031561561561542606 0.017243243243232887 0.0140180180180096 0.01106306306305642 0.009003003002997596 0.007393393393388953 0.007651651651647056 0.007417417417412963 0.009243243243237692 0.011195195195188471 0.013063063063055217 0.014720720720711879 0.015387387387378146 0.010060060060054018 0.010684684684678267 0.008114114114109242 0.0082642642642593 0.007819819819815122 0.008504504504499397 0.010162162162156058 0.012564564564557018 0.016678678678668662 0.02824024024022328 0.04098498498496037 0.6323063063059265
0.03787987987985713 0.03508708708706602 0.015405405405396153 0.009879879879873946 0.007453453453448977 0.006114114114110442 0.005723723723720286 0.005471471471468185 0.005549549549546217 0.0066846846846806696 0.009273273273267704 0.01191591591590876 0.01529729729728811 0.01409609609608763 0.010042042042036011 0.008954954954949577 0.006324324324320526 0.0064444444444405734 0.005219219219216084 0.00580780780780432 0.006024024024020406 0.008234234234229289 0.012618618618611039 0.031099099099080423 0.03621621621619447 0.6771831831827765
0.03521321321319206 0.027129129129112837 0.013939939939931567 0.01069069069068427 0.01016816816816206 0.009393393393387751 0.008546546546541413 0.009807807807801917 0.009957957957951976 0.012786786786779107 0.014810810810801916 0.021399399399386548 0.022546546546533004 0.025231231231216077 0.018636636636625445 0.017789789789779104 0.014792792792783909 0.016414414414404555 0.01497297297296398 0.016294294294284507 0.014918918918909958 0.015495495495486188 0.017057057057046812 0.025279279279264096 0.0480780780780492 0.5486486486483191
0.03290830945557796 0.033446991404001876 0.012919770773635266 0.0073810888252127844 0.005349570200571533 0.004713467048709251 0.004744985673351076 0.005472779369625939 0.006048710601717465 0.007968481375355883 0.010575931232088661 0.016057306590253277 0.01787965616045333 0.01848424068767379 0.010647564469910989 0.009166189111745224 0.0061747851002847635 0.0076962750716310325 0.005535816618909588 0.0064871060171901185 0.006085959885385075 0.009458452722060327 0.014180515759308258 0.031429799426925094 0.0372922636103045 0.6718939828078304
