0.05226480836226094 0.03332918533260053 0.01594906255181693 0.014891322382580697 0.01327360212374881 0.010224821635950255 0.008773021403665229 0.007300481168061846 0.0069686411149681255 0.0071553011448333426 0.008378961340616437 0.0110336817653662 0.011075161772002913 0.013398042143658955 0.007549361207882136 0.008607101377118368 0.004334660693536721 0.006408661025372473 0.005060560809679234 0.00667828106851112 0.0060768209722787524 0.008399701343934795 0.012817322050744945 0.030508544881303907 0.04069188651061745 0.6488510038148149
0.028668119871040752 0.026067006154745564 0.00936767291910817 0.004849611664712335 0.0033484759671743715 0.0029482341735050056 0.0028163467174675033 0.0037917643610781994 0.004673761723328998 0.006750989155919664 0.00953344812426642 0.0164190723915577 0.02044805099648113 0.023995274032823127 0.013318801289565018 0.011446732121921578 0.007144819753809428 0.008490254982414229 0.0051317042790147704 0.007327080890972366 0.005772823856974853 0.010283558030479716 0.013413137456036287 0.029617892731533046 0.14985712192261233 0.574518244431366
0.02440860215050014 0.022580645161255637 0.019324116743441897 0.0171735791090366 0.014039938556046022 0.016666666666641065 0.017219662058345284 0.019185867895515844 0.020414746543747444 0.025591397849423055 0.03138248847921447 0.0444546850997781 0.04958525345614503 0.04102918586783252 0.025637480798731738 0.02003072196617507 0.012319508448521782 0.011290322580627819 0.0088940092165762 0.009600614439309369 0.009769585253441213 0.012841781874020212 0.01499231950842551 0.0211520737326864 0.025253456221159366 0.4651612903218661
0.03776824034329361 0.028884120171632496 0.01725321888409549 0.013218884120152763 0.012861230329023088 0.011945636623731121 0.011587982832601448 0.014763948497832956 0.01583690987122198 0.019313304721002414 0.023175965665202896 0.03155937052928246 0.037625178826841736 0.029213161659471798 0.020901287553618166 0.019742489270358023 0.014406294706703281 0.013147353361926828 0.012017167381957057 0.012317596566505983 0.011402002861214016 0.01280400572244234 0.013247496423443136 0.022517882689524295 0.033490701001382704 0.5089985693841073
0.047734653847313846 0.03855429435023867 0.019035981864338025 0.011383002668877805 0.00639891957939741 0.005016238464251236 0.005530724460584696 0.005209170712876283 0.005787967458751426 0.006205987330772362 0.006640084890178719 0.009099971060148076 0.012122576288607153 0.009019582623220973 0.007267114698210124 0.007347503135137227 0.00562719058489722 0.007090260136970497 0.004453519405761514 0.005996977394761894 0.007781600694543584 0.010418341425752566 0.015129103829680812 0.03156050033758069 0.03974404321675979 0.6698446895387796
0.048707561728316764 0.03604038065837828 0.017570087448531425 0.010673868312740043 0.008246527777764521 0.005465534979415082 0.005304783950608756 0.005256558641966859 0.005658436213982674 0.007089120370358974 0.01003086419751474 0.014290766460882377 0.018068415637831035 0.015769675925900575 0.01083461934154637 0.0101594650205598 0.005754886831266469 0.006799768518507588 0.004774305555547881 0.005240483539086226 0.006124614197521019 0.010239840534962963 0.016010802469110064 0.02763310185180743 0.04237397119334752 0.645881558640937
0.022827758554365585 0.015266564141972212 0.010300525438917242 0.009499551454553537 0.013216070742001127 0.01581122645133953 0.02023260284502718 0.02755350506211144 0.033977316416708356 0.04565551710873117 0.05509099064453561 0.0635652953991036 0.05736575676012853 0.051630783032084404 0.03718121235416317 0.02649621940275135 0.018534537998176125 0.016916570549761444 0.013792772010742995 0.015618992695092242 0.014113161604488477 0.011421889017026428 0.009243239779557152 0.012174804562328312 0.02140202486219819 0.3611111111105326
0.026363434163695205 0.02030249110319833 0.009810943060496038 0.008620996441279222 0.009374999999997915 0.011083185053378318 0.012740213523128839 0.016427935943056846 0.021187722419924112 0.03017126334518902 0.04078736654803363 0.05750444839856372 0.06782695729535858 0.0571085409252542 0.03632784697508089 0.024986654804264905 0.01833852313166852 0.01488656583629562 0.011874999999997358 0.010762900355869492 0.009864323843414177 0.009873220640567199 0.010636120996438915 0.020262455516009727 0.027842526690385266 0.41503336298923155
0.02618409745736881 0.022106522435050117 0.008273096429580493 0.006116362533478043 0.004802102815540612 0.005054845068990118 0.004785253331977312 0.0053075873224396235 0.007026234645896264 0.008508989199466698 0.011339702438101165 0.01877032468951664 0.023437631636550847 0.04672361792103199 0.012788758024544999 0.01622605267145828 0.005711974927958833 0.020825961684239287 0.004195521407261798 0.013429038399950414 0.006756642908883457 0.016731537178357292 0.013024650794431204 0.027953293231515353 0.12407959696014409 0.5398406038845813
0.05360991379294298 0.03894276819911715 0.018498563218335432 0.009159482758593272 0.005896791187721812 0.005238266283509224 0.004011015325658492 0.0034422892720203475 0.0036518199233607166 0.004430076628339229 0.004609674329488118 0.006645114942508845 0.006824712643657732 0.008920019157061422 0.00466954022987108 0.008381226053614759 0.003591954022977754 0.005717193486572925 0.0038613505747010853 0.0063158524904025504 0.005028735632168856 0.008800287356295497 0.013619492337123984 0.02939415708803462 0.035141283524799026 0.7015984195381297
0.041216563785941976 0.036490483539035994 0.017875514403263446 0.010947145061710798 0.006590792181059364 0.0054333847736538175 0.005561985596698878 0.005594135802460143 0.00638181584361114 0.0079893261316744 0.010947145061710798 0.01565715020573615 0.02025462962959707 0.01847029320984685 0.010754243827143206 0.010818544238665736 0.007137345679000872 0.009243184156363743 0.006944444444433281 0.007699974279823013 0.008198302469122624 0.010979295267472062 0.01572145061725868 0.028951260288019302 0.03247170781887784 0.6416698816862113
0.026496787383167898 0.01981600467288996 0.010751314252332524 0.010601635514014822 0.010820677570089508 0.013292202102798885 0.01513580607476083 0.017954147196255127 0.020217581775693553 0.02581410630840179 0.03190347546727807 0.05041983060745823 0.07388288551399172 0.05775043808409107 0.03304614485980102 0.027270735981298456 0.020750584112141958 0.0190091997663482 0.015475321261676594 0.014080753504667757 0.011974299065416189 0.011685893691584518 0.012273656542051594 0.017107184579433006 0.025708235981299028 0.4067610981306926
0.04741778368142451 0.03807913698015924 0.01608098860842877 0.009539910638792537 0.007366260113498035 0.008090810288596203 0.007104616994712586 0.0074065129010034885 0.007245501750981674 0.007970051926079842 0.007990178319832567 0.009620416213803445 0.011633055589076131 0.011612929195323404 0.005514631888247163 0.007084490600959859 0.0043070482630835506 0.007547397657272577 0.005232862375708987 0.005836654188290793 0.00617880288208715 0.008654349313672555 0.011170148532763415 0.03471802922345386 0.04001127078042102 0.666586161090314
0.03578129187875695 0.03602251407119801 0.018145269364732926 0.011766282497958278 0.008469579201263818 0.009729295095122676 0.009702492629295891 0.01018493701417801 0.011766282497958278 0.012838381131029648 0.015840257303629483 0.017314392924102615 0.01728759045827583 0.019270972929457862 0.012570356472761805 0.012275529348667179 0.007236665773231743 0.008657196462051308 0.006057357276853237 0.007665505226460291 0.00873760385953166 0.009916912355910166 0.012302331814493963 0.02602519431780749 0.0341731439291499 0.6202626641634407
0.013219247223936902 0.014100530372199362 0.008412248233414391 0.007402778445404665 0.004806998990522509 0.004887115640364551 0.005223605569701127 0.0078514316845201 0.00821996827379349 0.011905334166527415 0.013892227082610053 0.021727635437161743 0.03334454966425781 0.053982598663567784 0.017609639635280793 0.020734188979120424 0.009485811341297752 0.027463987565851937 0.007963594994298957 0.019436299251679348 0.01068756108892838 0.022769151885108287 0.012802640644758284 0.019644602541268655 0.18165649185184563 0.4407697607709773
0.03182671254288463 0.031240225211013294 0.012198936502923838 0.012238035658381928 0.009305598999025236 0.007780731936159756 0.009383797309941414 0.01419299343128639 0.016421645292397476 0.019393181107212255 0.022012824522904234 0.028972474194444115 0.031005630278264758 0.03354707538304055 0.022364716922027038 0.020683453237329202 0.014857679074073905 0.016812636846978368 0.010204879574561287 0.010947763528264983 0.008875508288986254 0.011729746637426769 0.01368470441033123 0.02166093212378143 0.02987175476998017 0.5387863622124696
0.02088269454120687 0.018617886178840165 0.01538908246223532 0.014634146341446419 0.014866434378612233 0.014878048780470525 0.016736353077797052 0.021382113821113376 0.025145180023199598 0.03552845528451158 0.042868757258951375 0.05919860627170825 0.07061556329840811 0.06537746806031895 0.041173054587640916 0.02803716608591401 0.018315911730524603 0.01537746806037703 0.012845528455269633 0.012903600464561087 0.011022067363517976 0.011718931475015425 0.011649245063865681 0.014645760743304708 0.02125435540067218 0.36493612078935544
0.039794608472284415 0.029991831018701155 0.019663904772961652 0.013478818998676978 0.01079472517210061 0.013157894736803717 0.015141790173838423 0.016454662154229038 0.017271560275360975 0.019167930913702974 0.021326875948123096 0.023048196989079683 0.029554207025237617 0.024711168164241126 0.014820865911965162 0.014762516046170024 0.01038627611153464 0.01263274594464747 0.009131753996939164 0.008985879332451319 0.010998949702383595 0.012866145407828026 0.017038160812180424 0.02453611856685571 0.03232582565050669 0.5379565876982788
0.01599434737921378 0.016267343268216425 0.009265801644383887 0.006519784172651401 0.005122687564226101 0.005684737923937428 0.006005909558058187 0.009024922918793319 0.011048304213754098 0.01631551901333454 0.019735996916720618 0.03184416752307322 0.04282823741000317 0.06690005138735403 0.023509763617639533 0.029017857142810542 0.013842497430604698 0.030174075025645276 0.011754881808819766 0.023172533401812738 0.014035200411077153 0.024425102774883696 0.014902363823203202 0.019832348406956846 0.14513746145917084 0.38763810380204966
0.03133642034852509 0.02094990031509912 0.015451154415050081 0.01328059682292546 0.014984886487852941 0.018071901729985736 0.018152292751916276 0.02202714000896838 0.023281239951084828 0.029053315325697708 0.033844620232757985 0.041144125024051154 0.03874847257052102 0.038925332818768206 0.029535661457280957 0.028024310244986778 0.02135185542475183 0.020419319570357548 0.014631165991358558 0.013296675027311569 0.012251591742214529 0.012492764808006153 0.013312753231697677 0.01869895170104396 0.039230818702104264 0.4175027332940744
0.05198518518510817 0.04148148148142003 0.01721481481478931 0.01065185185183607 0.006785185185175133 0.005392592592584604 0.003570370370365081 0.0030666666666621235 0.0035111111111059095 0.0042666666666603455 0.0049037037036964385 0.007259259259248505 0.008133333333321283 0.010088888888873942 0.006192592592583418 0.006029629629620697 0.0031555555555508805 0.005925925925917147 0.003807407407401767 0.005614814814806497 0.005970370370361525 0.009570370370356192 0.01302222222220293 0.03254814814809993 0.03893333333327565 0.690918518517495
0.04622522989908266 0.04005050659179178 0.006749471028644975 0.00285847981770797 0.0020039876302080785 0.0018475850423174734 0.0017217000325518645 0.0018361409505206 0.0022023518880205533 0.002888997395832966 0.004378000895181735 0.005658467610676364 0.0065040588378897975 0.006169637044270049 0.004154205322265097 0.0031789143880204293 0.00195439656575496 0.0021006266276038994 0.001295725504557127 0.0014203389485675276 0.0013758341471352417 0.0024414062499996895 0.005945841471353411 0.03933461507160958 0.04443232218423914 0.7612711588540698
0.032913330193058345 0.032638561783575444 0.012305699481841133 0.010696341654869884 0.008557073323895908 0.005887894488919202 0.004278536661947954 0.005672005024325498 0.0068888365520354666 0.009930915371310389 0.01297299419058531 0.017016015072976495 0.018173967655797273 0.020784267545884784 0.014032815198590766 0.010892604804500525 0.007340241796185939 0.008596325953822035 0.006182289213365163 0.0068888365520354666 0.0060056523786975865 0.007300989166259811 0.00891034699323106 0.0253571989322787 0.027339456743548162 0.6724368032644991
0.050062305295872175 0.04347352024915347 0.007975077881607515 0.0027102803738275542 0.002087227414326967 0.0020249221183769083 0.0020249221183769083 0.002647975077877495 0.002570093457939922 0.00313084112149045 0.0037538940809910375 0.004626168224291859 0.007118380062294208 0.008348909657307868 0.004408099688466654 0.005996884735193151 0.004003115264791272 0.006869158878493973 0.003769470404978552 0.004781931464167007 0.003052959501552877 0.005311526479742506 0.009517133956371469 0.03238317757004302 0.039797507788100005 0.7375545171328075
0.03790341039130716 0.021057450217392863 0.017578393224954043 0.016479743648394416 0.012291142137760835 0.014145113298205206 0.017875944151938942 0.025818265049151252 0.03028152895392474 0.03712520027457742 0.03907072556640176 0.04021515220865137 0.038338292515362006 0.04030670634003134 0.03277637903402889 0.030373083085304706 0.024010070954396865 0.0227283131150773 0.018402380407373763 0.0165255207140844 0.01274891279466068 0.012977798123110602 0.009979400320416618 0.014328221560965144 0.023231860837667127 0.3934309910725717
0.047117117116975624 0.0360960960959877 0.01963963963958066 0.013003003002963955 0.010540540540508887 0.008408408408383158 0.009009009008981954 0.008138138138113699 0.00984984984982027 0.009069069069041834 0.012582582582544797 0.014834834834790285 0.020450450450389037 0.01849849849844295 0.011051051051017865 0.01192192192188612 0.00792792792790412 0.009429429429401113 0.006606606606586767 0.006816816816796346 0.00810810810808376 0.010900900900868165 0.013363363363323232 0.026546546546466827 0.03735735735724517 0.6127327327308927
0.031799593925957846 0.03382996368202171 0.024021275987234345 0.016671909405425744 0.00897938173808522 0.007320769824680944 0.007635334153085203 0.010580800137234177 0.01364065314989379 0.017272441305106603 0.020074923503617274 0.02596585547191522 0.03457347936734086 0.0263376133145748 0.01318310503585123 0.011982041236489513 0.007549543881702223 0.008207269295638402 0.005004432497340489 0.007520947124574563 0.008293059567021381 0.01338328233574485 0.01381223369265975 0.02685235494287268 0.029740627412766334 0.5757671080083051
0.053475682087718295 0.022384341636984124 0.020616844602585272 0.02271648873069666 0.02132858837482642 0.02200474495845551 0.019869513641732065 0.01868327402133015 0.01758007117435637 0.017734282325008618 0.01947805456699943 0.02340450771052977 0.026773428232471207 0.02284697508894087 0.015954922894405747 0.016239620403302207 0.013475682087765747 0.014139976275190818 0.011874258600223161 0.014092526690374741 0.014151838671394837 0.016702253855258954 0.018588374851697998 0.026678529062839053 0.038149466192125565 0.47105575326160015
0.03683100639900227 0.029286649214606445 0.012961751018010177 0.010489383362400942 0.010743891797537188 0.013616201279789093 0.015961314717830202 0.01725203606744973 0.02032431646302297 0.023305700988904693 0.026287085514786417 0.027523269342591035 0.025832606166328837 0.023778359511300577 0.014488801628827645 0.014379726585197827 0.009744037230930511 0.011416521233254406 0.009871291448498635 0.011089296102364948 0.011289267015686283 0.012361838278046171 0.012889034322256965 0.021724112856272317 0.030031995346076874 0.5465205061072089
0.03652431791217494 0.024816132858808047 0.014353499406863163 0.012550415183852253 0.01453143534992345 0.01368920521943809 0.012680901542096465 0.014780545670207852 0.015172004744940484 0.017674970343988523 0.023736654804242304 0.03462633451953188 0.03448398576508365 0.028742586002338383 0.01731909845786795 0.014424673784087278 0.009466192170807276 0.008493475682077707 0.005349940688012633 0.008232502965589285 0.008778173190974166 0.009940688018968042 0.011293001186226224 0.024163701067586994 0.030391459074697043 0.5537841043884296
0.03519774011294464 0.025254237288099925 0.019124293785283724 0.013884180790940842 0.012895480225970486 0.013022598870038104 0.015762711864384514 0.017499999999975282 0.02052259887002751 0.023107344632735723 0.027782485875666972 0.036398305084694355 0.04302259886999573 0.03692090395475011 0.024519774011264803 0.020197740112965823 0.014901129943481778 0.015522598870034572 0.011850282485858968 0.013884180790940842 0.012895480225970486 0.015353107344611082 0.017062146892631268 0.020805084745733327 0.03079096045193391 0.4618220338976528
0.03211905677298456 0.027169037549616862 0.01996027169034352 0.018454440599739757 0.014193259002924848 0.012383057798262875 0.010508778674851806 0.010428681276415434 0.010412661796728161 0.014529668076357603 0.018951044470045253 0.03251954376516641 0.04696911444308764 0.04067345892598893 0.023180187107485616 0.019351531462227105 0.014930155068539456 0.014065103165426654 0.011357811098277333 0.01087722670765911 0.012110726643579215 0.013055875945128387 0.014465590157608506 0.01906318082785617 0.028770985518344273 0.5094995514537526
0.024311111111075093 0.02527407407403663 0.01065185185183607 0.005881481481472768 0.00434074074073431 0.0046962962962893385 0.0044888888888822386 0.011851851851834294 0.012059259259241393 0.020459259259228948 0.021674074074041965 0.03314074074069164 0.030311111111066207 0.046651851851782736 0.02672592592588633 0.03309629629624727 0.019881481481452027 0.032207407407359695 0.016399999999975705 0.024844444444407636 0.014711111111089317 0.02500740740737036 0.017274074074048483 0.02517037037033308 0.08917037037023827 0.4197185185178967
0.02162489557225496 0.021261487050951853 0.0071136173767723 0.005008354218878443 0.0039055973266483267 0.00481203007518596 0.005501253132829782 0.009118629908099782 0.0117752715121087 0.01862990810358453 0.02621971595654711 0.043926482873832946 0.04951127819546804 0.057635756056784615 0.033166248955708785 0.0274227234753436 0.016274018379274738 0.015192147034245951 0.007568922305761249 0.008558897243104194 0.005797827903088639 0.00898913951545155 0.009653299916453778 0.022606516290717374 0.03230576441101408 0.526420217209471
0.03189705882351378 0.027259803921555265 0.013965686274502958 0.009039215686270079 0.008127450980388173 0.006524509803918371 0.007098039215682795 0.009490196078426721 0.011210784313719994 0.014735294117639835 0.01916666666665727 0.03202450980390587 0.041558823529391394 0.032789215686258436 0.017892156862736326 0.013053921568621053 0.00986274509803438 0.009073529411760258 0.006274509803918493 0.006357843137251786 0.007073529411761238 0.009499999999995344 0.013700980392150147 0.026450980392143896 0.033931372549002976 0.581941176470303
0.04607124485589302 0.03415959362134426 0.01621977880655829 0.011429398148129774 0.007828575102868074 0.006108539094640386 0.006687242798343159 0.00644611625513367 0.007040895061717077 0.007330246913568463 0.008809156378586662 0.009837962962947148 0.012731481481461015 0.014564043209853132 0.00935570987652817 0.01183127572014559 0.007941100823032503 0.009564686213976395 0.005867412551430897 0.007764274691345543 0.007169495884762137 0.009950488683111576 0.013760288065821502 0.02954603909460271 0.04394933127564952 0.6480356224269418
0.038421813674728286 0.0341871514148792 0.02227501204977527 0.018178062383742415 0.012600702334185082 0.008710321558876574 0.0086070371135144 0.009226743785687438 0.011567857880563356 0.016766508297126052 0.02368656613639163 0.033946154375700796 0.040315361839701455 0.031088618054014017 0.01996832610335341 0.013874543826985214 0.009089031191871207 0.008159471183611652 0.006300351167092541 0.007987330441341364 0.01005301934858482 0.014012256420801445 0.01883219720436951 0.025235832816824223 0.031157474350922133 0.5257522550419137
0.019803267878075563 0.01720581770222586 0.008750366354043748 0.005916617819460185 0.004753443728018322 0.004721387749120318 0.005426619284876409 0.0073884451934342595 0.011451311547478436 0.019799604337630075 0.037117160023443264 0.06899270955450718 0.08764287807736595 0.06589335433762586 0.036425666764357746 0.021363936107852675 0.012859026963656503 0.008795244724500955 0.006429513481828251 0.005547516119577453 0.005341441969518855 0.006324186694020523 0.00892346864009297 0.017476003810080465 0.020937133645953537 0.4847138774911632
0.03660889417660277 0.020097109231775784 0.01919675873819223 0.019807710858838215 0.01975947779668195 0.020563362165952982 0.019132447988650547 0.022074664780182524 0.022894626836838974 0.028184185986642362 0.03138364577634106 0.045998263609688415 0.054326505675336305 0.046191195858313466 0.0266568056850274 0.022926782211609816 0.016222386571889413 0.01662432875652493 0.012990771407419867 0.015579279076472588 0.015659667513399693 0.01818386443291073 0.01947007942374438 0.0194861571111298 0.026496028811173196 0.38348499951705284
0.03425518541789922 0.015421567747114524 0.0159827601687708 0.017845919008669647 0.02049474723888728 0.02269462153177989 0.021819161353996096 0.02628625303038007 0.029204453622992715 0.03407560384296921 0.042538385561545884 0.0527745353325564 0.05863338421464794 0.052437819879562635 0.03614079195466431 0.028149411870278914 0.019978450210963502 0.017845919008669647 0.01596031247190455 0.014882823022324498 0.012750291820030641 0.013446170422884426 0.012907425698094398 0.014074705935139457 0.025927089880520053 0.3434722097505085
0.04117705144654651 0.03930087883867028 0.013666436259477305 0.008255159474655367 0.006773970573700456 0.005253283302053415 0.0034956058062535884 0.0035153549915996536 0.004878048780478171 0.00610249827193423 0.006833218129738652 0.010526315789452895 0.013844178927591894 0.013745433000861567 0.006912214871122914 0.00732694776339029 0.00422632566405801 0.005984003159857838 0.004818801224439975 0.006793719759046522 0.007563937987543075 0.010980547052412401 0.01700404858296237 0.027668608669837724 0.036634738816951444 0.6867186728533885
0.05313725490186606 0.04062388591793115 0.020285204991051183 0.011782531194274897 0.007736185383230417 0.005026737967905478 0.004830659536533279 0.0032620320855556825 0.003137254901955192 0.002994652406411774 0.002976827094468847 0.0037254901960717905 0.004081996434930335 0.005508021390364513 0.0034759358288708095 0.0053119429589923136 0.0032442067736127554 0.005561497326193295 0.004028520499101553 0.0066844919785977105 0.007718360071287489 0.011319073083758789 0.017504456327954537 0.030570409982120194 0.04245989304805266 0.6930124777171247
0.04646081543452834 0.03491775569924179 0.01933462505660496 0.015541905429296525 0.013645545615642306 0.012532464855453961 0.014099022962385707 0.011872861442009016 0.011872861442009016 0.012326338788752417 0.01611905841606085 0.022426516057128143 0.021849363070363816 0.022838768190531232 0.009646699921632326 0.010924681535181908 0.006884610627831617 0.008409943521423054 0.011543059735286543 0.014717401162490342 0.010100177268375726 0.01166673537530747 0.013068392628877979 0.023539596817316488 0.03104258564525274 0.5726182132968932
0.04043600562582217 0.030014064697566786 0.014964838255956448 0.012306610407858921 0.009451476793235651 0.007609001406459059 0.0075105485231961875 0.008635724331914717 0.010759493670870942 0.01168776371306373 0.014219409282680423 0.016652601969034245 0.02023909985932456 0.02036568213780539 0.013544303797449305 0.013459915611795414 0.008368495077344067 0.00901547116735722 0.006286919831214786 0.007468354430369243 0.006680731364266272 0.00900140646974824 0.012165963431769105 0.029648382559733264 0.04392405063284961 0.6155836849499078
0.02433630393995677 0.01959896810506107 0.010848968105063122 0.008984521575982883 0.008677298311442618 0.00994606003752112 0.011425891181986064 0.015276735459658707 0.019301125703560202 0.026801125703558443 0.03748592870543211 0.05719746716696595 0.06900328330204761 0.04946998123826232 0.029995309568473266 0.020778611632265295 0.015358818011253434 0.012668855534706222 0.009784240150091513 0.00855534709193045 0.008076923076921183 0.009026735459660172 0.011339118198871637 0.019765478424010375 0.024528611632264417 0.46176829268281855
0.03426716170815972 0.021457158011441477 0.016860343635956634 0.016715688638126693 0.015092338106924005 0.015670958098243773 0.015847758651147036 0.018242602504109418 0.020396354694021897 0.022164360223054527 0.025780735168803092 0.03458861725889292 0.04063198161267719 0.04325184435115282 0.02987929344065146 0.022067923557834566 0.015510230322877171 0.014803028111264119 0.013067168137304809 0.013195750357598091 0.013356478132964693 0.015510230322877171 0.014931610331557401 0.018017583618596174 0.02676117459853937 0.46193162640361646
0.028368969298243025 0.027862755847950674 0.011770833333332259 0.007674524853800469 0.0062235014619877365 0.005865314327484845 0.005950292397660276 0.007309941520467169 0.009488304093566385 0.013423793859647898 0.01863578216374099 0.025832419590640917 0.02914199561403243 0.02636147660818473 0.01885782163742518 0.01396929824561276 0.010738304093566272 0.008495979532162967 0.007066885964911636 0.006804641812864876 0.006853070175437971 0.008138706140350135 0.012101608187133399 0.026313048245611634 0.02901681286549443 0.6277339181285977
0.047666215693738724 0.0389688828758239 0.015002899110903066 0.010702551217600737 0.009035562427500397 0.00891476613836269 0.007513529184365303 0.007634325473503009 0.007151140316952186 0.008383262466156786 0.00973618090449909 0.013843254735181089 0.01592095090834963 0.017080595284071607 0.008600695786604657 0.00891476613836269 0.0069095477386767745 0.007175299574779727 0.007344414379572515 0.008600695786604657 0.0072719366060898915 0.00889060688053515 0.010992462311531231 0.02831465017387825 0.03698782373396553 0.6424429841499748
0.04821528165079725 0.03266871165639617 0.018153931957587625 0.01383156720578105 0.010666480758490426 0.00980200780812911 0.008435582822074128 0.010861684327926852 0.008491355270484535 0.00831009481315071 0.008575013943100146 0.009969325153360332 0.011921360847724594 0.011865588399314186 0.009397657557153657 0.007766313441149238 0.007738427216944035 0.011879531511416788 0.008017289458996072 0.009286112660332841 0.010220301171207166 0.014333519241474716 0.018809258226409914 0.027398215281612664 0.03676798661456111 0.6266174010030303
0.027623224728476347 0.02112364243942309 0.010847953216369737 0.009912280701750245 0.009791144527982543 0.01181286549707109 0.01376357560567512 0.017568922305757073 0.02013784461152041 0.02538429406849399 0.03234335839597646 0.04583124477859406 0.05585630743523147 0.04225563909772671 0.028308270676679903 0.02279866332496959 0.018437761069332315 0.016194653299909694 0.01369674185463087 0.011959064327480385 0.010714285714281239 0.010037593984958213 0.010818713450287879 0.018684210526307986 0.02527986633248735 0.4688178780282085
0.0389127617487248 0.027897142077525756 0.01568787940789957 0.015449150808214141 0.013573426096400063 0.015108109951520673 0.014460132323803082 0.017154355091681485 0.01899597571782622 0.02128094945767246 0.025850896937364944 0.03471795921139514 0.03748039015061223 0.03250119364288759 0.02680581133610666 0.022133551599406134 0.017700020462391036 0.015756087579238263 0.010606370643166883 0.010572266557497536 0.011220244185215127 0.011458972784900556 0.012209262669626188 0.01896187163215687 0.02503239888130062 0.48847281904205553
0.04124871399170324 0.023951903292142567 0.020527906378567825 0.017618312757173325 0.01684670781890296 0.017184284979396246 0.01895254629626583 0.018743569958817607 0.019306198559639748 0.021026234567867435 0.024128729423829525 0.028308256172794 0.028581532921764755 0.029063786008183733 0.018197016460876098 0.0159304269547069 0.011477623456771674 0.013631687242776441 0.012072402263355079 0.013840663580224665 0.011799125514384326 0.014901620370346416 0.01856674382713065 0.029256687242751322 0.045187114197458224 0.4696502057605619
0.026637692334606854 0.024955311766105367 0.015632119448992968 0.014422908415382525 0.011776663979510398 0.012845676632412383 0.012144684728870097 0.013581718131131784 0.016140338579061126 0.021099856296622796 0.03138691248110584 0.05345063264509928 0.07176404612514149 0.052381619992197294 0.025165609337168052 0.018330938277630767 0.01274052784688104 0.01195191195539597 0.010392204970014383 0.012600329466172584 0.012530230275818354 0.014177561249142726 0.01323122217936064 0.01624548736459247 0.022677088079592938 0.4517367074402374
0.047703703703633034 0.03416296296291235 0.017762962962936647 0.013333333333313581 0.010637037037021279 0.010859259259243172 0.010681481481465657 0.009851851851837257 0.009466666666652641 0.009348148148134299 0.010814814814798793 0.011659259259241985 0.01219259259257453 0.01343703703701713 0.008311111111098798 0.009362962962949091 0.005985185185176318 0.007229629629618919 0.006103703703694661 0.007970370370358562 0.008548148148135485 0.009466666666652641 0.012414814814796423 0.0313629629629165 0.0423703703703076 0.6289629629620311
0.03271825396818905 0.024444444444395943 0.016130952380920376 0.013948412698385022 0.015257936507906234 0.018134920634884654 0.020238095238055084 0.021269841269799066 0.024484126984078404 0.025019841269791628 0.02672619047613745 0.028115079365023582 0.030892857142795847 0.02978174603168694 0.020476190476149847 0.018511904761868033 0.012956349206323499 0.013055555555529652 0.011468253968231213 0.01134920634918383 0.010198412698392464 0.01168650793648475 0.011468253968231213 0.02017857142853139 0.027539682539627897 0.5039484126974128
0.04773789965863851 0.038354606343869724 0.013616833059479284 0.007961582206470487 0.006445090357618965 0.004644256287107784 0.003696448881575583 0.0039176039428664294 0.004517881966370157 0.005939593074668458 0.00811955010739252 0.00811955010739252 0.01203715405025895 0.011342095286202003 0.0067926197396474385 0.007519272083888793 0.003949197523050837 0.004802224188029817 0.003285732339178296 0.005023379249320664 0.006002780235037272 0.007898395046101674 0.010805004423067088 0.029950714014817543 0.034342221660450076 0.7031783141643397
0.02557539682534608 0.02295634920630366 0.010992063492041682 0.010099206349186311 0.011190476190453987 0.015277777777747465 0.022420634920590436 0.023789682539635336 0.02563492063486977 0.0395238095237311 0.05075396825386755 0.06486111111098242 0.0709722222220814 0.05523809523798564 0.03321428571421981 0.0247420634920144 0.017896825396789887 0.01593253968250807 0.012678571428546273 0.011924603174579515 0.012916666666641038 0.014543650793621937 0.012103174603150588 0.01378968253965518 0.024801587301538093 0.35617063491992823
0.043392592592528305 0.0326074074073591 0.017970370370343748 0.012444444444426009 0.011348148148131336 0.011051851851835479 0.010474074074058556 0.010059259259244356 0.012340740740722458 0.013362962962943165 0.01441481481479346 0.018770370370342564 0.02133333333330173 0.022962962962928945 0.014903703703681624 0.015496296296273339 0.010192592592577493 0.010785185185169207 0.008177777777765663 0.009170370370356784 0.008192592592580455 0.011688888888871572 0.015837037037013574 0.02614814814810941 0.03451851851846738 0.5823555555546928
0.025895263765842166 0.024595687331496925 0.018081761006260296 0.014439738159391542 0.007556796303414907 0.007300089847247946 0.006850853548955765 0.009321653189562762 0.010765627005501916 0.014568091387475023 0.017504171479884634 0.03550571171859276 0.053394942882727836 0.039468617635670215 0.0243550250288404 0.017600436400947245 0.01586766782182026 0.013653574637380225 0.01192080605825324 0.012001026825805415 0.013027852650473258 0.014600179694495893 0.017969451931687253 0.02328006674364125 0.028173533564323942 0.5223013733787025
0.05099959200313393 0.027769277845706423 0.020348837209250435 0.017518359853076503 0.014458384332888468 0.014891880864915106 0.013387392900822656 0.014050387596863396 0.01545287637694958 0.01351489188083049 0.013285393716816387 0.014152386780869664 0.012902896776792882 0.016294369645001288 0.010862913096667526 0.013387392900822656 0.009562423500587612 0.011066911464680062 0.010735414116659691 0.014993880048921373 0.012826397388788182 0.014713382292904137 0.014585883312896302 0.02157282741732565 0.03508771929815614 0.5715779273751235
0.06101449275352493 0.02491143317226262 0.020708534621544754 0.020354267310756274 0.019227053140065658 0.01845410628016352 0.01478260869562837 0.012383252818015486 0.014106280193214 0.014653784218978012 0.015072463768091671 0.015442834138461444 0.015780998389668628 0.01789049919481821 0.011964573268901829 0.0129307568437795 0.009339774557150822 0.01104669887276804 0.00858293075682998 0.01104669887276804 0.012351046698852897 0.015346215780973678 0.019259259259228247 0.02911433172298049 0.046747181964497994 0.5274879227044645
0.041967479674728504 0.026276422764184917 0.016308943089404376 0.015154471544690806 0.013788617886156441 0.013560975609734047 0.014390243902415625 0.014910569105666812 0.016260162601599577 0.016373983739810773 0.023203252032482597 0.0268292682926393 0.02918699186987124 0.03186991869913517 0.022065040650370626 0.02151219512191624 0.01611382113818518 0.01759349593493074 0.014926829268268412 0.013999999999977236 0.012552845528434874 0.012894308943068464 0.012195121951199683 0.020243902438991473 0.04500813008122763 0.49081300812928325
0.02965244865714115 0.0168878357029749 0.01714060031592869 0.018420221169007236 0.022037914691908314 0.020347551342779862 0.02097946287516433 0.025229067930449874 0.03263823064765776 0.03807266982616418 0.04235387045806895 0.05233807266974354 0.052969984202128007 0.05009478672977868 0.03303317535539805 0.029557661927283478 0.023301737756677248 0.02238546603471977 0.016777251184807617 0.01894154818322442 0.018862559241676364 0.018404423380697622 0.0141864139020313 0.015355450236942566 0.025150078988901817 0.32488151658716447
0.05097795497184546 0.024460600375228785 0.022828330206373634 0.02113742964352225 0.016787054409001693 0.013360694183861783 0.010717636022511558 0.010232176360222741 0.010555816135081952 0.012047373358346143 0.014845215759846424 0.021142120075041945 0.02681519699811754 0.02139305816134583 0.01362804878048461 0.011810506566601358 0.009453564727952755 0.010208724202624248 0.009676360225138443 0.012291275797370476 0.015018761726075277 0.019868667917443746 0.022610225140707645 0.02558161350843678 0.05515478424013716 0.5173968105064453
0.03710133744850003 0.032986111111058085 0.011172196502039653 0.00792502572015187 0.0054333847736538175 0.00520833333332496 0.005545910493818245 0.006188914609043549 0.008407278806570847 0.010497042181053084 0.012554655349774057 0.01621977880655829 0.017505787037008898 0.014724794238659458 0.007667824074061748 0.007908950617271237 0.004613554526741555 0.004999356995876737 0.004404578189293331 0.0052726337448474915 0.004822530864189778 0.006188914609043549 0.009484310699573232 0.027295524691314146 0.0320055298353395 0.6938657407396254
0.03954911433165934 0.0287922705313546 0.018518518518488698 0.01610305958129452 0.0167471819645463 0.017745571658586562 0.018228663446025396 0.018196457326862807 0.018550724637651287 0.019210950080484363 0.022673107890462684 0.0273268921094568 0.02803542673103376 0.0296779388083258 0.022753623188369158 0.022882447665019512 0.017971014492724684 0.016231884057944877 0.013945249597401054 0.01566827697259957 0.015491143317205329 0.014267310789026945 0.013268921094986685 0.021336553945215237 0.0311433172302236 0.4756843800314401
0.02466200466197592 0.024941724941695873 0.009405594405583443 0.005909090909084022 0.005163170163164145 0.005419580419574103 0.005547785547779082 0.009592074592063413 0.010536130536118257 0.016643356643337246 0.024603729603700927 0.051526806526746474 0.058275058274990355 0.08307692307682625 0.03694638694634388 0.026410256410225628 0.01064102564101324 0.007331002330993787 0.003939393939389348 0.004312354312349286 0.003636363636359398 0.005081585081579159 0.007634032634023736 0.01974358974356673 0.02707459207456052 0.5119463869457903
0.04131539611354063 0.034678624813102125 0.015276532137495849 0.010074738415530532 0.006905829596402234 0.005919282511201915 0.0047832585949106375 0.004962630792219787 0.005710014947674574 0.0062032884902747335 0.006068759342292872 0.008908819133021063 0.010194319880403297 0.010059790732421435 0.006472346786238457 0.006576980568002127 0.0046188340807105845 0.005530642750365425 0.004798206278019733 0.004768310911801542 0.005710014947674574 0.007249626307911435 0.01077727952165803 0.028849028400554786 0.031928251121028504 0.7116591928240483
0.03578595317719453 0.02819926069349023 0.015525435662708104 0.013219503608496356 0.01200492870971307 0.01207533884877297 0.0124097870093075 0.01492694948069895 0.016651997887666515 0.01897553247664324 0.02312973068117738 0.02378102446748146 0.024573138531905344 0.022971307868292604 0.016194331983777163 0.01408202781198014 0.011160007040994261 0.009681394120736347 0.008836472452017538 0.009030100334432266 0.00938215102973177 0.011688083083943517 0.0124097870093075 0.02480197148385002 0.0301355395176375 0.5683682450262835
0.029437463364592853 0.02339445339976339 0.009356682297771712 0.007940723915591301 0.008065284290737832 0.009360345838217198 0.010414529601405847 0.01309532532239036 0.01638793229777107 0.02307938892145158 0.03346369431418217 0.04549384525204742 0.044917753516994716 0.034221131301286435 0.022587558616645062 0.017275424970690095 0.013234539859318837 0.011979777256739819 0.00945010257913161 0.009529784583820934 0.008540628663539664 0.009944680539272244 0.011746226553340074 0.025350783997653014 0.04418962485345434 0.5075423138920989
0.02822393822388374 0.02700772200766987 0.014266409266381725 0.01146718146715933 0.010463320463300264 0.01013513513511557 0.012007722007698826 0.013513513513487426 0.015482625482595594 0.02191119691115461 0.03042471042465169 0.04196911196903095 0.049806949806853656 0.043745173745089294 0.030193050192991906 0.02198841698837454 0.014440154440126564 0.012857142857118036 0.010347490347470371 0.0111776061775846 0.010733590733570011 0.009440154440136217 0.009420849420831233 0.017895752895718348 0.02389961389956776 0.4971814671805074
0.046783625730918786 0.034926618658619804 0.016980007410602065 0.008232242681990186 0.0074589596120576435 0.0058801733442787035 0.005783512960537136 0.006347365199029615 0.007910041402851627 0.010052679909123044 0.011599246048988128 0.015771752613832467 0.016786686643118928 0.02157137563832653 0.011695906432729697 0.010503761699917027 0.007813381019110058 0.00820002255407633 0.0066534564142112455 0.00771672063536849 0.008812204984439591 0.01166368630481584 0.017237768433912913 0.029690847872618224 0.039276335926990355 0.6246516198659245
0.04797017398495451 0.030985915492872173 0.021099143882847005 0.016210991438784284 0.0126208229770433 0.010107705053824613 0.00950013808337614 0.010577188621898433 0.011626622479945798 0.013780723556990388 0.01576912455118539 0.015492957746436086 0.01866887600105311 0.019663076498150613 0.010825738746172809 0.012289422811344132 0.007870753935355232 0.010135321734299544 0.007539353769656063 0.009527754763851069 0.009472521402901208 0.011847555923745243 0.014056890361739693 0.024799779066487712 0.0389395194696522 0.5886219276426715
0.023081467598298773 0.019740460814432047 0.01153054780285711 0.007293173345270044 0.00649866563447247 0.00898404872978796 0.010491576181044897 0.0168883818525946 0.019027441073972685 0.027807769877915115 0.03648623871893478 0.05190783710544154 0.057774970969792866 0.06517000427798568 0.039236457717849456 0.03381750769035831 0.02422229918303375 0.0210238963472589 0.01407704687592626 0.01395481492041894 0.011326827877011577 0.010919388025320513 0.01197873163971728 0.015625318312352303 0.025770570619459796 0.4153645568064551
