0.02614740368504833 0.026080402010006564 0.009815745393618399 0.005778894472352129 0.005293132328299342 0.0034505862646508367 0.004254606365152003 0.005393634840861987 0.008341708542699595 0.009983249581222809 0.01351758793967585 0.04787269681734024 0.13790619765471038 0.17172529313204066 0.024438860971483352 0.012931323283060417 0.004891122278048759 0.006800670016739028 0.0037185929648178915 0.0038693467336618605 0.004154103852589357 0.005393634840861987 0.007303182579552256 0.013986599664968196 0.01720268006697286 0.41974874371788984
0.019757281553366087 0.02622977346274073 0.011504854368913423 0.00961165048542134 0.010550161812280663 0.00995145631066351 0.010161812297718184 0.012475728155319618 0.012152103559850887 0.014676375404506996 0.019482200647217666 0.026278317152061036 0.039061488673075954 0.03800970873780257 0.02407766990287366 0.023025889967600282 0.015032362459522601 0.016116504854342854 0.010550161812280663 0.013543689320366434 0.00980582524270258 0.017346278317124035 0.016877022653694375 0.02878640776694371 0.034190938511271536 0.5307443365687204
0.03288107202674559 0.040100502512495646 0.006566164154092854 0.0033835845896090727 0.0023953098827430566 0.0032328308207651042 0.003216080402004663 0.00420435510887068 0.004120603015068475 0.004807370184246554 0.005142378559455373 0.010686767169161329 0.014723618090427599 0.01775544388606741 0.0062479061976444756 0.011155778894453676 0.004807370184246554 0.00929648241204473 0.00422110552763112 0.00720268006698961 0.006097152428800507 0.011490787269662494 0.013232830820748354 0.037169179229418474 0.04705192629807864 0.6888107202668529
0.02673333333330363 0.031366666666631814 0.009744444444433618 0.007944444444435617 0.005066666666661037 0.0037111111111069878 0.0024888888888861234 0.0032222222222186418 0.003988888888884457 0.004511111111106099 0.005911111111104543 0.010488888888877234 0.01962222222220042 0.01792222222220231 0.00522222222221642 0.0068555555555479385 0.004266666666661926 0.00954444444443384 0.0029555555555522716 0.004555555555550494 0.0057444444444380615 0.015699999999982554 0.03015555555552205 0.07408888888880656 0.09319999999989645 0.5949888888882278
0.022145061728360886 0.023179012345643242 0.00845679012344374 0.008225308641962616 0.007561728395050059 0.007623456790111692 0.009228395061714153 0.012314814814795811 0.01629629629627115 0.021604938271571596 0.030092592592546152 0.04912037037029457 0.07871913580234766 0.06908950617273289 0.042160493827095434 0.032330246913530356 0.018935185185155964 0.014367283950595113 0.009999999999984568 0.00888888888887517 0.007021604938260769 0.008858024691344354 0.009861111111095893 0.016882716049356664 0.02779320987650032 0.43924382715981597
0.016365159128950812 0.016398659966471694 0.0071524288107082876 0.008040201005011658 0.009932998324941485 0.009715242881055753 0.011323283082058084 0.01638190954771125 0.0186097152428499 0.026231155778850535 0.039463986599598884 0.07822445561125925 0.12914572864299975 0.09748743718576636 0.044556113902772934 0.02844221105522874 0.015695142378533172 0.01420435510885393 0.010368509212712951 0.008643216080387532 0.004706867671683908 0.004371859296475089 0.004321608040193766 0.010804020100484415 0.01073701842544265 0.35867671691732217
0.015944444444426727 0.018211111111090875 0.008344444444435172 0.00647777777777058 0.00665555555554816 0.0070222222222144194 0.00827777777776858 0.011055555555543271 0.014466666666650592 0.02422222222219531 0.03665555555551483 0.05995555555548894 0.0747333333332503 0.07961111111102265 0.044677777777728134 0.03567777777773814 0.020666666666643702 0.01754444444442495 0.011099999999987667 0.012922222222207864 0.009877777777766803 0.011499999999987222 0.010744444444432505 0.015077777777761025 0.019144444444423172 0.4194333333328673
0.032222222222162554 0.033462962962900994 0.019851851851815087 0.013666666666641358 0.008648148148132133 0.006777777777765226 0.0064444444444325105 0.006851851851839163 0.007074074074060974 0.008796296296280006 0.012037037037014746 0.016296296296266118 0.022407407407365913 0.01753703703700456 0.008907407407390912 0.00824074074072548 0.005111111111101646 0.006148148148136762 0.00477777777776893 0.0065740740740619 0.006592592592580384 0.010907407407387208 0.011759259259237483 0.028685185185132064 0.027907407407355728 0.6623148148135883
0.036141215106673 0.03494252873557481 0.009490968801298044 0.006469622331680674 0.005106732348103273 0.00568144499178049 0.004696223316905261 0.005599343185540888 0.006502463054176515 0.010279146141198228 0.011412151067304742 0.017274220032812357 0.021477832512280002 0.021477832512280002 0.013579638752030247 0.011264367816073458 0.0080131362889852 0.009934318554991897 0.007093596059101652 0.006880131362878686 0.006584564860416117 0.008801313628885383 0.01200328407222988 0.027257799671548018 0.03426929392441007 0.6577668308691991
0.02881666666661864 0.026049999999956584 0.008766666666652056 0.0046666666666588886 0.0029333333333284445 0.0030999999999948335 0.003599999999994 0.0046666666666588886 0.007683333333320528 0.010116666666649805 0.011333333333314445 0.02954999999995075 0.21569999999964048 0.05463333333324228 0.011916666666646805 0.009133333333318111 0.0037833333333270277 0.003716666666660472 0.002666666666662222 0.003966666666660056 0.00434999999999275 0.005499999999990833 0.008766666666652056 0.019749999999967082 0.021833333333296946 0.4929999999991783
0.02994949494944453 0.03457912457906637 0.017138047138018284 0.016178451178423942 0.012592592592571393 0.011043771043752452 0.01230639730637659 0.011548821548802107 0.012946127946106152 0.015488215488189414 0.01920875420872187 0.03114478114472871 0.054579124579032696 0.04370370370363013 0.01530303030300454 0.013468013467990795 0.008232323232309373 0.008451178451164224 0.007306397306385006 0.008400673400659258 0.010538720538702797 0.013905723905700496 0.01643097643094877 0.02670033670029175 0.026430976430931934 0.5224242424233629
0.0228444444444106 0.026844444444404675 0.01447407407405263 0.01348148148146151 0.009748148148133707 0.009807407407392877 0.009437037037023055 0.011570370370353229 0.014133333333312395 0.020222222222192263 0.03143703703699046 0.05564444444436201 0.07879999999988326 0.06471111111101524 0.03105185185180585 0.019051851851823627 0.010607407407391693 0.011244444444427786 0.008192592592580455 0.008325925925913592 0.00816296296295087 0.010681481481465657 0.013555555555535474 0.01648888888886446 0.017229629629604105 0.462251851851167
0.030757575757523976 0.037121212121149626 0.009781144781128315 0.006515151515140547 0.004730639730631767 0.005218855218846433 0.006582491582480501 0.006060606060595858 0.0062457912457807305 0.0084848484848342 0.013030303030281094 0.016296296296268862 0.02356902356898389 0.017340067340038148 0.00973063973062335 0.008973063973048867 0.00513468013467149 0.009478114478098522 0.004208754208747123 0.006498316498305558 0.004781144781136732 0.0103872053871879 0.015084175084149689 0.03395622895617179 0.03242424242418784 0.6676094276083037
0.025699999999971444 0.025788888888860235 0.01133333333332074 0.008322222222212976 0.007699999999991445 0.00828888888887968 0.007677777777769247 0.008677777777768136 0.008833333333323519 0.01061111111109932 0.012644444444430395 0.01726666666664748 0.026699999999970334 0.030488888888855013 0.013733333333318073 0.012755555555541382 0.008499999999990555 0.018055555555535494 0.008133333333324297 0.010144444444433173 0.010088888888877679 0.016199999999982 0.012866666666652371 0.02726666666663637 0.1395111111109561 0.5127111111105415
0.027244444444323355 0.03155555555541531 0.009422222222180344 0.00919999999995911 0.00964444444440158 0.009288888888847605 0.007866666666631704 0.009733333333290073 0.009511111111068839 0.018222222222141232 0.0338222222220719 0.05586666666641837 0.06564444444415268 0.053911111110871504 0.02777777777765432 0.016577777777704097 0.006222222222194568 0.005866666666640592 0.002088888888879605 0.0026222222222105677 0.0017777777777698764 0.002711111111099062 0.0038222222222052344 0.016577777777704097 0.01813333333325274 0.5448888888864671
0.025055555555520755 0.02422222222218858 0.012708333333315683 0.010944444444429244 0.009041666666654109 0.008555555555543673 0.009763888888875328 0.012208333333316378 0.014805555555534993 0.022305555555524575 0.03469444444439626 0.053819444444369695 0.08454166666654925 0.06102777777769302 0.03547222222217296 0.02490277777774319 0.016833333333309955 0.01663888888886578 0.012388888888871682 0.012291666666649595 0.009708333333319849 0.0093194444444315 0.009513888888875674 0.01315277777775951 0.013638888888869946 0.4424444444438299
0.017018518518487003 0.02299999999995741 0.010981481481461145 0.01048148148146207 0.010314814814795714 0.011462962962941735 0.010166666666647839 0.013777777777752263 0.017111111111079425 0.026074074074025788 0.03218518518512558 0.04022222222214773 0.03446296296289914 0.037592592592522976 0.028277777777725412 0.027185185185134842 0.018259259259225447 0.01888888888885391 0.013407407407382579 0.016018518518488855 0.010851851851831755 0.012925925925901988 0.017148148148116393 0.028592592592539642 0.045296296296212415 0.46829629629542907
0.03275297619042745 0.03377976190471164 0.010386904761889306 0.008749999999986978 0.005773809523800932 0.006636904761894886 0.007663690476179072 0.007499999999988839 0.007767857142845584 0.009047619047605584 0.009613095238080932 0.012038690476172561 0.016101190476166517 0.012738095238076282 0.00943452380950977 0.009374999999986049 0.006458333333323723 0.007604166666655351 0.005729166666658141 0.005729166666658141 0.005729166666658141 0.007901785714273956 0.010431547619032096 0.028392857142814892 0.035014880952328846 0.6876488095227862
0.036582491582429995 0.03309764309758738 0.0122895622895416 0.00703703703702519 0.005016835016826571 0.003989898989892273 0.0040740740740672155 0.0053367003366913525 0.007306397306385006 0.011346801346782244 0.017457912457883067 0.029124579124530092 0.04400673400665992 0.042356902356831046 0.019713804713771526 0.014006734006710425 0.0053872053871963175 0.0062289562289457425 0.0030808080808028943 0.003787878787872411 0.004326599326592043 0.006077441077430846 0.010134680134663072 0.025117845117802833 0.024730639730598095 0.6183838383827973
0.031022222222176262 0.02857777777773544 0.01260740740738873 0.011807407407389914 0.010607407407391693 0.0105925925925769 0.011333333333316544 0.012414814814796423 0.015392592592569788 0.017511111111085168 0.02119999999996859 0.02253333333329995 0.027362962962922423 0.025985185185146687 0.017525925925899962 0.017274074074048483 0.011540740740723643 0.011970370370352637 0.009274074074060334 0.00888888888887572 0.008059259259247319 0.009585185185170984 0.011451851851834886 0.02195555555552303 0.027570370370329524 0.5859555555546875
0.02327985739746296 0.02937611408194407 0.014670231729029109 0.009483065953637284 0.007290552584657236 0.007165775401056745 0.006524064171111365 0.007468805704086508 0.01048128342244121 0.01317290552582322 0.017397504456296974 0.03217468805698365 0.09062388591784203 0.048823529411677676 0.016666666666636958 0.015508021390346688 0.007165775401056745 0.009500891265580211 0.006024955436709403 0.006381461675567948 0.008859180035634831 0.013297682709423712 0.01509803921565936 0.02320855614969125 0.029982174688003595 0.5303743315498567
0.017973199329953143 0.025561139028432895 0.00720268006698961 0.005745393634831247 0.0037185929648178915 0.004254606365152003 0.003886097152422301 0.005376884422101547 0.006817420435499468 0.011507537688422935 0.015494137353407883 0.029011725293083733 0.04695142378551599 0.047169179229401725 0.026817420435465967 0.02370184254602395 0.013400335008352762 0.014120603015051724 0.007638190954761075 0.008341708542699595 0.006231155778884035 0.009497487437170021 0.012881072026779093 0.026599664991580233 0.03177554438855649 0.5883249581229676
0.02931323283077167 0.024907872696775697 0.014589614740344072 0.012948073701820858 0.01262981574537248 0.01105527638189103 0.012026800669996604 0.012613065326612037 0.014706867671667158 0.017604690117223442 0.02108877721939516 0.033417085427079704 0.06293132328297667 0.06289782244545578 0.02686767169174729 0.019932998324924737 0.012194304857601014 0.010971524288088825 0.007269681742031374 0.007437185929635783 0.006381909547728003 0.007303182579552256 0.0075879396984797525 0.01948073701839283 0.0211055276381556 0.5107370184246052
0.013536585365842653 0.015650406504052316 0.0048211382113781944 0.005918699186987058 0.00555284552845077 0.004414634146337874 0.004642276422760453 0.006422764227637054 0.010471544715438642 0.021276422764210344 0.04439837398370374 0.10310569105682674 0.15916260162588686 0.11921951219502502 0.05170731707312869 0.032227642276396566 0.014666666666654742 0.011544715447145085 0.007650406504058821 0.009373983739829778 0.008430894308936236 0.007349593495928984 0.006495934959344312 0.008382113821131397 0.02647154471542563 0.297105691056669
0.013802345058603347 0.022897822445522784 0.0035175879396926 0.002948073701837608 0.0017755443886067412 0.002546063651587025 0.003283082077046427 0.0046063651591212625 0.005259631490778459 0.009229480737002966 0.010804020100484415 0.019849246231122532 0.02489112227801526 0.03551088777213482 0.022177554438823823 0.02338358458957557 0.013718592964801142 0.012830820770497771 0.007269681742031374 0.007520938023437988 0.005678391959789484 0.008324958123939154 0.011457286432141613 0.024824120602973492 0.030167504187554157 0.6717252931312031
0.024556113902806438 0.03142378559458723 0.01175879396982955 0.009547738693451343 0.006917922948062114 0.007051926298145642 0.0056448911222686015 0.006901172529301673 0.008023450586251217 0.010820770519244856 0.015175879396959505 0.029597989949699165 0.0411055276381221 0.03507537688436336 0.019246231155746658 0.015008375209355095 0.009765494137337075 0.011172529313214117 0.00701842546062476 0.008726968174189737 0.008458961474022681 0.011658291457266904 0.01654941373531566 0.02951423785589696 0.029430485762094755 0.5898492462301678
0.03883333333326861 0.03784999999993691 0.010199999999983 0.0056999999999905 0.0042499999999929166 0.004516666666659139 0.004083333333326528 0.004549999999992417 0.005599999999990666 0.007633333333320611 0.00854999999998575 0.013166666666644723 0.018916666666635138 0.014349999999976083 0.006699999999988833 0.007083333333321527 0.00254999999999575 0.004033333333326611 0.0018666666666635556 0.0027499999999954167 0.002066666666663222 0.004449999999992583 0.008616666666652305 0.029749999999950417 0.038283333333269526 0.7136499999988106
0.04028520499101553 0.04231729055250924 0.018752228163959443 0.011479500891245135 0.006434937611396729 0.0049910873440196235 0.0037254901960717905 0.003957219251329845 0.004081996434930335 0.0044741532976747345 0.005187165775391823 0.006755793226369419 0.008573975044547997 0.009340463458093867 0.006060606060595258 0.006381461675567948 0.003297682709441537 0.005864527629223058 0.005294117647049386 0.006024955436709403 0.004509803921560589 0.006648841354711856 0.010392156862726574 0.034420677361792475 0.040142602495472114 0.7006060606048118
0.02649916247901759 0.031725293132275165 0.009497487437170021 0.005628140703508161 0.004003350083745388 0.0033835845896090727 0.00403685092126627 0.005142378559455373 0.0065996649916137354 0.010988274706849266 0.01706867671688933 0.03701842546057451 0.058726968174105984 0.07502512562801503 0.027872696817373747 0.02284757118924146 0.009346733668326052 0.009949748743701926 0.004304857621433325 0.0055611390284663964 0.005175879396976254 0.006080402010040066 0.008140703517574304 0.02033500837517532 0.024556113902806438 0.5604857621431147
0.02249475890980609 0.022306079664523467 0.009308176100609416 0.00463312368971775 0.002767295597478475 0.0033752620545002615 0.00519916142556562 0.008763102725348505 0.01670859538780564 0.030817610062828474 0.04958071278815601 0.10515723270418206 0.1634800838570996 0.075136268343658 0.019727463312327616 0.010670859538761696 0.006289308176087444 0.006373165618435276 0.0038574423480002987 0.0044025157232612105 0.004716981132065583 0.006687631027239648 0.009203354297674627 0.01777777777774051 0.0239412997903062 0.36662473794472406
0.018680926916187734 0.026149732620274244 0.011283422459872934 0.01151515151513099 0.010588235294098773 0.01215686274507637 0.013618538324396402 0.017433155080182828 0.018288770053443336 0.025204991087299098 0.03456327985733589 0.047754010695102045 0.059233511586347175 0.05985739750434963 0.04443850267371758 0.03518716577533835 0.024206773618495176 0.019893048128306785 0.013992869875197874 0.011158645276272444 0.009144385026721668 0.009536541889466066 0.008377896613175798 0.013868092691597382 0.015383244206746197 0.4284848484840847
0.02911532385461435 0.02406003159553861 0.00941548183252857 0.006461295418631182 0.0044075829383816625 0.0036966824644491364 0.00401263823064137 0.006413902053702347 0.009304897314361288 0.010884676145322457 0.012385466034735568 0.0494470774090846 0.19072669826194197 0.09853080568704814 0.01521327014215606 0.008230647709307693 0.004154818325427876 0.0049763033175276835 0.004265402843595157 0.005308056872029529 0.005229067930481471 0.005387045813577587 0.007993680884663517 0.017456556082120923 0.019826224328562677 0.4430963665079888
0.035846702317226656 0.029037433155028453 0.015133689839545217 0.01253119429587784 0.00900178253117825 0.008324420677347014 0.009483065953637284 0.012959001782508094 0.015918003565034013 0.02024955436716533 0.024438502673753228 0.032834224598871954 0.042620320855539004 0.0399999999999287 0.034046345810991 0.02809269162205331 0.02005347593579313 0.015971479500862796 0.011711229946503188 0.009429590017808503 0.008877005347577759 0.01008912655969681 0.010124777183582664 0.016702317290522812 0.020285204991051183 0.5062388591791332
0.022562962962929537 0.025244444444407044 0.009214814814801162 0.007614814814803534 0.004785185185178096 0.005199999999992296 0.005896296296287561 0.007511111111099983 0.009437037037023055 0.01348148148146151 0.02211851851848575 0.053333333333254324 0.11654814814797548 0.10465185185169681 0.03798518518512891 0.02392592592589048 0.012562962962944351 0.00961481481480057 0.004992592592585196 0.005362962962955018 0.0044888888888822386 0.006725925925915962 0.010192592592577493 0.014874074074052038 0.01514074074071831 0.4465333333326718
0.034505862646508366 0.035711892797260114 0.014606365159104512 0.009882747068660163 0.00737018425459402 0.005041876046892727 0.005075376884413609 0.006365159128967563 0.007303182579552256 0.008140703517574304 0.010804020100484415 0.013098827470664825 0.013986599664968196 0.013768844221082464 0.009011725293117234 0.008542713567824886 0.005494137353424633 0.006649916247895058 0.0041708542713497975 0.004589614740360821 0.0048241206030069945 0.007219430485750051 0.010469011725275597 0.027537688442164927 0.0270351758793517 0.6987939698480757
0.023788888888862457 0.026099999999971 0.010166666666655371 0.008699999999990334 0.010511111111099432 0.01178888888887579 0.011122222222209864 0.01277777777776358 0.014166666666650925 0.018377777777757356 0.023644444444418173 0.032888888888852344 0.04145555555550949 0.03485555555551683 0.022833333333307962 0.01844444444442395 0.01196666666665337 0.012977777777763358 0.010244444444433062 0.013166666666652036 0.012099999999986556 0.013799999999984667 0.014433333333317297 0.028488888888857235 0.0396333333332893 0.5215666666660872
0.03302222222218553 0.03474444444440584 0.01196666666665337 0.007699999999991445 0.00522222222221642 0.004822222222216864 0.004577777777772692 0.00575555555554916 0.008044444444435505 0.010366666666655148 0.014644444444428173 0.027866666666635703 0.0414444444443984 0.030655555555521494 0.012111111111097654 0.008388888888879568 0.004811111111105765 0.004644444444439284 0.003566666666662704 0.004699999999994778 0.005699999999993667 0.007944444444435617 0.012266666666653037 0.029988888888855567 0.029388888888856234 0.6356555555548493
0.01917171717167844 0.025414141414090072 0.008080808080791755 0.0060404040403918375 0.006262626262613611 0.004989898989888909 0.004888888888879012 0.006262626262613611 0.009393939393920416 0.013797979797951923 0.03014141414135325 0.07551515151499896 0.11650505050481513 0.07832323232307409 0.027070707070652383 0.010383838383817406 0.004202020202011713 0.002545454545449403 0.0019393939393900215 0.0020404040403999182 0.001919191919188042 0.003474747474740455 0.005333333333322559 0.0198989898989497 0.021090909090866482 0.4953131313121307
0.025963149078683478 0.023752093802305273 0.00840871021774136 0.007705192629802839 0.00825795644889739 0.010083752093785455 0.011356783919578967 0.013969849246207755 0.018107202680036672 0.02529313232826584 0.03261306532657854 0.04862646566156009 0.06685092127291985 0.04060301507530887 0.02547738693463069 0.01772194304854653 0.009212730318242525 0.009698492462295313 0.006080402010040066 0.0064656616415302084 0.006180904522602712 0.006231155778884035 0.00755443886095887 0.01775544388606741 0.020268006700133553 0.5257621440527207
0.020149999999966417 0.026816666666621972 0.011316666666647806 0.007599999999987333 0.0063999999999893335 0.007549999999987417 0.006999999999988333 0.008049999999986584 0.010716666666648805 0.012733333333312112 0.01828333333330286 0.055383333333241025 0.11994999999980008 0.0703333333332161 0.018799999999968665 0.010866666666648555 0.006216666666656306 0.0052499999999912495 0.003016666666661639 0.003583333333327361 0.0030333333333282778 0.00554999999999075 0.00824999999998625 0.016899999999971833 0.035466666666607555 0.5007833333324987
0.019037433155046277 0.024385026737924448 0.011729055258446116 0.011532976827073917 0.007557932263801145 0.006238859180024529 0.00803921568626018 0.012299465240619787 0.019322638146133116 0.025757575757529842 0.037914438502606215 0.06210338680915846 0.0886452762921771 0.08713012477702829 0.05110516934037236 0.02944741532971578 0.017718360071269663 0.016399286987493048 0.012424242424220277 0.01368983957216811 0.011016042780729027 0.009661319073066558 0.008609625668433851 0.011069518716557808 0.016916221033837938 0.38024955436652363
0.03845925925920228 0.029525925925882185 0.013407407407387545 0.010888888888872758 0.009066666666653234 0.009155555555541992 0.009585185185170984 0.010696296296280449 0.01260740740738873 0.015540740740717717 0.01779259259256623 0.02334814814811356 0.025866666666628346 0.022251851851818886 0.013511111111091094 0.010785185185169207 0.007037037037026612 0.008118518518506491 0.00625185185184259 0.007037037037026612 0.007822222222210634 0.008444444444431935 0.011125925925909443 0.024414814814778644 0.02897777777773485 0.6182814814805655
0.024036334913093177 0.025624012638210406 0.011777251184824821 0.010086887835695033 0.009146919431272396 0.009541864139013 0.009897314375979543 0.013088467614523626 0.014289099526055064 0.01821484992099667 0.022045813586080532 0.028135860979440652 0.03312006319112708 0.03199052132698895 0.02627962085305981 0.02378357030013919 0.0183649289099381 0.017093206951013355 0.013143759873607311 0.015584518167444246 0.0140521327014107 0.015213270142168079 0.014763033175343788 0.0219589257503776 0.03274881516585091 0.526018957345556
0.02318257956445028 0.023634840870982186 0.008458961474022681 0.006884422110541232 0.005142378559455373 0.005259631490778459 0.007638190954761075 0.012026800669996604 0.016566164154076104 0.02562814070347466 0.03973199329976594 0.06445561139017679 0.07405360133990946 0.05221105527629445 0.03303182579558956 0.023802345058586596 0.014120603015051724 0.010804020100484415 0.006231155778884035 0.005912897822435656 0.005527638190945515 0.0078056951423654845 0.007956448911209453 0.01877721943045431 0.02266331658287661 0.47849246231075626
0.020737018425425902 0.025360134003307604 0.012412060301486746 0.009195979899482084 0.00877721943047106 0.010452261306515154 0.011658291457266904 0.013048576214383503 0.016264656616388165 0.023266331658252485 0.033919597989892934 0.053299832495723114 0.0498994974873536 0.04093802345051769 0.02775544388605066 0.02179229480733368 0.011892797319913077 0.00929648241204473 0.005996649916237861 0.006649916247895058 0.00824120603013695 0.009932998324941485 0.0119430485761944 0.021189279731957805 0.018525963149047694 0.5175544388601045
0.04238859180028095 0.039500891265526736 0.019037433155046277 0.01163992869873148 0.007825311942945053 0.006898395721912837 0.006720142602483565 0.005650623885907931 0.004955436720133769 0.005686274509793785 0.006916221033855764 0.008841354723691904 0.01344028520496713 0.013903743315483238 0.00828877005346116 0.008413547237061652 0.005989304812823548 0.007361853832428945 0.006381461675567948 0.008734402852034341 0.009910873440267538 0.013832442067711528 0.01987522281636386 0.030570409982120194 0.03531194295893884 0.6519251336886774
0.01585555555553794 0.025977777777748914 0.007322222222214086 0.005688888888882568 0.005522222222216086 0.005355555555549605 0.004922222222216753 0.007044444444436617 0.00792222222221342 0.01143333333332063 0.015488888888871679 0.036255555555515274 0.0882444444443464 0.10769999999988034 0.03908888888884546 0.03218888888885312 0.01847777777775725 0.021133333333309853 0.011444444444431729 0.011755555555542493 0.008755555555545826 0.011733333333320297 0.010355555555544049 0.02077777777775469 0.029922222222188974 0.4396333333328448
0.03834224598923647 0.03458110516927882 0.015971479500862796 0.01215686274507637 0.010178253119411446 0.009910873440267538 0.007789661319059198 0.00944741532975143 0.009786096256667048 0.01124777183598708 0.015329768270917416 0.024705882352897137 0.030392156862690922 0.02424242424238103 0.013351158645252494 0.01240641711227735 0.006666666666654783 0.007700534759344562 0.007023172905513328 0.007468805704086508 0.007112299465227964 0.008894830659520686 0.011212121212101226 0.025294117647013736 0.05019607843128307 0.588591800355457
0.02978174603168694 0.02809523809518235 0.012460317460292736 0.010277777777757385 0.010099206349186311 0.010932539682517992 0.011944444444420745 0.016091269841237914 0.020396825396784928 0.024206349206301176 0.030158730158670318 0.03946428571420741 0.04640873015863808 0.03666666666659391 0.02464285714280825 0.01968253968250063 0.013928571428543793 0.010972222222200451 0.006626984126970978 0.006051587301575294 0.0059325396825279115 0.006349206349193752 0.009682539682520471 0.022876984126938737 0.024047619047571335 0.5222222222211861
0.030757575757523976 0.037121212121149626 0.009781144781128315 0.006515151515140547 0.004730639730631767 0.005218855218846433 0.006582491582480501 0.006060606060595858 0.0062457912457807305 0.0084848484848342 0.013030303030281094 0.016296296296268862 0.02356902356898389 0.017340067340038148 0.00973063973062335 0.008973063973048867 0.00513468013467149 0.009478114478098522 0.004208754208747123 0.006498316498305558 0.004781144781136732 0.0103872053871879 0.015084175084149689 0.03395622895617179 0.03242424242418784 0.6676094276083037
0.0238860971523888 0.02653266331653847 0.015209380234480386 0.014355108877697897 0.016080402010023316 0.014455611390260543 0.013852596314884669 0.014606365159104512 0.01986599664988297 0.025041876046859226 0.031725293132275165 0.04745393634832922 0.06762144053590013 0.06125628140693257 0.044120603015001474 0.031055276381857528 0.018341708542682845 0.013718592964801142 0.009899497487420604 0.010335008375192068 0.011926298157433958 0.01174204355106911 0.012361809045205424 0.01440536013397922 0.015678391959772733 0.41447236180835095
0.03262032085555683 0.029358288770001142 0.011051693404614881 0.007147950089113818 0.003689839572185936 0.004295900178245462 0.003458110516927882 0.003689839572185936 0.0034046345810991004 0.003208556149726901 0.0035472370766425182 0.004349376114074243 0.0064705882352825836 0.009732620320838267 0.005383244206764022 0.009696969696952412 0.003975044563272772 0.008591800356490924 0.004188948306587899 0.007664884135458708 0.007468805704086508 0.013903743315483238 0.024973262032041046 0.06670231729043369 0.106060606060417 0.6153654188937338
0.03683333333321055 0.03126666666656244 0.016633333333277888 0.012033333333293221 0.008066666666639778 0.007066666666643111 0.009499999999968332 0.011833333333293889 0.01366666666662111 0.016299999999945667 0.019533333333268222 0.03549999999988167 0.05183333333316056 0.06099999999979667 0.03243333333322522 0.02416666666658611 0.012066666666626443 0.008633333333304556 0.006033333333313222 0.005833333333313889 0.005066666666649778 0.007233333333309222 0.007866666666640444 0.01726666666660911 0.018899999999937 0.5234333333315886
0.02818333333328636 0.026749999999955417 0.008449999999985917 0.004549999999992417 0.0027499999999954167 0.0029333333333284445 0.0038333333333269446 0.005366666666657722 0.007333333333321111 0.009966666666650055 0.012316666666646138 0.03211666666661314 0.20984999999965026 0.056499999999905834 0.01274999999997875 0.00884999999998525 0.003883333333326861 0.003249999999994583 0.002566666666662389 0.003883333333326861 0.004466666666659222 0.005399999999991 0.009783333333317028 0.018766666666635387 0.021683333333297194 0.4938166666658436
0.01725118483409597 0.022053712480217924 0.005276461295410306 0.0033175355450184556 0.003048973143755057 0.0031121642969935037 0.003301737756708844 0.006034755134271667 0.007630331753542448 0.007598736176923224 0.014470774091604311 0.06192733017367784 0.18695102685594478 0.17164296998393105 0.052590837282697325 0.026587677725076482 0.006176935229058172 0.006429699842011959 0.0027488151658724347 0.002464454976299424 0.0016587677725092278 0.0032227488151607853 0.0045181674565489445 0.012938388625571976 0.01454976303315237 0.3524960505523657
0.032511111111074985 0.028755555555523605 0.01422222222220642 0.010299999999988556 0.00954444444443384 0.008677777777768136 0.00802222222221331 0.008788888888879123 0.010633333333321518 0.012988888888874457 0.016355555555537384 0.025777777777749134 0.0368888888888479 0.032144444444408726 0.020277777777755246 0.018244444444424173 0.011544444444431617 0.01044444444443284 0.009244444444434173 0.010899999999987888 0.010544444444432729 0.011111111111098766 0.013366666666651815 0.022644444444419282 0.028577777777746026 0.5774888888882472
0.028007246376760855 0.03864130434775608 0.00882246376809996 0.007518115942015366 0.005181159420280469 0.0037681159420221593 0.0036413043478194904 0.004420289855064456 0.006032608695641245 0.007264492753610028 0.00943840579708435 0.01469202898548063 0.018351449275329074 0.02108695652170093 0.013405797101424989 0.013659420289830327 0.008043478260854994 0.009039855072447391 0.005199275362309422 0.007336956521725839 0.006521739130422968 0.011739130434761342 0.013134057970990699 0.02980072463762717 0.03239130434776741 0.6728623188393608
0.012620320855592476 0.024973262032041046 0.008520499108719215 0.0050980392156771874 0.0036363636363571546 0.004135472370759116 0.004438502673788879 0.007932263814602616 0.01008912655969681 0.017700534759326737 0.02976827094468847 0.07852049910859443 0.14001782531169338 0.10374331550783647 0.04800356506230302 0.03320855614967343 0.015187165775373998 0.011390374331530497 0.004919786096247915 0.004153297682702044 0.0028698752228112838 0.003190730837783974 0.0044741532976747345 0.011176470588215371 0.011301247771815862 0.39893048128271136
0.030045871559587087 0.02926605504582681 0.009220183486224434 0.006483180428124643 0.006697247706411778 0.006636085626901168 0.006743119266044735 0.008776758409772512 0.012278287461754927 0.01671253822627414 0.026024464831764488 0.046284403669654 0.07096330275218507 0.056681957186457674 0.030749235473959097 0.02155963302748997 0.013623853210988343 0.012400611620776146 0.008746177370017207 0.007966360856256932 0.007522935779805011 0.007935779816501627 0.010672782874601418 0.020152905198745942 0.022981651376111648 0.5028746177362341
0.023565062388549794 0.030819964349321174 0.015775401069490595 0.009857397504438757 0.005989304812823548 0.004688057040989861 0.0037967914438434996 0.005561497326193295 0.0062566844919674566 0.009108734402835814 0.014420677361828126 0.03682709447408765 0.07864527629219492 0.0754188948305251 0.029679144384973835 0.024919786096212263 0.012317290552562714 0.012192513368962224 0.005989304812823548 0.006114081996424039 0.004652406417104006 0.009162210338664595 0.011283422459872934 0.021265597147912183 0.020909090909053636 0.5207843137245619
0.04021390374324382 0.035918003564998364 0.014581105169314473 0.008716577540091414 0.005686274509793785 0.004812834224590352 0.003832442067729354 0.004598930481275225 0.006987522281627473 0.010516934046327064 0.015632798573947178 0.021265597147912183 0.024848484848440554 0.026131907308331315 0.016363636363607194 0.012816399286964677 0.00791443850265969 0.007932263814602616 0.0047950089126474246 0.006648841354711856 0.006951871657741619 0.007807486631002125 0.011907308377875387 0.02584670231724448 0.024278074866266885 0.642994652405271
0.030757575757523976 0.037121212121149626 0.009781144781128315 0.006515151515140547 0.004730639730631767 0.005218855218846433 0.006582491582480501 0.006060606060595858 0.0062457912457807305 0.0084848484848342 0.013030303030281094 0.016296296296268862 0.02356902356898389 0.017340067340038148 0.00973063973062335 0.008973063973048867 0.00513468013467149 0.009478114478098522 0.004208754208747123 0.006498316498305558 0.004781144781136732 0.0103872053871879 0.015084175084149689 0.03395622895617179 0.03242424242418784 0.6676094276083037
0.01917171717167844 0.025414141414090072 0.008080808080791755 0.0060404040403918375 0.006262626262613611 0.004989898989888909 0.004888888888879012 0.006262626262613611 0.009393939393920416 0.013797979797951923 0.03014141414135325 0.07551515151499896 0.11650505050481513 0.07832323232307409 0.027070707070652383 0.010383838383817406 0.004202020202011713 0.002545454545449403 0.0019393939393900215 0.0020404040403999182 0.001919191919188042 0.003474747474740455 0.005333333333322559 0.0198989898989497 0.021090909090866482 0.4953131313121307
0.03150753768838943 0.03348408710212147 0.010770519262963534 0.006800670016739028 0.0038525963149014194 0.0035343383584530413 0.0035175879396926 0.004589614740360821 0.005142378559455373 0.007604690117240193 0.011541038525943818 0.026633165829101118 0.0584087102176576 0.08819095477372162 0.026231155778850535 0.02085427135674899 0.008710217755429297 0.008793969849231502 0.003768844221099215 0.00455611390283994 0.0035343383584530413 0.005929648241196098 0.008827470686752383 0.022713567839157935 0.025343383584547165 0.5651591289772778
0.03192513368978266 0.02655971479496157 0.009019607843121178 0.008823529411748977 0.007219251336885527 0.007950089126545544 0.007932263814602616 0.007789661319059198 0.009999999999982174 0.013761140819939819 0.016684491978579886 0.025115864527584464 0.029679144384973835 0.02609625668444546 0.01632798573972134 0.017076648841324284 0.008948306595349469 0.012602495543649549 0.006702317290540638 0.009483065953637284 0.008467023172890433 0.009696969696952412 0.010819964349356828 0.03158645276286705 0.04696969696961324 0.5927629233501021
0.03334328358205638 0.025641791044750607 0.013502487562175619 0.01229850746267433 0.01140298507461552 0.011004975124367159 0.010338308457701156 0.011930348258694597 0.013741293532324636 0.01667661691540629 0.02120398009948139 0.030636815920367527 0.039154228855682434 0.033442786069618466 0.024328358208931016 0.021552238805948705 0.01571144278605402 0.015452736318392585 0.013154228855708305 0.013691542288543591 0.012597014925360599 0.012507462686554718 0.011024875621879577 0.01969154228853762 0.021442786069630404 0.5345273631835478
0.013022222222207752 0.014711111111094766 0.004655555555550383 0.0031999999999964444 0.0030444444444410615 0.003911111111106765 0.005199999999994222 0.009377777777767358 0.011533333333320519 0.014799999999983555 0.023177777777752026 0.04482222222217242 0.06811111111103543 0.06626666666659303 0.03552222222218275 0.038388888888846236 0.02457777777775047 0.031499999999965 0.017066666666647703 0.020299999999977444 0.009866666666655704 0.019222222222200862 0.016188888888870902 0.030455555555521714 0.06948888888881168 0.4015888888884427
0.018566666666646036 0.02141111111108732 0.007499999999991667 0.0071555555555476045 0.007222222222214197 0.008111111111102099 0.008444444444435062 0.010022222222211087 0.01124444444443195 0.015944444444426727 0.02131111111108743 0.042322222222175195 0.08141111111102066 0.1447444444442836 0.03674444444440362 0.02779999999996911 0.012033333333319962 0.015333333333316296 0.007522222222213864 0.010599999999988221 0.007966666666657815 0.014188888888873123 0.011233333333320852 0.01907777777775658 0.037011111111069986 0.3950777777773388
0.036549413735282164 0.03328308207699617 0.012127303182559251 0.012093802345038368 0.010837520938005296 0.007922948073688572 0.006532663316571972 0.007219430485750051 0.007470686767156665 0.011306532663297644 0.017587939698463003 0.028760469011677118 0.03902847571182742 0.03594639865990629 0.023467336683377776 0.016214405360106845 0.009162479061961201 0.008140703517574304 0.005896147403675216 0.004723618090444349 0.0035343383584530413 0.005075376884413609 0.0062479061976444756 0.02860971524283315 0.030670016750367388 0.5915912897812536
0.02862646566159359 0.025896147403641715 0.011691792294787786 0.008107202680053422 0.006180904522602712 0.005159128978215814 0.006130653266321389 0.007269681742031374 0.009363484087086493 0.011792294807350431 0.01475711892794848 0.05036850921264595 0.13556113902824865 0.07097152428798832 0.01618090452258596 0.01072026800668221 0.004304857621433325 0.00544388609714331 0.002948073701837608 0.004371859296475089 0.004656616415402585 0.005544388609705956 0.008458961474022681 0.020670016750384136 0.02164154103848971 0.5031825795636462
0.02192513368980049 0.022139037433115617 0.01188948306593246 0.008787878787863123 0.00855614973260507 0.006631016042768928 0.006096256684481112 0.005151515151505969 0.0068805704099699095 0.011176470588215371 0.015151515151488144 0.021247771835969254 0.03370766488407539 0.028520499108683563 0.01657754010692232 0.013654188948282256 0.0074153297682577266 0.009340463458093867 0.006595365418883074 0.006131907308366966 0.005044563279848405 0.008235294117632378 0.011319073083758789 0.038538324420608665 0.12368983957197204 0.5455971479491166
0.023629629629594622 0.022977777777743735 0.012133333333315358 0.010518518518502936 0.01002962962961477 0.008518518518505899 0.008414814814802348 0.00837037037035797 0.011555555555538437 0.01700740740738221 0.026948148148108225 0.04737777777770759 0.06565925925916198 0.059140740740653126 0.03357037037032064 0.023733333333298173 0.01235555555553725 0.010014814814799978 0.006474074074064483 0.006992592592582233 0.005851851851843183 0.007362962962952055 0.011792592592575122 0.02066666666663605 0.024014814814779236 0.5048888888881409
0.03371859296476764 0.03515912897816556 0.011373534338339408 0.007487437185917107 0.004003350083745388 0.0039028475711827422 0.0038693467336618605 0.004371859296475089 0.005711892797310365 0.006214405360123594 0.010385259631473392 0.061172529313130365 0.09522613065310682 0.06172529313222491 0.01614740368506508 0.008559463986585327 0.003031825795639813 0.003634840871015687 0.002093802345055119 0.002847571189274962 0.003634840871015687 0.006013400334998302 0.009195979899482084 0.022881072026762345 0.02618090452256921 0.551457286431237
0.013921130952370594 0.01918898809522382 0.003764880952378151 0.003095238095235792 0.0028050595238074366 0.004032738095235094 0.004144345238092154 0.007172619047613711 0.00990327380951644 0.01594494047617861 0.019427083333318877 0.02878720238093096 0.03281994047616606 0.036056547619020794 0.026547619047599294 0.026577380952361177 0.01706845238093968 0.017790178571415335 0.01170386904761034 0.012313988095228934 0.010438988095230329 0.015327380952369548 0.01978422619046147 0.03683779761902021 0.049739583333296325 0.5548065476186348
