0.02461500655302954 0.02074459370900077 0.01638269986890485 0.01464203800783371 0.014560124508489187 0.015317824377426036 0.014252948885947221 0.015850262123165444 0.01884010484924058 0.02275147444294161 0.03043086500649076 0.03802834207069539 0.037413990825611455 0.028239678899024737 0.014089121887258173 0.01269659239840126 0.01001392529486809 0.0132495085189768 0.009829619921342911 0.011160714285691431 0.008785222804700227 0.009870576671015173 0.012041284403645066 0.02672427916115104 0.027563892529432414 0.5319053079936683
0.028086862885826357 0.027772792534067916 0.011115847092593419 0.007885409188792304 0.006247756640337572 0.006359924623108444 0.006012203876518741 0.006831030150746107 0.007369436468046292 0.009724964106234605 0.011082196697762156 0.01860866834168767 0.026437993539094536 0.027155868628828118 0.014144382627406964 0.014649138549875887 0.010801776740834976 0.01267498205310854 0.008367731514707053 0.009803481694174216 0.008760319454405105 0.013078786791083678 0.01784592605884574 0.03864187006456542 0.05147388729355317 0.5990667623826733
0.015690376569012406 0.013051174766634935 0.007112970711285625 0.007660122304461441 0.007981976182800157 0.0070164145477840095 0.00732217573220579 0.015529449629843048 0.018410041840974556 0.029884132603749784 0.03905696813640319 0.06676858706136664 0.08147730930144596 0.10439330543916255 0.04892178950748484 0.038831670421566086 0.021757322175697202 0.02582877373668196 0.014032829095568019 0.018603154167977788 0.011409719987107483 0.01655938204052694 0.01383971676856479 0.01659156742836081 0.04343418088180973 0.30883488895991495
0.0375500667555959 0.030060914552674272 0.02221712283039424 0.02075684245656551 0.01915053404535391 0.01616738985310379 0.01616738985310379 0.014936582109448145 0.012746161548705053 0.013288551401841438 0.016960113484610816 0.026222463284324468 0.0286632176234382 0.025221128170841912 0.021507843791677427 0.018503838451229757 0.011181575433888556 0.011640520694234728 0.011035547396505684 0.012787883845100158 0.014310747663521547 0.015103471295028573 0.01648030707606709 0.02457443257671776 0.029622830440525653 0.5131425233634155
0.01935225741235817 0.021626516172461197 0.011666105121269234 0.009033861185964803 0.009665599730437867 0.010486859838252848 0.010465801886770414 0.013540262803205989 0.017857142857105254 0.02291105121288976 0.027649090296437733 0.03270299865222224 0.038809804582128515 0.027564858490507993 0.016635781671124 0.014972203504011598 0.01076061320752451 0.011518699460892186 0.008338948787044434 0.008802223719658013 0.007917789757395726 0.010444743935287978 0.010507917789735284 0.02114218328836518 0.024806266846308947 0.5808204177885343
0.013459915611795414 0.019099859352997045 0.008340365682126103 0.0050632911392333845 0.004163150492258561 0.004908579465534587 0.0056821378340285765 0.011181434599140392 0.011842475386762528 0.01763713080166296 0.02032348804497845 0.03426160337547924 0.03289732770740802 0.055850914205266035 0.025780590717263317 0.026976090014026757 0.017271448663829434 0.03448663853722295 0.01617440225032887 0.03036568213779133 0.020056258790407795 0.03219409282695894 0.022405063291107728 0.02537271448660285 0.13216596343160034 0.37203938115278196
0.01821628220777129 0.016192250851352258 0.014168219494933226 0.012449399216069445 0.011517702242479732 0.012786737775472616 0.014505558054336398 0.018392983357934857 0.023726145344689767 0.03460129795021107 0.049636959455038175 0.08467197841019618 0.08732249566264967 0.0800616847650195 0.04729165328013993 0.034681616654830875 0.022521364775392724 0.01795926235298792 0.01426460194047699 0.0117747220972631 0.009284842254049212 0.008931439953722078 0.009333033476821092 0.01232088928867776 0.017236394011409695 0.31615048512446803
0.03570626903954512 0.026599326599283952 0.018374218374188914 0.013708513708491729 0.012041045374359401 0.01018117684782719 0.012570145903459083 0.013243546576858676 0.015071348404657573 0.02207792207788668 0.03282026615354686 0.048885682218937174 0.056164822831399445 0.04664101330760519 0.027208593875216916 0.02323232323228598 0.018294051627355628 0.01519961519959083 0.010838544171860127 0.010582010581993616 0.011319544652859836 0.012938912938892193 0.01396504729835824 0.021260221260187173 0.02675966009295052 0.4443161776487986
0.02882767456752717 0.01957879564377887 0.00874839846250651 0.009869474695688121 0.011150704676467107 0.013412876361280003 0.012011531069802987 0.015594971172294213 0.015614990390743884 0.019258488148584125 0.022441543882081916 0.0332519218449046 0.04740550928882246 0.057615310698154995 0.028867713004426514 0.024783792440693498 0.012972453555387226 0.017216527866717617 0.009789397821889435 0.014033472133219824 0.009328955797546987 0.014734144778958331 0.01093049327352072 0.02308215887247141 0.03217088404862233 0.4873078155019072
0.01176658163261554 0.012914540816285349 0.01103316326527094 0.009406887755072044 0.0073341836734460005 0.0058673469387568004 0.009343112244868166 0.014094387755057097 0.015688775510154053 0.02056760204075074 0.0264030612244056 0.0426977040814965 0.08163265306096418 0.07126913265283397 0.028411989795827767 0.02276785714278454 0.011607142857105844 0.013456632653018314 0.007079081632630487 0.00771683673466927 0.005899234693858739 0.009088010204052652 0.014253826530566793 0.02547831632644937 0.03303571428560894 0.48118622448826154
0.03726353555113082 0.029721135029293622 0.01905984996734536 0.015920580560959064 0.014432485322866862 0.0159409654272343 0.015777886497032417 0.016491356816665664 0.0165117416829409 0.0205683300717128 0.024380300065181874 0.026113013698576906 0.021934116112153592 0.01830560991516164 0.013698630136958377 0.012230919765141408 0.007827788649690502 0.008622798434424692 0.006625081539451596 0.008235485975195215 0.008031637312442858 0.009968199608590248 0.01583904109585812 0.026989562948412038 0.029700750163018385 0.5598091976505223
0.04483852364468019 0.03308022555422101 0.02245931052155828 0.013920927848241187 0.010172369601419049 0.009018967063935315 0.010092272202982679 0.009339356657680797 0.00943547353580444 0.010044213763920857 0.01122965526077914 0.013856849929492092 0.013824810970117543 0.015170447263848566 0.009563629373302634 0.011341791618590058 0.007833525567077032 0.008442265795193447 0.005991285403040511 0.009099064462371685 0.012479174676386519 0.015250544662284938 0.01757336921693968 0.02598359605275858 0.038751121363516036 0.6112072279882558
0.02321818465372891 0.016531503431034524 0.011794291952565903 0.013704772301907156 0.013353867747946519 0.014075171553310053 0.01249610106048718 0.01427011852773263 0.015244853399845514 0.018032595134088364 0.02388100436676567 0.03661104179655995 0.045286182158364614 0.036279631940041565 0.019280255770392857 0.012905489706774591 0.008499688084824352 0.009143013100418857 0.006082345601984399 0.006121334996868915 0.00684263880223245 0.009162507797861114 0.012808016219563303 0.024095446038630505 0.11885917030544514 0.4714207735486755
0.039214453386906406 0.03454057679402553 0.013707243460735858 0.009263916834319954 0.007356639839018787 0.006727867203205215 0.006203890006693905 0.006266767270275263 0.0071051307846933575 0.008090207914134619 0.009452548625064025 0.012240107310504192 0.014273138832968072 0.016578638497617836 0.013204225352085002 0.013832997987898572 0.011129275653900214 0.01161133467469062 0.008341716968460049 0.009138162307157239 0.009075285043575881 0.011296948356783834 0.01444081153585169 0.0259683098591005 0.030579309188400027 0.6503604963098374
0.03588821892386385 0.023480983302366493 0.023674242424196672 0.019287260358651654 0.015808596165708472 0.013624768089027472 0.014359152751982145 0.014436456400714216 0.017258039579434798 0.02307513914652312 0.03264146567711688 0.04272959183665211 0.04178262213968425 0.03724103277667509 0.02377087198511176 0.01665893630176125 0.010513296227561624 0.011808132343823809 0.01030071119354843 0.012001391465653986 0.01213667285093511 0.014958256029655692 0.017799165120559294 0.01907467532463846 0.03785946196653166 0.4578308596156891
0.030479379251619688 0.02875212585026373 0.021524234693820355 0.016315901360500863 0.013366284013569924 0.012914540816292213 0.012887967687040583 0.015385841836693809 0.015199829931932397 0.019292091836683428 0.02434098639449314 0.03489051870739028 0.04544005102028741 0.03709608843527557 0.024473852040751292 0.019796981292464398 0.013259991496563404 0.013499149659828074 0.01222363945574983 0.012542517006769392 0.013127125850305253 0.015252976190435658 0.013950892857105785 0.019292091836683428 0.02354379251694424 0.4911511479578785
0.040550595238011425 0.03461888227506072 0.019386574074034005 0.014550264550234478 0.010106646825375936 0.007502480158714652 0.007791832010565906 0.007171792328027505 0.0062830687830557974 0.00826719576717868 0.008101851851835106 0.01147073412696042 0.014570932539652423 0.016761739417954776 0.00977595899468879 0.010954034391511751 0.007275132275117239 0.009920634920614417 0.006055720899458383 0.008246527777760734 0.0072131283068633985 0.010230654761883617 0.015418320105788239 0.029803240740679145 0.034866898148076086 0.6431051587288296
0.026576684185340156 0.023381509794518363 0.016140109890085793 0.014796344959366346 0.014438007644507827 0.013333134257027392 0.01309424271378838 0.015393573817463877 0.02045508838984046 0.024904443382667067 0.030772216913475314 0.04171643573811258 0.04661371237451234 0.035520186335350694 0.01993251313900512 0.014975513616795605 0.010003583373133654 0.008794194935486152 0.007763975155267911 0.010272336359277543 0.009749761108442204 0.009988652651681217 0.011018872431899458 0.02262004300044401 0.029398590539850993 0.5083462732911664
0.02806122448973999 0.022839604591791216 0.016681281887721857 0.01363201530609528 0.009805484693858009 0.008589764030595125 0.007832429846923165 0.009725765306103066 0.0110809948979371 0.014967315050990578 0.023018973214239836 0.03806600765298536 0.050103635203981776 0.04882812499990269 0.028439891581575973 0.026008450255050206 0.016920440050986685 0.020467952806081657 0.012416294642832398 0.01287468112242332 0.010682397959162383 0.014329559948951033 0.013193558673443092 0.015565210459152653 0.04143415178563171 0.48443478953985086
0.030794072948269767 0.025417933130650803 0.01183510638295624 0.00974544072946477 0.009251519756821331 0.008871580547095609 0.010695288753779075 0.01354483282672199 0.01675531914890434 0.01837006079023866 0.020573708206647848 0.02469604863217193 0.028761398176237154 0.030813069908756055 0.022492401215762743 0.018825987841909524 0.014209726443742002 0.013354863221859128 0.010353343465025925 0.009859422492382485 0.009973404255300203 0.010695288753779075 0.013525835866235703 0.0267857142856634 0.031003039513618914 0.5587955927041056
0.03629889455772667 0.034996811224396795 0.019796981292464398 0.013446003401324813 0.009699192176844975 0.00794536564623739 0.007174744897940118 0.008981717687050963 0.009911777210858015 0.012197066326498201 0.014083758503363936 0.018494897959134525 0.0401254251699614 0.014455782312886757 0.00791879251698576 0.008397108843515102 0.004464285714273851 0.005978954081616765 0.004517431972777111 0.005872661564610244 0.005633503401345574 0.0073341836734498985 0.01195790816323353 0.03284438775501476 0.03637861394548156 0.6210937499983495
0.03933333333326778 0.03134999999994775 0.018549999999969084 0.015349999999974417 0.012316666666646138 0.012033333333313278 0.012399999999979334 0.013566666666644056 0.011733333333313778 0.013366666666644388 0.013583333333310695 0.019999999999966666 0.03181666666661364 0.022749999999962082 0.011399999999981 0.012033333333313278 0.008466666666652556 0.01034999999998275 0.007733333333320444 0.007999999999986667 0.008966666666651722 0.012083333333313195 0.01764999999997058 0.02624999999995625 0.03426666666660955 0.5746499999990422
0.022151389291313064 0.02136256801567764 0.011735728774249434 0.009433658520864429 0.007421359348325089 0.0074857529218463476 0.007550146495367606 0.011220580186079365 0.012315270935940766 0.018819021861587914 0.024276377217514605 0.058421069577162144 0.06465114781534394 0.08015390064058701 0.04003670433684273 0.02860684503681927 0.013715831160028146 0.014778325123128919 0.009369264947343171 0.009820019961991984 0.007340867381423515 0.009836118355372297 0.011735728774249434 0.017418461637500535 0.029508355066116893 0.4508355066157139
0.042176288323462624 0.03404272667964359 0.01471787345072016 0.012047455968664286 0.010437051532920669 0.010029354207415955 0.009356653620333177 0.01066128506194826 0.010253587736443547 0.01090590345725109 0.011068982387452974 0.014636333985619218 0.01626712328763807 0.01812214611868452 0.011965916503563344 0.012862850619673714 0.0083985649053971 0.009988584474865484 0.006665851272002067 0.008031637312442858 0.00764432485321338 0.008194716242644744 0.011925146771012873 0.029598825831642205 0.034919275929478716 0.6250815394638268
0.026586415816273544 0.01680086096935427 0.014429209183644712 0.013791454081605167 0.016063456632621046 0.01969068877547096 0.01955117984689981 0.02475286989790985 0.02939652423463529 0.0359733737244181 0.04520089285705277 0.05703922193866183 0.060706313775389216 0.0481106505101082 0.02983498086728748 0.02389588647954421 0.01911272321424762 0.017079878826496572 0.015206473214255408 0.015266262755071616 0.015884088010172423 0.018933354591799 0.01624282525506967 0.014050542091808732 0.022500797193832706 0.3638990752543768
0.04771383075509635 0.024994313011757863 0.01799931756136829 0.015553912647817464 0.010748407643281539 0.011146496815254928 0.011971110100056952 0.013677206551371482 0.017345313921697723 0.01666287534117191 0.021468380345707836 0.027525022747874415 0.03287079162865995 0.029970427661425242 0.02155368516827356 0.016122611464922307 0.011061191992689203 0.012681983621438006 0.011174931756110172 0.012824158325714216 0.010862147406702508 0.01219858962689889 0.013847816196502934 0.019364194722419913 0.025904231119125612 0.5327570518638172
0.017578124999964966 0.018734056122411642 0.012814891581607113 0.01159917091834423 0.013014190050994471 0.014090401785686204 0.015744579081601272 0.019192442602002566 0.020368303571387976 0.025729432397907905 0.03077168367340806 0.042769451530527004 0.05402981505091273 0.0473333864794975 0.02632732780606998 0.022879464285668685 0.015684789540785067 0.01709980867343531 0.01183832908160906 0.010921556122427213 0.009127869897940993 0.009885204081612952 0.011340082908140665 0.01823580994894325 0.031887755101977264 0.4710020727031429
0.022574123989170792 0.02609080188673751 0.008991745282999933 0.005201314016161554 0.0037483153638735085 0.00383254716980325 0.004464285714276314 0.0066332547169671635 0.007707210242571371 0.009497136118578383 0.012213611859812555 0.023079514824749243 0.04586421832874439 0.04655913072766476 0.02310057277623168 0.018825808625297282 0.010023584905639269 0.015877695417756323 0.0064647911051076805 0.00983406334229735 0.008970687331517497 0.015267014824765694 0.021415936657636844 0.04354784366567649 0.05795148247966233 0.542263308624195
0.039620535714233074 0.025722789115612082 0.0178438562924933 0.01611660289113505 0.014947385204061773 0.012356505102024398 0.01306069302719353 0.01620960884351588 0.016980229591814174 0.017338966836711656 0.018680909863920757 0.02454028486391297 0.03192761479587595 0.02570950255098625 0.015691432823108403 0.01593059098637339 0.011838329081616923 0.014030612244879318 0.011001275510189465 0.011798469387739426 0.009925063775497017 0.013193558673451858 0.015864158163244227 0.023716517857111347 0.031874468537372615 0.5340800382645965
0.0340093553760829 0.02601563501213313 0.013648596693557528 0.011181596821717318 0.010172369601419049 0.009467512495178989 0.008330129437382528 0.011950531846706474 0.012975778546692017 0.017381135460692393 0.019735998974721683 0.025807381776198565 0.033881199538584705 0.0349384851979448 0.02031270024346355 0.019559784698161668 0.014097142124801202 0.01662821991539051 0.01158208381389917 0.01174227861077191 0.010813148788910014 0.01683647315132507 0.01733307702163057 0.023724849416852933 0.033480712546402856 0.5343938228877765
0.020149075255061884 0.021863042091793163 0.01377152423466643 0.014269770408134826 0.010463169642836289 0.008988360969369842 0.008769132653043748 0.012177136479567568 0.01789700255098474 0.023497289540769496 0.03796635841829168 0.06246014030599797 0.08225047831616261 0.05687978316315195 0.03617267219380546 0.02547034438770434 0.017717633928536116 0.014190051020379882 0.010901626275488477 0.009885204081612952 0.007932079081616845 0.008789062499982483 0.009725765306103066 0.01709980867343531 0.022042410714241782 0.4286710778052681
0.02534084887021994 0.02139037433151645 0.012814953991404001 0.00865571453805358 0.007868831398230526 0.0073710073709955335 0.007146183616760376 0.014790191260755745 0.015111368052520256 0.02167943344410451 0.02161519808575161 0.03223009105356871 0.04011498129138746 0.06749530278931204 0.023044434809103686 0.030832972009393084 0.01368213132916818 0.037417096240565564 0.014533249827344136 0.027669380610512648 0.01368213132916818 0.02969279439862907 0.020539255833340497 0.023686788392632708 0.09469897705176615 0.3668963080721895
0.014695006270274454 0.015161259204451652 0.004919772339938712 0.0035210135374071174 0.0030386829158444988 0.003971188784198895 0.004501752467917776 0.011479468793190329 0.01101321585901313 0.018312485931994096 0.02183349946940121 0.03292710376534145 0.03979227627891605 0.07442361490711209 0.02435769638891225 0.029856265474726106 0.011383002668877805 0.036721437988300715 0.01152770185534659 0.025772532878829267 0.01204218785168005 0.027766166114621425 0.016978037879004183 0.025241969195110386 0.1183157014693104 0.40044695970867156
0.011654253409893603 0.01122801507536429 0.009478194544138686 0.009926866475222175 0.011014895908099634 0.01395369705669648 0.016612078248366146 0.023387024407726817 0.028367282842753538 0.03867552045939668 0.052674084709201506 0.08290335606595152 0.10189339554906016 0.08822011844929085 0.04500179468767386 0.029803033022220697 0.020279971284973664 0.015344580043055294 0.011183147882255941 0.010364321608028575 0.009051956209609373 0.00901830581477811 0.008390165111261227 0.011732770997833214 0.014121949030852789 0.3157192211051735
0.019365079365040942 0.017321428571394203 0.011111111111089065 0.00841269841268172 0.006884920634906974 0.008928571428553713 0.010337301587281076 0.016507936507903755 0.018690476190439106 0.027499999999945436 0.04797619047609528 0.10416666666645999 0.12492063492038706 0.10793650793629378 0.04751984126974698 0.024206349206301176 0.011507936507913675 0.009345238095219553 0.00587301587300422 0.006388888888876213 0.005277777777767306 0.0070634920634780485 0.007738095238079884 0.013353174603148108 0.01466269841266932 0.31700396825333926
0.03252118644062875 0.029434019370415506 0.014452179176733576 0.01150121065373562 0.012363801452765793 0.012787530266324475 0.01159200968521248 0.013725786924918696 0.014497578692472007 0.015556900726368708 0.015299636803850939 0.01632869249392202 0.017100484261475334 0.017675544794162112 0.0111682808716538 0.010063559322018668 0.007203389830497574 0.007551452784492204 0.006355932203380212 0.007521186440666584 0.008262711864394276 0.01122881355930504 0.014028450363174896 0.02713377723966838 0.03173426150116263 0.6229116222750863
0.04176311728388348 0.03308256172834188 0.01554462448557172 0.01176697530862306 0.01028806584360486 0.009018132716034886 0.010497042181053084 0.008953832304512355 0.008953832304512355 0.012811856995864178 0.01790766460902471 0.021524562757167045 0.021572788065808944 0.021283436213957556 0.016091177983513227 0.01400141460903099 0.010223765432082331 0.009950488683111576 0.00705697016459771 0.00644611625513367 0.005996013374475958 0.008391203703690215 0.013470936213970115 0.025961291152221642 0.03483474794233083 0.6026073816862741
0.03584747942381069 0.025736239711892785 0.01419431584359858 0.009902263374469679 0.011188271604920285 0.010818544238665736 0.011638374485578 0.013374485596686319 0.01617155349791639 0.019692001028774928 0.026845421810656432 0.031571502057562414 0.029385288065796385 0.029690715020528405 0.019113297325072155 0.017071759259231815 0.011927726337429386 0.012072402263355079 0.009050282921796151 0.009805812757185882 0.007941100823032503 0.010545267489694983 0.014644418724256295 0.0203671553497615 0.02681327160489517 0.5545910493818246
0.023377710459137082 0.02010921556118441 0.013711734693850224 0.012894610969362057 0.014887595663235635 0.015983737244866104 0.017000159438741627 0.022979113520362367 0.024493781887706286 0.027622767857087806 0.03252551020401681 0.05339205994887318 0.08039700255086017 0.06650589923456134 0.03812579719380157 0.029157366071370462 0.02258051658158765 0.022979113520362367 0.017478475765271288 0.016701211734660593 0.015106823979561729 0.013512436224462866 0.013432716836707922 0.012555803571403549 0.023696588010156856 0.34879225127481506
0.036133333333273114 0.03229999999994616 0.02173333333329711 0.013216666666644639 0.011299999999981167 0.009166666666651389 0.008933333333318444 0.009066666666651556 0.010716666666648805 0.012433333333312611 0.01618333333330636 0.027816666666620304 0.03338333333327769 0.031099999999948166 0.017349999999971083 0.013583333333310695 0.008749999999985417 0.009033333333318279 0.007916666666653471 0.01126666666664789 0.012466666666645889 0.015416666666640972 0.017766666666637055 0.0272999999999545 0.03159999999994733 0.5540666666657432
0.028712744090395825 0.02718717882832222 0.014340313463491874 0.011514003083229198 0.01002055498456767 0.009827852004095215 0.009667266187034835 0.012493576567297512 0.013505267214777902 0.015400179856090377 0.021550616649502904 0.032502569373020776 0.04708376156210322 0.0330646197327321 0.020089285714253453 0.01475783658784886 0.01281474820141827 0.011642471736877501 0.009731500513858987 0.008992805755381241 0.009538797533386531 0.009683324768740873 0.011048304213754098 0.023718525179818026 0.030800359712180755 0.5503115364842139
0.02924173812501326 0.02105212448209357 0.015319394932049781 0.01512669814045167 0.012348652728245578 0.015158814272384689 0.015592382053480437 0.01894851784048086 0.02098789221822753 0.024103157015730316 0.02383016989429966 0.034396377300262716 0.043340720043608345 0.046102707389847924 0.02384622796026617 0.02524327969935247 0.01875582104888275 0.018434659729552567 0.014098981918595082 0.01512669814045167 0.013231846356403584 0.015030349744652616 0.01658798214340401 0.020859427690495456 0.03450878376202828 0.4487265953681332
0.032166772959119565 0.022221779336690405 0.01841517857139187 0.015844228316294954 0.013651945153034016 0.013970822704053788 0.012376434948954925 0.014030612244869995 0.016402264030579556 0.01955117984689981 0.028439891581575973 0.04288903061215942 0.05845424107131207 0.04591836734684726 0.026805644132599636 0.019052933673431416 0.013392857142830452 0.013193558673443092 0.011200573979569514 0.011898118622425267 0.010363520408142611 0.012077487244873888 0.01277503188772964 0.018335459183636927 0.02471301020403238 0.4718590561215086
0.02877976190467625 0.02458333333326017 0.014642857142813562 0.01574404761900076 0.01443452380948085 0.014791666666622643 0.013988095238053607 0.01717261904756794 0.021696428571363998 0.022857142857074828 0.029136904761818044 0.03907738095226465 0.04458333333320064 0.03886904761893194 0.0318154761903815 0.03065476190467067 0.02410714285707111 0.018303571428516952 0.012827380952342775 0.011279761904728333 0.009077380952353937 0.008214285714261266 0.010863095238062908 0.015654761904715313 0.021428571428507653 0.4654166666652815
0.04318550767406437 0.029755755607973444 0.018189197166436338 0.014130755608002267 0.012747195985808833 0.013890938606822072 0.01477641676502587 0.016805637544242906 0.018004722550143883 0.02045823494683357 0.02250590318767985 0.027210005903137525 0.0247011511215601 0.02888872491139889 0.019572756788629773 0.018115407319919355 0.013540436835866403 0.014352125147553216 0.013060802833506012 0.01267340613929185 0.011418978748503138 0.013558884297495648 0.014850206611542852 0.019904811097956197 0.03881345926793312 0.5048885773308277
0.020795660036136986 0.021078209764888847 0.01315268987339914 0.011923598553328543 0.009931622965627922 0.01024242766725497 0.010906419529821843 0.012333295660018742 0.014650203435784005 0.018761301989123586 0.023013675406839098 0.03327023056053166 0.04022095388782745 0.04152068264008601 0.02468071880647508 0.021756329113893313 0.013082052441211174 0.016599796564171848 0.00899920886074678 0.012333295660018742 0.010411957504506086 0.01435352622059455 0.015639127486415518 0.027294303797429795 0.10570185352607128 0.4473468580463843
0.03860703159763211 0.026118157543354864 0.019526034712923444 0.017898865153513157 0.01545115709833187 0.017203493546927566 0.01521473075209277 0.017398197596771532 0.01693925233642504 0.018455162438781633 0.01941477525586975 0.02472741433018368 0.029428126390702285 0.028913551401828948 0.018788940809942718 0.0175929016466155 0.01379617267465816 0.015325990209146465 0.01260013351133094 0.01424121050287294 0.012753115264779772 0.014296840231399788 0.017578994214483785 0.02136181575430941 0.03846795727631499 0.4978999777474161
0.04038718291046314 0.03596461949258185 0.0146445260346824 0.009283210947911208 0.007071929238970561 0.005861982643512471 0.0067590120160072615 0.00878254339116993 0.01011765687581334 0.01216204939917356 0.014206441922533782 0.0258052403203734 0.031500333778305446 0.026285046728917127 0.016021361815720916 0.013413718291026756 0.008928571428552802 0.010555740987961958 0.007071929238970561 0.006738150867809709 0.005778538050722258 0.007301401869143647 0.008386181575416417 0.027849632843733624 0.03279372496655375 0.6063292723618859
0.007068046006542652 0.005509863136918477 0.0032930668894119177 0.002586262288757652 0.002602326029681613 0.003277003148487957 0.003421576816803602 0.005702628028006003 0.006682516224367599 0.009734626999920108 0.00841740024415534 0.012947375184712222 0.014923215318359372 0.057829467326258065 0.011453447278783889 0.02465784231827948 0.008899312471874157 0.03844053203103765 0.007903360534588602 0.02379040030838561 0.008899312471874157 0.024754224763823243 0.00979888196361595 0.010296857932258728 0.5267621923785151 0.16034826190297444
0.010231481481469639 0.009247685185174482 0.004189814814809965 0.004201388888884026 0.004583333333328029 0.004351851851846815 0.004363425925920875 0.007291666666658227 0.00954861111110006 0.014212962962946513 0.01685185185183235 0.03158564814811159 0.04178240740735905 0.07702546296287381 0.02611111111108089 0.034050925925886516 0.017337962962942894 0.039212962962917576 0.013784722222206268 0.027233796296264774 0.012581018518503958 0.02643518518515459 0.013564814814799115 0.017164351851831985 0.28381944444411594 0.24923611111082264
0.027817150956723442 0.020826621995971868 0.015446813993918809 0.015334063526809912 0.012805231621653236 0.011065652986258834 0.011629405321803316 0.01547902841309278 0.018458862186685042 0.021728625732843038 0.026866825591091315 0.046243798724234515 0.05892017266919187 0.04318342890270733 0.026399716513068747 0.021245409445233482 0.014657560724156533 0.01580117260483248 0.012466980220326546 0.016284388892442037 0.011742155788912212 0.016123316796572185 0.012837446040827205 0.018781006378424746 0.05217125185224507 0.4356839121183627
0.033111988513961424 0.03132851758790456 0.011115847092593419 0.006943198133516979 0.006573043790373101 0.006000987078241654 0.006292623833445921 0.008188262742273657 0.008838837042344717 0.011216798277087202 0.016466259870764013 0.027436288585755298 0.034794508255524506 0.029488962670462256 0.016656945441474495 0.012977835606589893 0.008435032304369577 0.008345297918152878 0.005238244795399724 0.005473797559218555 0.003948312993534695 0.006853463747300281 0.009713747307957517 0.030419956927460495 0.04108713208897043 0.613054109834201
0.025206367924475222 0.020489386792409685 0.01408776954174931 0.012487365229084215 0.012908524258732925 0.012276785714259861 0.011076482479761042 0.013477088948758683 0.017667621293763335 0.021858153638767988 0.02682783018862275 0.05018109838264365 0.06287904312655222 0.049865229110407125 0.02225825471693426 0.017351752021526803 0.009433962264131077 0.011708221024234106 0.005517183288398085 0.00739134097033484 0.004443227762793878 0.009307614555236465 0.011602931266821928 0.02449039757407242 0.07820923180576522 0.44699713611765707
0.034129692832725676 0.028293515358329586 0.015073947667787174 0.012002275312841863 0.010273037542650429 0.00957906712171834 0.01060295790670011 0.012241183162670944 0.014288964732634484 0.016996587030697386 0.024982935153555194 0.03778156996582732 0.042548350398131346 0.03472127417515959 0.022150170648438966 0.016689419795202855 0.011251422070521898 0.010932878270749792 0.008805460750843225 0.008873720136508676 0.009044368600672304 0.01055745164958981 0.01312855517632181 0.02451649601817461 0.027690557451618098 0.5328441410687909
0.03542579075417171 0.02201946472014107 0.016350364963463867 0.015498783454950125 0.016666666666626116 0.01732360097319386 0.016423357664193616 0.017420924574166857 0.018929440389248348 0.02111922141114083 0.027250608272439778 0.038004866179956194 0.03953771289528093 0.04007299270063242 0.026180048661736788 0.024136253041303804 0.01717761557173436 0.01727493917270736 0.013090024330868394 0.01233576642332765 0.01116788321165166 0.011289537712867908 0.010194647201921668 0.01737226277368036 0.025401459853952795 0.4723357664222084
0.03276466836728164 0.028858418367289425 0.020647321428530277 0.01789700255098474 0.01723931760200646 0.014668367346909541 0.01387117346936011 0.015365911989765293 0.01727917729588393 0.020049426020368206 0.021125637755059937 0.02485251913260353 0.027762276785658957 0.026207748724437565 0.018136160714249568 0.016880580357109213 0.012535873724464812 0.013213488520381829 0.010861766581611006 0.012197066326506304 0.010243941326510197 0.01586415816323369 0.019351881377512453 0.023437499999953287 0.027303890306068033 0.521384725764267
0.0472980563980816 0.03505224132114361 0.017381674611171488 0.011700130001425682 0.009661835748776763 0.008474168231485267 0.007703789301350243 0.007463045885683048 0.007479095446727528 0.010030975652799796 0.011684080440381203 0.014926091771366097 0.015375479480611527 0.017461922416393886 0.00935689408893165 0.009100101112219976 0.006130932318991236 0.007463045885683048 0.005633395926612365 0.005312404705722772 0.006098833196902276 0.010287768629511472 0.014797695283010259 0.029065755051552688 0.03901648289913009 0.6360441041927295
0.019139078805304136 0.018689276718222958 0.013167956099301494 0.012549478229564873 0.013167956099301494 0.013111730838416345 0.013280406621071788 0.014854713925855911 0.017868387909299805 0.024030676502311946 0.03409499820075331 0.0556967434328269 0.07155226700243843 0.06509760705282353 0.04139303706364543 0.02877608852101838 0.020308564231715197 0.016496491543702214 0.012144656351191812 0.011110111550905103 0.008714915437197828 0.009490824037412861 0.010379183159398188 0.015653112630425004 0.018082043900663366 0.4211496941341072
0.029956371753170768 0.025339894480455205 0.021129261363582768 0.021763392857087654 0.02386870941552387 0.016893262986970137 0.014965503246715287 0.018846387986965182 0.023031655844097422 0.026202313311621848 0.029296874999925688 0.0347250405843275 0.039721996753146 0.03302556818173441 0.020241477272675928 0.01521915584411724 0.010780235389583046 0.010856331168803631 0.011109983766205585 0.013747970779185907 0.01174411525971047 0.011947037337632034 0.014407467532430987 0.026506696428504194 0.029575892857067836 0.46509740259622284
0.02430680186644797 0.020481873653961234 0.01566986719309082 0.01599515434312635 0.014222900215346574 0.015221195262007334 0.014144382627406964 0.017105617372557985 0.019472361809023384 0.023420674802558078 0.03079011127060437 0.04167040559937896 0.05298815506095995 0.04396984924618184 0.02730168700643025 0.019999551328046483 0.013987347451527741 0.010039034457993047 0.0076610732232505595 0.007470387652540077 0.006561826992096014 0.008076094759502786 0.010409188801136924 0.02080716080399676 0.024127333094014575 0.4940999641056913
0.05182162822069681 0.0404163721646848 0.01789500738929208 0.008353145280459499 0.004851249759036093 0.003534023003271326 0.003614341707891129 0.0028593458844649823 0.003019983293704588 0.004015935230990144 0.005509863136918477 0.00701985478377077 0.007228683415782258 0.009654308295300305 0.004915504722731935 0.005493799395994516 0.0030521107755525087 0.005509863136918477 0.003003919552780627 0.003807106598978656 0.0035982779669671686 0.007871233052740682 0.014328856904172831 0.03326800745352235 0.046279637601930414 0.6990779412698402
0.028164088215873594 0.030097926267219185 0.0173428242264291 0.01287853851215257 0.008969716919007222 0.00787936142197194 0.00785878867674486 0.009340026333094676 0.012672811059881762 0.01705480579324997 0.02411125740613868 0.03647547728761423 0.04540404871616729 0.02968647136267757 0.015408986175083506 0.00968976300195505 0.008249670836059394 0.008290816326513555 0.006418696510849205 0.007406188281749082 0.009833772218544614 0.012220210664885985 0.01654048716257295 0.021848255431159792 0.02125164581957445 0.5749053653707725
0.03015385841830725 0.022919323979546158 0.016202965561192197 0.012695312499974699 0.012216996173445039 0.01235650510201619 0.01277503188772964 0.013133769132626885 0.013831313775482638 0.019292091836696244 0.025450414540765603 0.04209183673460999 0.059630102040697484 0.03818558673461778 0.01855468749996302 0.014229910714257355 0.009805484693858009 0.010522959183652498 0.008549904336717654 0.0091876594387572 0.00819116709182041 0.010204081632632724 0.014449139030583447 0.02553013392852055 0.03264508928564922 0.5071946747438871
0.02754304846933286 0.021922831632609368 0.015126753826500465 0.01614317602037599 0.014190051020379882 0.014209980867318618 0.015784438775478745 0.01979033801016464 0.02295918367342363 0.025928730867295264 0.028519610969330915 0.03944116709175813 0.056501116071315964 0.04282924107134321 0.024932238520358474 0.02230149872444535 0.01841517857139187 0.017000159438741627 0.012575733418342283 0.014110331632624939 0.012655452806097226 0.013572225765279073 0.015545280612213917 0.01923230229588004 0.021524234693834653 0.4472456951521699
0.034387065636996485 0.03249678249671715 0.012729247104221506 0.008425836550819608 0.007681788931773484 0.0068774131273992975 0.006475225225212204 0.006475225225212204 0.006575772200758977 0.008023648648632514 0.00973294723292766 0.01309121621618989 0.018098455598419202 0.019325128700089837 0.010778635778614104 0.009793275418255724 0.005509974259963179 0.006213803088790593 0.003981660231652225 0.00400176962676158 0.004645270270260929 0.00762146074644542 0.00977316602314637 0.02489543114538108 0.03022442084936007 0.6921653796639877
0.02670719669774463 0.02141286791095947 0.01150843503229147 0.008872487437175978 0.007156317300781635 0.007302135678383769 0.006629127781758537 0.007885409188792304 0.009455760947584511 0.011800071787495738 0.01566986719309082 0.02181667264893461 0.026639895908082106 0.03472720746586198 0.01566986719309082 0.015367013639609468 0.00962401292174082 0.01387517946875687 0.006988065326625327 0.010880294328774586 0.008524766690586274 0.015209978463730248 0.01961818018662552 0.03647702799708758 0.0976422290020441 0.5325399318012691
0.05172001911124623 0.039760511227843166 0.013258480649765201 0.0077938365981727875 0.00628583373147652 0.004524008600088802 0.0033146201624413003 0.0044344242713741724 0.005285475394163155 0.0057483277591887415 0.007345914954599638 0.007599737219291089 0.008346273291913004 0.010526158623968995 0.0069875776397411195 0.008570234113699579 0.005046583850924142 0.00637541806019115 0.004404562828469296 0.005046583850924142 0.004703177257518062 0.006226110845666767 0.011123387482066526 0.031981605351122815 0.04071607740079922 0.6928750597218513
0.030562663327505332 0.027704431620190206 0.012433307926820807 0.011187935540062073 0.011119882404173618 0.011902493466890854 0.010697952961665194 0.012174706010444677 0.014576981707307153 0.019721798780474382 0.023764155052248635 0.03320312499997741 0.039906358884990265 0.03265869991286976 0.02179061411148343 0.018027275696851842 0.013454104965147639 0.011875272212535473 0.009622713414627598 0.010364492595811762 0.008880934233443433 0.010691147648076348 0.01346771559232533 0.02375734973865979 0.029623530052244648 0.5368303571424918
0.030449231261950573 0.0250640614989889 0.014013452914770153 0.01289237668158854 0.014393818065313913 0.01655589365787845 0.014934336963455048 0.01717648942981827 0.01839766175524824 0.021620755925645378 0.02614509929527117 0.037135650224140906 0.04974775784743404 0.037916399743678095 0.023462524023015168 0.01741672005121433 0.010970531710420062 0.010730301089024003 0.009048686739251584 0.009629244074292062 0.009889493914137792 0.011831358103755943 0.014053491351669495 0.021100256245953915 0.028887732222876186 0.49653667520720585
0.03196706143589941 0.0250508882308821 0.016353626942967353 0.014665062916324332 0.013994263508479843 0.012490747594345646 0.012421354552154837 0.015821613619504484 0.017857142857101552 0.020447816432225093 0.024657660991800848 0.033285529237524786 0.043948926720845785 0.03083364174678286 0.023200407105793856 0.017764618800847138 0.01480384900070595 0.012745188749045278 0.00964563286452247 0.009992598075476516 0.008766654330105554 0.013022760917808514 0.015752220577313673 0.020679126572861122 0.027271465580987992 0.5125601406353799
0.046553497942312 0.027038323045224025 0.020463605967045294 0.014387217078166172 0.009837962962947148 0.009837962962947148 0.0087287808641835 0.00916280864196058 0.010111239711917902 0.012297453703683936 0.01604295267487133 0.021251286008196292 0.025189686213951276 0.025366512345638234 0.01511059670779464 0.01406571502055352 0.01109182098763649 0.011252572016442816 0.009307484567886272 0.00929140946500564 0.009709362139902087 0.012795781892983546 0.01536779835388476 0.0231802983538722 0.0347704475308083 0.5777874228385773
0.037747130101965586 0.03396045918360579 0.013352997448952979 0.010423309948958818 0.008749202806105012 0.008250956632636617 0.007852359693861902 0.008689413265288805 0.009107940051002256 0.009406887755083294 0.010064572704061574 0.014289700255073562 0.01965082908159349 0.018614477040779228 0.012575733418342283 0.010542889030591232 0.008589764030595125 0.008470184948962711 0.006556919642844075 0.007274394132638563 0.0066764987244764895 0.007035235969373734 0.01060267857140744 0.028240593112188614 0.03186782525503853 0.6514070471925792
0.017766497461898872 0.019137055837531072 0.006040609137045617 0.005888324873086484 0.005803722504220298 0.003214890016915034 0.0029780033840897157 0.0057529610829005874 0.0071404399323060225 0.012216582064277129 0.014247038917065571 0.022910321488962927 0.028138747884893164 0.04962774957690418 0.01935702199658315 0.023993231810450096 0.010575296108273138 0.02868020304563675 0.01021996615903516 0.022284263959353158 0.012470389170875685 0.02521150592212316 0.018172588832456562 0.028392554991491722 0.17177664974590223 0.42800338409403044
0.03871173469375411 0.03016581632643442 0.01884566326524603 0.01588010204076569 0.014158163265260974 0.0132015306122028 0.014253826530566793 0.015210459183624967 0.015720663265255994 0.022257653061153515 0.024394132652983437 0.03587372448968153 0.04142219387741893 0.040752551020278215 0.032142857142754645 0.025063775510124158 0.018558673469328574 0.017410714285658765 0.013871173469343523 0.013073979591795045 0.009056122448950713 0.011511479591800027 0.012340561224450444 0.01731505102035295 0.026179846938692027 0.46262755101893294
