0.0483363363363073 0.042906906906881134 0.01106306306305642 0.005903903903900358 0.004168168168165664 0.003075075075073228 0.0023843843843829524 0.002906906906905161 0.0025945945945930362 0.0027807807807791107 0.003099099099097238 0.0038318318318295306 0.0047327327327298906 0.005195195195192075 0.002858858858857142 0.003345345345343336 0.0020600600600588228 0.003039039039037214 0.0022942942942929165 0.0033933933933913553 0.0032432432432412954 0.005651651651648258 0.010456456456450176 0.036288288288266496 0.043963963963937557 0.7404264264259818
0.03886093640807906 0.02246680642905488 0.015779175401805883 0.01531795946889216 0.014507337526195313 0.014675052410891213 0.014290705800129776 0.014661076170499887 0.015220125786152885 0.019364081062180738 0.022403913347293917 0.03006988120193566 0.03132774283715491 0.035681341719052635 0.020789657582095885 0.021167016072661658 0.015087351502435299 0.02010482180292096 0.013633822501737503 0.0143605870020864 0.012683438155127406 0.014807826694608799 0.01683438155135092 0.022900069881185953 0.04591194968550251 0.47709294199826896
0.04449249249246577 0.04001201201198798 0.010726726726720284 0.006252252252248497 0.005339339339336132 0.004516516516513804 0.0042222222222196865 0.004216216216213684 0.004264264264261703 0.005621621621618245 0.007933933933929169 0.012024024024016802 0.01581981981981032 0.01579579579578631 0.007783783783779109 0.006864864864860742 0.004462462462459783 0.004570570570567825 0.0031831831831812714 0.0035315315315294104 0.0038318318318295306 0.005363363363360142 0.007519519519515004 0.03643243243241055 0.042732732732707064 0.6924864864860706
0.04555510430915944 0.04125475589944729 0.009187168690149251 0.004325731019151269 0.002585018382352596 0.0019932028043772986 0.0016926192715456016 0.0017033066860462842 0.00185293048905584 0.0022456929719559243 0.002773384062927126 0.003589635345416757 0.004678415697673794 0.004794641330368716 0.003118053180574139 0.002965757523939412 0.002194927753077682 0.0025342531634743536 0.0021535140218875374 0.00256097169972606 0.002933695280437365 0.0050364440834466595 0.010014107387139565 0.03872584644322328 0.04356991706565765 0.7559609054376555
0.04283733333331049 0.04088533333331153 0.0073119999999961 0.003589333333331419 0.0022719999999987884 0.002159999999998848 0.00207466666666556 0.0032799999999982505 0.0033546666666648775 0.004410666666664315 0.005183999999997235 0.008495999999995469 0.012127999999993531 0.013349333333326214 0.007333333333329422 0.006378666666663264 0.003503999999998131 0.0035199999999981227 0.0019039999999989846 0.00196266666666562 0.002053333333332238 0.0034666666666648177 0.007765333333329192 0.03769066666664656 0.04309866666664368 0.729989333332944
0.045951434878566906 0.04139072847680292 0.008816777041938713 0.004437086092713273 0.0029845474613673355 0.0024415011037516813 0.0020441501103743735 0.0019690949227364374 0.0025695364238399253 0.0032362030905062973 0.004684326710814709 0.0067991169977894925 0.00787637969094575 0.008066225165559352 0.005456953642381697 0.005152317880792427 0.0034701986754951566 0.004384105960262965 0.003624724061808554 0.004101545253861324 0.00380132450330958 0.005695364238408081 0.009960264900657854 0.03703311258276511 0.04494481236201106 0.7291081677700976
0.04546706586823625 0.0358023952095594 0.01582035928142765 0.009652694610772663 0.0066526946107744594 0.005323353293409986 0.004748502994009133 0.004712574850296579 0.005137724550895127 0.005275449101793248 0.005940119760475485 0.006742514970055843 0.007550898203588293 0.008065868263468223 0.0056407185628708735 0.005982035928140131 0.004508982035925444 0.005802395209577363 0.004437125748500337 0.005239520958080695 0.006083832335325699 0.009329341317359683 0.012934131736519201 0.03194610778441201 0.041880239520933005 0.6993233532929944
0.040235294117627336 0.0332941176470425 0.011534313725484541 0.00711764705882004 0.006220588235291069 0.005985294117644125 0.006544117647055616 0.007362745098035606 0.008759803921564334 0.009911764705877494 0.012254901960778306 0.015181372549012166 0.01760784313724627 0.019122549019598468 0.014024509803914694 0.012730392156856505 0.009534313725485523 0.00863725490195655 0.0062990196078400494 0.005774509803918738 0.005696078431369757 0.007083333333329861 0.01100490196077892 0.03050490196076936 0.03951470588233357 0.6480637254898785
0.05386666666663794 0.043925333333309904 0.009887999999994726 0.00414399999999779 0.0022506666666654664 0.001983999999998942 0.001919999999998976 0.0021439999999988565 0.0020799999999988905 0.00206933333333223 0.0022239999999988137 0.002303999999998771 0.0025119999999986603 0.003514666666664792 0.001999999999998933 0.002922666666665108 0.0017546666666657309 0.0027199999999985495 0.0019573333333322896 0.00283733333333182 0.002682666666665236 0.004357333333331009 0.008303999999995572 0.039231999999979075 0.04726933333330812 0.7491359999996005
0.015660811375991672 0.013263278962775694 0.006308030112922803 0.004998954412379235 0.005086783772479602 0.006036177331659762 0.00719259723964793 0.010896068590546749 0.014643454621495751 0.02517984107067909 0.04306566290254673 0.08621497281471285 0.1188906315349102 0.07754600585528257 0.03884567126724813 0.027344207444580996 0.01707653701379997 0.014559807611876353 0.010116060225845868 0.010304265997489513 0.008223546633207002 0.010153701380174598 0.012291928063570443 0.020897114178165945 0.03540882475951115 0.35979506482639484
0.05048831168828546 0.03868051948049939 0.014244155844148445 0.009651948051943037 0.008077922077917882 0.006633766233762788 0.005558441558438671 0.0049038961038935566 0.004929870129867569 0.005101298701296051 0.005449350649347818 0.00641038961038628 0.007049350649346987 0.008098701298697091 0.005153246753244076 0.006129870129866945 0.0043324675324652815 0.005303896103893349 0.004602597402595012 0.0065662337662303555 0.00755324675324283 0.010145454545449274 0.014825974025966323 0.034072727272709574 0.045667532467508744 0.6803688311684777
0.03937714285712036 0.02636571428569922 0.01717142857141876 0.015857142857133796 0.013285714285706693 0.01313714285713535 0.012548571428564258 0.01418857142856332 0.01589142857141949 0.018605714285703654 0.020828571428559525 0.025885714285699492 0.029217142857126163 0.029337142857126092 0.021622857142844787 0.019559999999988822 0.016222857142847873 0.016131428571419353 0.013765714285706419 0.01404571428570626 0.01353142857142084 0.014662857142848764 0.014948571428562886 0.024251428571414713 0.03751999999997856 0.5020399999997132
0.04808982035925264 0.03591017964069706 0.015610778443104425 0.010467065868257205 0.007179640718558575 0.005047904191613744 0.00404191616766225 0.0034311377245488436 0.0037784431137701927 0.003814371257482746 0.004976047904188637 0.00576646706586481 0.006269461077840557 0.006874251497001872 0.003910179640716221 0.004922155688619807 0.002928143712573097 0.0041976047904166485 0.0030239520958065726 0.004407185628739876 0.004999999999997006 0.008101796407180777 0.014293413173644135 0.03362275449099783 0.04417964071853642 0.7101556886223293
0.03914970059877895 0.03689820359279228 0.010011976047898196 0.005473053892212291 0.004185628742512464 0.0035988023952074257 0.003922155688620406 0.004634730538919381 0.005491017964068568 0.006604790419157722 0.008988023952090427 0.011419161676639868 0.018634730538910998 0.014778443113763605 0.008580838323348156 0.006700598802391197 0.004844311377242608 0.005029940119757467 0.0040838323353268955 0.0049880239520928215 0.005083832335326297 0.00605988023951733 0.009425149700593159 0.033550898203572724 0.040395209580814134 0.6974670658678458
0.04994652406414441 0.04466844919783707 0.007818181818177637 0.003267379679142638 0.0019518716577529669 0.0012673796791437073 0.001112299465240047 0.0011711229946517801 0.0013155080213896708 0.0013262032085554405 0.0016203208556141069 0.0019037433155070034 0.001983957219250276 0.003090909090907438 0.0014598930481275615 0.002556149732618954 0.0011336898395715863 0.0023689839572179844 0.0013743315508014042 0.0020427807486620092 0.0019251336898385427 0.003983957219249206 0.008513368983952666 0.040267379679122854 0.046203208556125024 0.7657272727268633
0.013946666666659228 0.013546666666659442 0.007546666666662641 0.0063413333333299515 0.006133333333330062 0.006874666666663 0.0074239999999960405 0.011098666666660748 0.013823999999992627 0.019722666666656147 0.02663466666665246 0.043162666666643645 0.049461333333306955 0.05172266666663908 0.030703999999983623 0.026117333333319403 0.01829866666665691 0.015103999999991945 0.011482666666660542 0.01166933333332711 0.009898666666661388 0.011098666666660748 0.014111999999992474 0.019930666666656036 0.02935999999998434 0.5247839999997201
0.04493478260867123 0.03934239130432644 0.008989130434777724 0.005222826086953683 0.004130434782606451 0.00362499999999803 0.003918478260867436 0.0041195652173890655 0.004402173913041086 0.004728260869562647 0.005706521739127333 0.007244565217387367 0.007880434782604412 0.007766304347821866 0.004956521739127741 0.00573913043477949 0.003728260869563191 0.003896739130432665 0.0032554347826069265 0.0034565217391285563 0.0031086956521722236 0.004173913043475992 0.007385869565213378 0.03634782608693677 0.044445652173888885 0.727494565216996
0.04669333333330843 0.04125333333331133 0.009541333333328244 0.0045973333333308814 0.0033653333333315385 0.002735999999998541 0.0026239999999986005 0.002639999999998592 0.0029653333333317516 0.0034453333333314957 0.004047999999997841 0.005135999999997261 0.006117333333330071 0.006079999999996757 0.0037599999999979945 0.0044479999999976275 0.0024799999999986773 0.0035839999999980887 0.002303999999998771 0.003263999999998259 0.0031573333333316496 0.005055999999997303 0.009178666666661771 0.035498666666647735 0.04173333333331108 0.7442933333329363
0.035299999999970584 0.033424999999972144 0.010758333333324368 0.0061416666666615485 0.004841666666662632 0.004516666666662903 0.004524999999996229 0.005666666666661944 0.0068333333333276385 0.008024999999993312 0.009883333333325098 0.013199999999989 0.015549999999987041 0.016141666666653214 0.010183333333324848 0.011358333333323868 0.007899999999993416 0.009116666666659069 0.006374999999994688 0.006849999999994291 0.006566666666661195 0.009708333333325244 0.01398333333332168 0.030999999999974166 0.05005833333329162 0.662091666666115
0.043079096045173404 0.03913559322031687 0.0096384180790906 0.005649717514121102 0.003220338983049028 0.0029096045197723676 0.002762711864405219 0.0029209039548006095 0.0036327683615798687 0.0039096045197718025 0.0042259887005625845 0.0055875706214657695 0.006389830508470966 0.006644067796606415 0.004282485875703795 0.0047627118644040884 0.003146892655365454 0.003870056497172955 0.0026779661016934023 0.0037457627118622906 0.004209039548020221 0.006163841807906122 0.01015254237287562 0.036350282485855166 0.04138418079093707 0.7395480225984522
0.03710399999998021 0.03546666666664775 0.012501333333326667 0.007290666666662778 0.005077333333330625 0.0048533333333307446 0.004373333333331001 0.0046186666666642034 0.005365333333330472 0.006058666666663435 0.008330666666662224 0.01146133333332722 0.014335999999992355 0.011807999999993702 0.006693333333329763 0.0061279999999967315 0.004277333333331052 0.0046399999999975254 0.0033653333333315385 0.0034826666666648094 0.0037173333333313506 0.005898666666663521 0.010741333333327604 0.033423999999982176 0.03841066666664618 0.7105759999996211
0.03775742574255556 0.0370445544554272 0.008089108910887084 0.0045198019801957826 0.003103960396038067 0.0020742574257415474 0.002460396039602742 0.002643564356434335 0.00322772277227563 0.0048316831683144395 0.00647524752474927 0.009485148514846789 0.012212871287122666 0.00976237623761893 0.005504950495046779 0.004717821782175882 0.002762376237622395 0.0029356435643549824 0.0021237623762365722 0.002737623762374882 0.00243564356435523 0.004569306930690807 0.00708910891088758 0.03355940594057744 0.03552475247522994 0.7523514851481424
0.050528301886765215 0.04229649595685051 0.007407008086249376 0.0031374663072759367 0.0017681940700799094 0.0013153638814009082 0.0012884097035033486 0.0014501347708887062 0.001390835579514075 0.0017412398921823498 0.0022857142857130534 0.002889487870618388 0.003719676549863224 0.004156334231803689 0.0022695417789745176 0.0025498652291091376 0.001390835579514075 0.0021994609164408627 0.0014393530997296822 0.0021509433962252555 0.0020862533692711125 0.0037358490566017596 0.006959568733149887 0.039574123989197 0.047865229110486324 0.7624043126680526
0.05351466666663812 0.04555733333330904 0.0074026666666627185 0.0030719999999983616 0.0013919999999992575 0.0010826666666660892 0.0007999999999995733 0.0009173333333328441 0.0008533333333328782 0.0009119999999995136 0.001210666666666021 0.0014773333333325453 0.0017599999999990614 0.0025119999999986603 0.001231999999999343 0.0025279999999986516 0.0007679999999995904 0.001983999999998942 0.0007359999999996074 0.0015199999999991893 0.0010826666666660892 0.002741333333331871 0.006490666666663205 0.041647999999977786 0.04727466666664145 0.7695306666662562
0.05038399999997313 0.044474666666642945 0.008026666666662385 0.003546666666664775 0.002159999999998848 0.001439999999999232 0.0011839999999993685 0.0011199999999994027 0.0011306666666660637 0.001439999999999232 0.0012533333333326648 0.001407999999999249 0.0012639999999993258 0.005706666666663623 0.0013066666666659698 0.003173333333331641 0.0012159999999993515 0.0038773333333312655 0.0010559999999994367 0.002778666666665185 0.0017439999999990699 0.004234666666664408 0.0075733333333292945 0.04134399999997795 0.06204266666663358 0.7451146666662692
0.0518258258257947 0.04451651651648978 0.007921921921917164 0.002558558558557022 0.001507507507506602 0.0008768768768763502 0.0008468468468463382 0.001129129129128451 0.0010450450450444173 0.0012612612612605037 0.0016036036036026404 0.0032192192192172855 0.004270270270267705 0.0047567567567539 0.0018258258258247292 0.002786786786785113 0.0010150150150144055 0.002336336336334933 0.0009429429429423766 0.0019819819819807917 0.0017297297297286908 0.0032912912912893147 0.0070750750750708255 0.04075675675673228 0.04844444444441535 0.7604744744740177
0.044276276276249686 0.03914714714712363 0.011723723723716682 0.00565765765765426 0.0036816816816794703 0.002858858858857142 0.0030030030030011993 0.0026786786786770697 0.003177177177175269 0.004168168168165664 0.005147147147144056 0.007063063063058821 0.008534534534529408 0.008606606606601437 0.0050210210210180056 0.005501501501498197 0.003723723723721487 0.004744744744741895 0.003447447447445377 0.00428228228227971 0.004834834834831931 0.00723723723723289 0.01161561561560864 0.03357957957955941 0.03828828828826529 0.7279999999995628
0.04458394160581772 0.03942579075423872 0.008695863746954406 0.004184914841847112 0.0026374695863734124 0.002408759124086419 0.0017566909975660551 0.001980535279804389 0.002340632603405187 0.0027396593673952607 0.0037761557177597195 0.0058588807785859565 0.0075669099756654175 0.006656934306566104 0.003824817518246314 0.004223844282236387 0.0025742092457408396 0.003479318734791494 0.002257907542577977 0.0028272506082711304 0.0027055961070546444 0.004686131386859033 0.008340632603402268 0.036072992700712375 0.040350364963484014 0.7540437956200711
0.04591566265057475 0.04186746987949285 0.007162650602405324 0.00321686746987758 0.0022710843373480293 0.0019397590361434098 0.0018493975903603316 0.002246987951805875 0.0034457831325280445 0.0031626506024077334 0.005216867469876376 0.005512048192767764 0.008602409638549035 0.007463855421682251 0.0052771084337317605 0.004957831325298218 0.0036566265060218937 0.003716867469877279 0.0022710843373480293 0.0031686746987932717 0.002487951807227417 0.0044337349397563655 0.007162650602405324 0.03596385542166508 0.04254819277105871 0.7444819277103949
0.047093333333308215 0.03911466666664581 0.00970133333332816 0.005359999999997141 0.003194666666664963 0.002714666666665219 0.0023413333333320847 0.0025919999999986175 0.002890666666665125 0.0037013333333313593 0.005210666666663887 0.007290666666662778 0.008597333333328749 0.008826666666661959 0.004741333333330804 0.0049386666666640325 0.0029546666666650906 0.003695999999998029 0.002495999999998669 0.0032799999999982505 0.0034079999999981824 0.005199999999997227 0.008965333333328551 0.037279999999980114 0.04536533333330914 0.7290453333329445
0.05195795795792675 0.04463663663660983 0.0069729729729687846 0.0031711711711692667 0.0016996996996986788 0.0012132132132124847 0.0009669669669663862 0.0011351351351344533 0.0012252252252244894 0.0013933933933925565 0.001429429429428571 0.0019219219219207676 0.0028408408408391347 0.004468468468465785 0.0019519519519507797 0.0032252252252232883 0.0011711711711704677 0.001897897897896758 0.001279279279278511 0.0021021021021008397 0.0017537537537527005 0.0033933933933913553 0.007579579579575027 0.039723723723699866 0.055177177177144036 0.7557117117112578
0.04460833333329616 0.04012499999996656 0.007124999999994062 0.004324999999996396 0.003616666666663653 0.0032499999999972915 0.0030583333333307847 0.0035499999999970416 0.004283333333329764 0.0052249999999956455 0.00629999999999475 0.0075999999999936665 0.008591666666659507 0.009758333333325202 0.005383333333328847 0.006074999999994938 0.0031999999999973334 0.004058333333329951 0.00230833333333141 0.0030083333333308262 0.002016666666664986 0.0032499999999972915 0.006983333333327514 0.034691666666637755 0.040933333333299224 0.7366749999993861
0.047183999999974836 0.036362666666647274 0.015679999999991638 0.01037866666666113 0.005967999999996817 0.004543999999997577 0.004266666666664391 0.004373333333331001 0.0044479999999976275 0.005381333333330463 0.0063626666666632735 0.013610666666659407 0.01572266666665828 0.015135999999991927 0.005791999999996911 0.005941333333330165 0.00414933333333112 0.005439999999997099 0.0044693333333309495 0.006271999999996655 0.008314666666662232 0.013002666666659732 0.017274666666657452 0.029274666666651055 0.06255999999996663 0.648090666666321
0.043219219219193264 0.03786786786784512 0.010558558558552218 0.005117117117114044 0.004108108108105641 0.004090090090087634 0.00340540540540336 0.003603603603601439 0.004300300300297717 0.005105105105102039 0.0059879879879843915 0.0077897897897851115 0.015939939939930366 0.008570570570565423 0.00458258258257983 0.005429429429426169 0.003837837837835533 0.0041201201201176455 0.0030870870870852328 0.0041201201201176455 0.003765765765763504 0.006186186186182471 0.010018018018012002 0.033633633633613436 0.04111111111108642 0.7204444444440118
0.04637837837835052 0.03977777777775389 0.010804804804798316 0.004822822822819926 0.0034954954954933963 0.0031051051051032403 0.002822822822821127 0.0025645645645630244 0.0028348348348331324 0.0038498498498475376 0.005771771771768305 0.008282282282277308 0.010138138138132049 0.008060060060055219 0.00455855855855582 0.005075075075072027 0.0023483483483469378 0.0028828828828811512 0.0019039039039027603 0.002606606606605041 0.0023423423423409354 0.004024024024021607 0.008546546546541413 0.03667267267265065 0.04273873873871307 0.733591591591151
0.038026666666646385 0.03341866666664884 0.01331733333332623 0.008810666666661967 0.007130666666662864 0.006047999999996775 0.00523733333333054 0.005141333333330591 0.0057226666666636145 0.0062133333333300195 0.008447999999995494 0.011589333333327153 0.01559999999999168 0.01298666666665974 0.008970666666661882 0.007130666666662864 0.0051306666666639305 0.005269333333330523 0.004234666666664408 0.004826666666664092 0.005370666666663802 0.008639999999995393 0.014282666666659049 0.03098666666665014 0.034954666666648024 0.6925119999996306
0.0465427657873515 0.04142286171061494 0.009552358113505374 0.004708233413267503 0.002921662669862941 0.0026618705035960583 0.0024900079936041207 0.002226219024779286 0.002533972821741593 0.0029696243005583657 0.00380095923261239 0.005335731414865973 0.0063069544364483185 0.006027178257391676 0.003944844124698663 0.003968824940046375 0.0023581135091917033 0.002905675459631133 0.0020743405275771088 0.0026498800959222023 0.0029856115107901736 0.005195843325337651 0.009648281374896223 0.035199840127883616 0.06875699440444893 0.7208113509189765
0.04174934725846384 0.03759791122713441 0.012140992167095488 0.007535248041771522 0.005707571801563599 0.004130548302869906 0.0038590078328961572 0.0049503916449060315 0.004402088772843654 0.00568668407310408 0.005190600522190501 0.011571801566573591 0.011718015665790225 0.010083550913832855 0.0039321148825044745 0.003968668407308633 0.0028772845952987586 0.003430809399476015 0.0030026109660558735 0.00403133159268719 0.004224543080937742 0.006078328981720064 0.010558746736286914 0.03378590078327218 0.07087206266314837 0.6869138381197457
0.03589924670424694 0.036134651600668234 0.010381355932178952 0.006709039548006806 0.005790960451963769 0.004237288135583246 0.003154425612045305 0.004684557438783699 0.005508474576258219 0.00903954802257759 0.009486817325778043 0.01426553672313026 0.01315913370995019 0.020174199623304676 0.006709039548006806 0.0076741996233341 0.0035546139359615004 0.005061205273057766 0.00409604519773047 0.0047551789077100864 0.00522598870055267 0.00630885122409061 0.007909604519755392 0.028177966101628583 0.042302259886906064 0.699599811674436
0.049097297297270755 0.04670270270267746 0.006854054054050349 0.003097297297295623 0.0020162162162151265 0.001778378378377417 0.0014648648648640731 0.0014324324324316582 0.0016702702702693674 0.001599999999999135 0.0021621621621609934 0.0030810810810794156 0.003967567567565423 0.004086486486484278 0.002178378378377201 0.0029081081081065363 0.0011351351351345216 0.0021837837837826034 0.0010216216216210694 0.0020054054054043213 0.0014162162162154506 0.003097297297295623 0.006983783783780009 0.04035135135132954 0.04708108108105563 0.7606270270266159
0.047861333333307804 0.042058666666644234 0.00883733333332862 0.0038986666666645875 0.002389333333332059 0.0017973333333323746 0.0016639999999991126 0.0017119999999990869 0.00207466666666556 0.002810666666665168 0.003621333333331402 0.00567466666666364 0.006602666666663145 0.007221333333329482 0.003839999999997952 0.0037813333333313165 0.002751999999998532 0.0034506666666648264 0.0025333333333319823 0.003653333333331385 0.004015999999997858 0.00633599999999662 0.010725333333327614 0.037215999999980154 0.04171199999997775 0.7417599999996044
0.030015999999983993 0.029978666666650677 0.005685333333330301 0.0025119999999986603 0.0018079999999990356 0.0017226666666657479 0.002010666666665594 0.002805333333331837 0.0037386666666646725 0.005423999999997107 0.006607999999996476 0.00883199999999529 0.011274666666660653 0.012586666666659954 0.0068906666666629915 0.005930666666663503 0.004245333333331069 0.003850666666664613 0.0025866666666652873 0.0025866666666652873 0.0023733333333320677 0.0035839999999980887 0.007125333333329533 0.0340746666666485 0.036911999999980315 0.7648373333329254
0.027814072783551327 0.025321815718126545 0.0068234610917455195 0.004052942315132533 0.003944057297711062 0.005045005807194826 0.003641598915984754 0.004415892373204104 0.004440089043742208 0.007246902826162352 0.009896438250084813 0.02228513356559441 0.032810685249669944 0.21626984126957963 0.030947541618235885 0.017820847851314096 0.007900212930691177 0.0065451993805573155 0.005153890824616297 0.0058192992644141755 0.005383759194728291 0.005988675958180908 0.007573557878426764 0.01918795973671701 0.0279229578009728 0.48574816105245144
0.03220799999998282 0.024853333333320078 0.014106666666659143 0.010122666666661269 0.007626666666662599 0.006799999999996373 0.00633599999999662 0.006773333333329721 0.007983999999995741 0.009626666666661532 0.013189333333326298 0.018330666666656892 0.024698666666653494 0.025786666666652913 0.014378666666658997 0.012831999999993156 0.008869333333328603 0.010250666666661199 0.006565333333329832 0.008447999999995494 0.008239999999995605 0.011551999999993838 0.015477333333325079 0.026762666666652394 0.05445866666663762 0.6137226666663393
0.0324924052304311 0.02937194558177689 0.010583146215806064 0.007908466516959601 0.005448421608761312 0.00506868313299916 0.0032360322282339914 0.004986131290442171 0.003962488442735499 0.00602628450666024 0.007512217672686052 0.014677717606632747 0.01726984546292222 0.016345264826283935 0.007082948091389706 0.00506868313299916 0.0036487914410189394 0.0033846255448365726 0.0028562937524718394 0.0032360322282339914 0.0044743098665888355 0.005217276449601741 0.008585391625926916 0.03120459648654206 0.0372143706246909 0.7231376304307173
0.04008571428568565 0.038085714285687085 0.011678571428563086 0.006228571428566979 0.004292857142854076 0.00444285714285397 0.004099999999997071 0.004657142857139531 0.004778571428568015 0.0054785714285675155 0.0061428571428527555 0.0070642857142806685 0.007464285714280382 0.006607142857138138 0.004371428571425449 0.004871428571425092 0.002742857142855184 0.003542857142854612 0.002621428571426699 0.0032357142857119743 0.0035357142857117604 0.005321428571424771 0.009185714285707724 0.034364285714261165 0.0412999999999705 0.7337999999994759
0.041098666666644745 0.03916799999997911 0.01068266666666097 0.005375999999997133 0.003914666666664579 0.0034133333333315127 0.0035413333333314447 0.004063999999997832 0.005050666666663973 0.006469333333329883 0.009669333333328176 0.013871999999992602 0.018202666666656958 0.014783999999992116 0.008714666666662018 0.006927999999996305 0.004314666666664365 0.00414399999999779 0.0026453333333319225 0.003194666666664963 0.0034506666666648264 0.005541333333330378 0.010133333333327929 0.03527466666664785 0.03901333333331253 0.6973386666662947
0.04544144144141415 0.039549549549525796 0.008750750750745495 0.00445645645645378 0.0028708708708691465 0.0023243243243229283 0.0022882882882869137 0.00252852852852701 0.0031651651651632643 0.004336336336333732 0.004666666666663864 0.006468468468464584 0.009375375375369744 0.007207207207202878 0.0032612612612593025 0.004144144144141655 0.002876876876875149 0.003657657657655461 0.0026726726726710674 0.003507507507505401 0.003177177177175269 0.004690690690687873 0.009123123123117643 0.034720720720699864 0.04218018018015485 0.7425585585581126
0.04010666666664527 0.03562666666664767 0.012735999999993208 0.007029333333329584 0.005578666666663692 0.0049813333333306765 0.004415999999997645 0.004463999999997619 0.004549333333330907 0.0060426666666634436 0.008101333333329012 0.00993066666666137 0.01167999999999377 0.0099359999999947 0.006186666666663367 0.005839999999996885 0.004170666666664442 0.004570666666664229 0.003189333333331632 0.0038986666666645875 0.003893333333331257 0.005429333333330438 0.010607999999994342 0.03462933333331487 0.03849066666664614 0.7139146666662859
0.037367724867675436 0.0325396825396395 0.009457671957659447 0.005396825396818258 0.0036904761904713087 0.0032671957671914454 0.003055555555551514 0.003941798941793728 0.003981481481476215 0.004880952380945925 0.006732804232795327 0.009550264550251918 0.011256613756598867 0.027830687830651017 0.005674603174595668 0.01121693121691638 0.003201058201053967 0.011653439153423739 0.001917989417986881 0.006560846560837883 0.0033597883597839156 0.008822751322739653 0.008095238095227388 0.031653439153397286 0.0613624338623527 0.6835317460308419
0.04947532467529897 0.04313766233763993 0.009381818181813308 0.0034077922077904374 0.0017610389610380462 0.0013142857142850316 0.001205194805194179 0.0010649350649345117 0.0013142857142850316 0.0016155844155835762 0.0023428571428559257 0.002576623376622038 0.002846753246751768 0.003984415584413515 0.0018597402597392936 0.002270129870128691 0.0013558441558434516 0.0024311688311675684 0.0011844155844149692 0.0020675324675313933 0.0022233766233754684 0.004550649350646987 0.008561038961034514 0.03853506493504492 0.04652987012984596 0.763002597402201
0.05035733333330648 0.044522666666642924 0.006479999999996544 0.0029066666666651164 0.0019466666666656284 0.001658666666665782 0.0013493333333326138 0.0014773333333325453 0.0017173333333324174 0.002037333333332247 0.0024479999999986943 0.004047999999997841 0.005759999999996928 0.00458666666666422 0.0021759999999988395 0.0030933333333316836 0.001583999999999155 0.002890666666665125 0.0014879999999992063 0.0025066666666653296 0.0021333333333321955 0.0037119999999980203 0.007770666666662522 0.04062399999997834 0.045418666666642446 0.7553066666662638
0.02198697853870091 0.02062776304155449 0.007399726710070944 0.005267261474157603 0.00501567398119082 0.0057358733220797585 0.006198054818743976 0.008896390965355768 0.01143557591833362 0.019205047825735937 0.027656136966479575 0.0471738606221327 0.05748814403986356 0.06018889156819708 0.0355268869061944 0.02893818824853075 0.018475202957960096 0.01760469415641688 0.010673579294268093 0.010386624869382657 0.007864319588456889 0.009996784824370228 0.010180853629128675 0.021112450767621485 0.06294751225785203 0.4620175227071408
0.04559281437123018 0.03528143712572738 0.012586826347297853 0.008928143712569505 0.006688622754487013 0.0061616766467028974 0.005880239520954563 0.006311377245505203 0.006455089820355416 0.006904191616762333 0.007892215568857549 0.009826347305383338 0.010137724550892133 0.010658682634724156 0.007652694610773861 0.007790419161671982 0.005467065868260199 0.006485029940115877 0.005467065868260199 0.006323353293409387 0.006832335329337226 0.009425149700593159 0.012916167664662925 0.031263473053873496 0.04387425149697972 0.6771976047900137
0.053006198991570386 0.047289288165173755 0.00702136468559428 0.002546520794694533 0.001673103862883936 0.0010946069340223715 0.0009868477021756097 0.0010322200103216146 0.0011910230888326323 0.0012193807814238854 0.0014065415525261562 0.0014746000147451638 0.001837578479913204 0.0028244261820888138 0.0014859430917816652 0.0020757830976797305 0.0009017746244018501 0.0014972861688181663 0.0007429715458908326 0.0015256438614094194 0.001242066935496888 0.00260890771839529 0.005773626211579142 0.041266114258791585 0.051196978204248435 0.7650792030349735
0.04024533333331187 0.037562666666646635 0.012501333333326667 0.006917333333329644 0.004650666666664186 0.003999999999997866 0.003610666666664741 0.0033759999999981995 0.004186666666664434 0.005813333333330233 0.007386666666662727 0.011813333333327033 0.019893333333322723 0.013375999999992866 0.006506666666663196 0.005621333333330336 0.003695999999998029 0.0038346666666646215 0.00283733333333182 0.003514666666664792 0.003221333333331615 0.005770666666663589 0.009919999999994709 0.03393066666664857 0.03889066666664592 0.7069226666662897
0.04429336999320011 0.039397409160888526 0.0101113795195174 0.0050215903258093155 0.0036037717563349196 0.00300792901574568 0.002627451121152551 0.0028105112402492453 0.0030868961259442537 0.0039339978535289566 0.00491390790281126 0.0063532629568852665 0.007096271675571849 0.007358298904867117 0.004831351378512751 0.004863656105412168 0.003047412570844967 0.0033561021834393923 0.002164416702260913 0.00260591463655294 0.002749491200550347 0.004942623215610741 0.01084003058180424 0.03703557468313118 0.042150489775538806 0.7377968894134762
0.04007207207204801 0.039273273273249684 0.013843843843835529 0.0073453453453409335 0.004588588588585833 0.0034534534534513793 0.003135135135133252 0.0035615615615594226 0.004468468468465785 0.005225225225222087 0.006294294294290514 0.008024024024019204 0.00868468468467947 0.008252252252247296 0.005603603603600238 0.005225225225222087 0.0032012012011992785 0.004012012012009602 0.003489489489487394 0.004564564564561823 0.005345345345342135 0.007795795795791114 0.012528528528521004 0.03418018018015965 0.04099099099096637 0.7168408408404103
0.03952552552550179 0.0373093093092869 0.008468468468463382 0.00490690690690396 0.0035615615615594226 0.002822822822821127 0.0026546546546530603 0.0036816816816794703 0.004060060060057622 0.005663663663660262 0.00953753753753181 0.01765765765764705 0.027513513513496988 0.027027027027010795 0.01296696696695918 0.009147147147141653 0.0047327327327298906 0.004600600600597838 0.003015015015013204 0.00340540540540336 0.0030330330330312115 0.004444444444441775 0.007615615615611041 0.03267867867865905 0.03783183183180911 0.6821381381377284
0.0432426666666436 0.03814399999997966 0.013391999999992858 0.008111999999995673 0.005167999999997243 0.003695999999998029 0.0037919999999979775 0.0037546666666646643 0.004213333333331086 0.005247999999997201 0.006490666666663205 0.007679999999995904 0.008693333333328697 0.009199999999995094 0.00633066666666329 0.00621866666666335 0.004106666666664476 0.004591999999997551 0.0037973333333313083 0.004954666666664024 0.005717333333330284 0.008095999999995681 0.011775999999993719 0.033034666666649046 0.03954666666664557 0.7110026666662874
0.03850427350425705 0.03608119658118116 0.0113504273504225 0.007085470085467058 0.0053290598290575515 0.005136752136749942 0.005897435897433377 0.006170940170937534 0.006923076923073965 0.008119658119654649 0.009696581196577053 0.012094017094011925 0.01566239316238647 0.011863247863242794 0.007914529914526533 0.0073931623931592335 0.005235042735040498 0.004948717948715834 0.004333333333331481 0.004876068376066293 0.004282051282049452 0.005499999999997649 0.009876068376064156 0.03258547008545616 0.039277777777760994 0.6938632478629514
0.037890410958869504 0.03663926940635923 0.009305936073050861 0.004995433789949776 0.003716894977165555 0.0027031963470294947 0.0026575342465729153 0.004045662100452927 0.00626484018264268 0.009589041095881655 0.014602739726014061 0.023397260273951236 0.03121461187211761 0.030109589041068394 0.015936073059346176 0.010931506849305085 0.005698630136981097 0.005187214611867409 0.0029223744292210755 0.002803652968033969 0.0023287671232855443 0.0037990867579873982 0.007223744292230846 0.033150684931476576 0.039342465753388726 0.6535433789948369
0.051021021020990376 0.0405585585585342 0.011201201201194473 0.007579579579575027 0.005723723723720286 0.004072072072069627 0.004090090090087634 0.004360360360357742 0.005111111111108041 0.005675675675672267 0.007477477477472986 0.009441441441435772 0.011171171171164462 0.010948948948942373 0.008042042042037211 0.008096096096091233 0.0055975975975942355 0.0059219219219183656 0.005093093093090034 0.006012012012008401 0.00653453453453061 0.008072072072067223 0.010558558558552218 0.033567567567547404 0.04413813813811163 0.6799339339335255
0.04010573896197917 0.031070304302201063 0.013597546210346792 0.009495520219548834 0.006629267898942076 0.0054128662523201705 0.004364355476632145 0.004755831786261623 0.004640406812494581 0.0063354588748077865 0.007634191621599191 0.011929937848090086 0.014651707159575863 0.016934377270157647 0.008318669787714238 0.007978045039954156 0.005384615384614951 0.008685123900233379 0.005456453305351081 0.007448543062393459 0.008140285737346991 0.01204778432480329 0.015749455161835842 0.030312373880052444 0.08125030268786172 0.6316708370328008
0.05312962962959683 0.04429012345676278 0.00642592592592196 0.0024074074074059214 0.0014012345679003696 0.001067901234567242 0.0009753086419747066 0.001240740740739975 0.0016049382716039476 0.0024074074074059214 0.002790123456788401 0.0033086419753065996 0.004506172839503391 0.005364197530860886 0.0028024691358007393 0.003845679012343305 0.0018950617283938918 0.002944444444442627 0.0016604938271594688 0.0022592592592578647 0.0018395061728383707 0.00362345679012122 0.006969135802464834 0.04117901234565359 0.0497283950616977 0.7503333333328701
0.04327323943659534 0.03752112676054224 0.017853521126750507 0.011802816901401801 0.008371830985910777 0.007109859154925572 0.007267605633798723 0.007042253521122793 0.00769014084506609 0.008225352112671423 0.009076056338023056 0.011740845070415921 0.020185915492946373 0.013098591549288396 0.008219718309854525 0.006799999999996169 0.004799999999997296 0.0050816901408422075 0.004090140845068118 0.004461971830983401 0.005453521126757491 0.008991549295769582 0.01390985915492174 0.032659154929559064 0.03810704225349966 0.6571661971827284
0.039898666666645384 0.0346186666666482 0.006863999999996339 0.003317333333331564 0.002149333333332187 0.002058666666665569 0.0022719999999987884 0.002810666666665168 0.0032906666666649115 0.004207999999997756 0.004730666666664144 0.006181333333330037 0.009029333333328518 0.012709333333326555 0.005167999999997243 0.005919999999996843 0.00349333333333147 0.005621333333330336 0.00283733333333182 0.00425599999999773 0.003535999999998114 0.00654399999999651 0.010421333333327775 0.04534399999997581 0.0759893333332928 0.6967306666662951
0.036997916666658956 0.03263958333332653 0.012224999999997453 0.006499999999998646 0.004772916666665673 0.004083333333332483 0.0038166666666658716 0.004252083333332448 0.004581249999999045 0.005847916666665448 0.007952083333331677 0.013014583333330621 0.0193583333333293 0.01550624999999677 0.00809791666666498 0.006983333333331878 0.004952083333332301 0.005587499999998836 0.004495833333332397 0.005397916666665542 0.005591666666665502 0.00844999999999824 0.014108333333330393 0.033710416666659644 0.04368541666665757 0.6873916666665234
0.04065648854959763 0.036763358778607244 0.011664122137398644 0.006666666666663274 0.004290076335875679 0.0033435114503799776 0.003272264631041592 0.003206106870227376 0.003730279898216931 0.004356234096689895 0.0057760814249334476 0.010834605597958864 0.01322646310431897 0.011287531806610032 0.0055776081424908 0.005287531806613085 0.003226463104324058 0.003730279898216931 0.0029923664122122177 0.003755725190837783 0.004229007633585634 0.00673791348600166 0.011231552162844157 0.03210178117046712 0.04786768447834714 0.7141882951650309
0.04373866666664334 0.04021866666664522 0.016090666666658086 0.007578666666662625 0.005082666666663956 0.003695999999998029 0.0033546666666648775 0.0033546666666648775 0.0034613333333314874 0.004261333333331061 0.005050666666663973 0.007013333333329593 0.008591999999995418 0.008021333333329056 0.005541333333330378 0.005167999999997243 0.00392533333333124 0.004431999999997637 0.0039413333333312315 0.0051733333333305745 0.006101333333330079 0.009637333333328193 0.015887999999991527 0.03294933333331576 0.04408533333330982 0.7036426666662914
0.041295999999977975 0.0389386666666459 0.009882666666661396 0.005759999999996928 0.0038559999999979435 0.0034559999999981567 0.0031573333333316496 0.003263999999998259 0.003994666666664536 0.004949333333330694 0.006143999999996723 0.007930666666662436 0.008927999999995238 0.008879999999995263 0.00523733333333054 0.004869333333330736 0.003173333333331641 0.0033119999999982335 0.0025599999999986345 0.003535999999998114 0.004410666666664315 0.005711999999996954 0.009909333333328049 0.034399999999981654 0.03921066666664576 0.733231999999609
0.040445783132505755 0.03460240963853337 0.00841566265059734 0.0045722891566237515 0.003325301204817274 0.0031084337349378864 0.0027710843373477284 0.00395783132529882 0.004771084337346523 0.006855421686742858 0.008957831325295809 0.013024096385534322 0.01845180722890455 0.017662650602398997 0.010048192771078284 0.00919879518071735 0.006343373493972082 0.007999999999995181 0.005186746987948683 0.0060903614457794636 0.005451807228912378 0.008463855421681649 0.013259036144570326 0.03465060240961768 0.04539759036141844 0.6769879518068211
0.04847999999997414 0.045029333333309315 0.007589333333329285 0.0034719999999981484 0.0017333333333324089 0.0016853333333324346 0.001210666666666021 0.0015786666666658248 0.0017119999999990869 0.0021439999999988565 0.0025439999999986433 0.006447999999996561 0.009253333333328399 0.010170666666661242 0.0034453333333314957 0.004346666666664349 0.001429333333332571 0.0026026666666652785 0.0010293333333327844 0.002149333333332187 0.0018933333333323236 0.003610666666664741 0.007818666666662496 0.04022399999997855 0.046639999999975125 0.7417599999996044
