0.0420639999999327 0.03759999999993984 0.0126239999999798 0.008847999999985843 0.005631999999990989 0.00411199999999342 0.004655999999992551 0.004143999999993369 0.00479999999999232 0.005375999999991398 0.006991999999988813 0.008959999999985663 0.009439999999984896 0.010783999999982745 0.0065439999999895295 0.007839999999987456 0.004543999999992729 0.005535999999991143 0.003727999999994035 0.0047359999999924225 0.0043839999999929855 0.008015999999987174 0.012271999999980365 0.03145599999994967 0.036687999999941295 0.7082239999988669
0.027907986111050546 0.025651041666611 0.007204861111095476 0.0047526041666563525 0.003884548611102681 0.0063802083333194875 0.0066840277777632726 0.011024305555531631 0.012304687499973297 0.017382812499962277 0.01898871527773657 0.028732638888826535 0.027842881944384022 0.03797743055547314 0.02189670138884137 0.021223958333287274 0.013237847222193493 0.015082465277745047 0.007552083333316944 0.009743923611089965 0.0066840277777632726 0.0128255208333055 0.011957465277751829 0.020247395833289394 0.0646484374998597 0.5581814236098998
0.04646260997062126 0.03776805351901832 0.014490927419338238 0.009267320381221055 0.00704499633430278 0.0071137280058569535 0.006392045454538132 0.007583394428143805 0.008156158357761917 0.008557093108494597 0.010458669354826729 0.011478189149546968 0.01041284824045728 0.010023368768316963 0.0057161840175887595 0.0060369318181749025 0.0035740469208170203 0.004570656158352535 0.0037229655425177295 0.004925769794715765 0.005189241202340097 0.007732313049844515 0.012280058651012326 0.03287664956007964 0.042670912756549356 0.6754948680344168
0.03650370370364962 0.030933333333287506 0.012340740740722458 0.009940740740726014 0.00868148148146862 0.009348148148134299 0.010696296296280449 0.014074074074053224 0.014192592592571567 0.014666666666644937 0.01555555555553251 0.019970370370340784 0.023037037037002907 0.02345185185181711 0.013111111111091688 0.013348148148128373 0.009837037037022463 0.01277037037035145 0.008533333333320691 0.009955555555540806 0.006933333333323062 0.011511111111094057 0.013718518518498195 0.035155555555503475 0.04093333333327269 0.5807999999991396
0.04553260448910902 0.04006627321976579 0.013956075851376312 0.006615228328165374 0.003954624612998313 0.0033015673374573074 0.0027452592879223764 0.0031685371516989545 0.0027452592879223764 0.0031927244582004733 0.0030355069659406013 0.005925890092872091 0.00803018575850422 0.008937209752311173 0.003930437306496794 0.00516398993807425 0.002769446594423895 0.004293246904019576 0.002164763931885927 0.003349941950460345 0.003216911764701992 0.005188177244575769 0.010219136996891667 0.0375628869968586 0.042751064241434364 0.728183049534723
0.030629245162068067 0.0243015506855948 0.007913622965513402 0.00935537613736807 0.007417019095207905 0.007673330770204291 0.007705369729578839 0.015570934256030419 0.014513648596670328 0.0198481353325326 0.01901512238879435 0.026191849288693142 0.022443291041871007 0.04051326412911618 0.018294245802867017 0.026624375240249545 0.014818018710728537 0.024830193515274844 0.012495194156073794 0.01928745354347801 0.011838395488895556 0.022202998846561895 0.018646674355987044 0.03197488145579909 0.060537613738208804 0.4853581955650305
0.03354027251462404 0.028353355370936188 0.01050821037918109 0.00838506812865601 0.008035690289962009 0.0075250611411015475 0.00838506812865601 0.011771345642151708 0.0130613561234834 0.017361391061255713 0.016393883200256944 0.0233276895374148 0.02649896530402188 0.035260286489732964 0.020935795103278948 0.024026445214802798 0.014082614421204325 0.015050122282203095 0.0075250611411015475 0.011314466930013398 0.008465693783739242 0.011287591711652322 0.011878846515596014 0.02445644870858003 0.05216479883885037 0.5504044720348561
0.04648496240592766 0.03921052631571577 0.013120300751855036 0.006334586466153506 0.004417293233074404 0.003909774436082876 0.0034962406014971874 0.003421052631572517 0.003327067669166678 0.003947368421045211 0.004323308270668565 0.005488721804500961 0.006804511278182698 0.009154135338328658 0.0043984962405932354 0.006052631578935991 0.0033646616541290137 0.005507518796982129 0.003289473684204343 0.003984962406007547 0.0041729323308192234 0.00678571428570153 0.010112781954868208 0.03402255639091349 0.03759398496233535 0.7272744360888584
0.03613175230562726 0.034498023715378655 0.014703557312237466 0.010202898550713884 0.007662714097488629 0.006229249011851142 0.006092226613959323 0.0060079051383335885 0.00746245059287751 0.008832674571795696 0.00998155467719633 0.013723320158088302 0.016990777338585516 0.014777338603409984 0.008274044795775206 0.007799736495380448 0.004827404479573304 0.005428194993406663 0.004268774703552813 0.0054914361001259645 0.004911725955199039 0.005976284584973938 0.010666666666655424 0.031293807641600745 0.032442687747001375 0.6853227931481578
0.03240740740735549 0.028386518005849695 0.01122965526077914 0.007753428168640661 0.005863129565542319 0.005702934768669577 0.006327694476473267 0.00954760989361536 0.008634499551440737 0.011213635781091866 0.012399077277950149 0.025374855824642165 0.03328847879015557 0.06137062668194705 0.023885044213725674 0.024013200051223867 0.010300525438917242 0.01412918108417575 0.005254389337425903 0.009755863129549923 0.005590798410858659 0.010909265667033659 0.010476739715477258 0.02612777136994405 0.03511469947450482 0.5649429706514082
0.02880658436209361 0.02478780864193546 0.008777006172825397 0.006799768518507588 0.006639017489701262 0.0058513374485502645 0.006285365226327345 0.016573431069932205 0.0138085133744634 0.021412037037002618 0.020399305555522763 0.031876929012294435 0.030462319958798768 0.05629501028797535 0.025221836419712543 0.03049447016456003 0.01560892489709425 0.029320987654273854 0.011574074074055469 0.018743569958817607 0.009998713991753474 0.021090534979389966 0.01511059670779464 0.02948173868308018 0.06979809670770673 0.44478202160422325
0.030954773869294884 0.027537688442164927 0.010435510887754714 0.007085427135666523 0.006616415410374177 0.005996649916237861 0.005159128978215814 0.010435510887754714 0.010988274706849266 0.017939698492432262 0.015259631490761708 0.02247906197651176 0.018710217755412546 0.03879396984918125 0.01616415410382552 0.024321608040160266 0.014254606365135251 0.028174204355061683 0.0140703517587704 0.020619765494102816 0.010636515912880005 0.022562814070313963 0.016080402010023316 0.030083752093751952 0.07125628140691581 0.5033835845887715
0.04853763440854996 0.045817204301026 0.010333333333322222 0.006204301075262146 0.00482795698924212 0.003612903225802567 0.00289247311827646 0.0032795698924695917 0.0031290322580611513 0.0035806451612864724 0.003924731182791479 0.005849462365585108 0.00979569892472065 0.006645161290315435 0.0035483870967703782 0.004064516129027888 0.0024623655913952017 0.003591397849458504 0.0020752688172020694 0.0026774193548358307 0.002849462365588334 0.004967741935478529 0.009161290322570794 0.03383870967738297 0.04077419354834325 0.7315591397841597
0.03805810397547697 0.03172782874612885 0.014342507645238008 0.010535168195702545 0.007798165137602755 0.00608562691130568 0.006207951070326899 0.007507645259927359 0.006391437308858728 0.0061467889908162895 0.006345565749225771 0.009021406727814952 0.011299694189585168 0.019969418960214112 0.006513761467879948 0.011146788990808645 0.005550458715587844 0.012079510703345444 0.005244648318034794 0.009480122324144526 0.006253822629959857 0.01174311926603709 0.013776758409764868 0.03288990825683044 0.06337920489286945 0.6405045871549839
0.03222222222215202 0.02474945533763671 0.008671023965122721 0.00644880174290534 0.004858387799553685 0.004727668845305604 0.004858387799553685 0.0074727668845153096 0.006928104575148305 0.010196078431350335 0.012113289760322193 0.016753812636129076 0.015838779956392508 0.04610021786482331 0.012549019607815797 0.02063180827882215 0.008213507625254437 0.026383442265737727 0.007799564270135513 0.017559912853992245 0.008366013071877199 0.020217864923703227 0.016448801742883552 0.03324618736376199 0.0862745098037336 0.5403703703691931
0.03601521498381239 0.03172998218493631 0.015487826407922884 0.009164299356397893 0.006532171345103227 0.006066734074813317 0.005087710851100056 0.0063235270515249915 0.007190203347926894 0.009726033992954682 0.011668030879336723 0.019805158328887917 0.02450767971492046 0.024411382348653584 0.01137913878053609 0.011090246681735454 0.00539265251094517 0.0070457572985265764 0.004686471824988065 0.0072704511531492926 0.0053766029499006905 0.008442069109396308 0.010881602388157219 0.02843982217081798 0.035549777713522475 0.6507294525484284
0.028244195688196264 0.02845149253728394 0.008903399668315813 0.005897595356544468 0.00508913764510252 0.00469527363183593 0.004684908789381545 0.007587064676609052 0.00971185737975776 0.014179104477597244 0.016749585406284462 0.027186981757849102 0.025632255389691508 0.033385157545570705 0.022813018242099074 0.024004975124353227 0.014293117744595468 0.014500414593683146 0.008592454394684295 0.008675373134319367 0.006902985074619711 0.008924129353224581 0.009338723051399938 0.02474087893861449 0.027072968490850877 0.609742951906499
0.04062738914368236 0.02960149082565271 0.014717125382245417 0.01214879587154512 0.010082186544330464 0.009269877675829905 0.009699923547389024 0.010428612385308643 0.01169485856267716 0.013211964831788499 0.017130160550438252 0.02350917431189852 0.029207282110056854 0.02509795489293638 0.014967985473988235 0.011312595565735722 0.008935397553506145 0.008338111620785146 0.00622371941895281 0.006821005351673809 0.00630733944953375 0.009496846330263885 0.014346808103958397 0.026579224006084458 0.033698872324118764 0.596545298164425
0.024406719924776187 0.018708881578919895 0.004302749060144057 0.002584586466161618 0.00205592105262856 0.002158717105259988 0.002217457706763661 0.0029223449248077385 0.003406954887213042 0.004493656015030995 0.005874060150367314 0.007929981202995873 0.00822368421051424 0.031352796052585535 0.00590343045111915 0.01386278195486686 0.004684562969917933 0.021704652255607224 0.004420230263151403 0.01464109492479053 0.006696428571418738 0.020823543233052126 0.014685150375918284 0.02386336936086721 0.3696105498114873 0.378465695488166
0.04023598820054249 0.03353392330379524 0.012884955752197187 0.009392330383469743 0.007752212389371384 0.007008849557513854 0.005994100294978178 0.006277286135685808 0.006914454277277977 0.008035398230079014 0.008271386430668706 0.011209439528010371 0.013191740412963785 0.010407079646005419 0.007492625368722723 0.00830678466075716 0.005781710914447455 0.009144542772850567 0.006477876106187047 0.00756342182889963 0.0069734513274254 0.010300884955740058 0.015138643067828745 0.03620058997045876 0.04375221238932891 0.6617581120936145
0.03336296296291354 0.02955555555551177 0.013599999999979852 0.011362962962946128 0.011822222222204708 0.009185185185171578 0.009985185185170392 0.01229629629627808 0.013199999999980444 0.014251851851830737 0.017229629629604105 0.02894814814810526 0.036237037036983354 0.027925925925884554 0.011866666666649086 0.0103851851851698 0.007125925925915369 0.007688888888877498 0.005170370370362711 0.005244444444436675 0.006577777777768033 0.008385185185172762 0.010311111111095835 0.027674074074033075 0.028503703703661475 0.6021037037028117
0.03478422619041149 0.025874255952332822 0.011737351190454357 0.008891369047602508 0.008649553571412482 0.007514880952366973 0.00721726190474848 0.009821428571410303 0.009747023809505678 0.015997023809494054 0.021856398809483153 0.03426339285707912 0.04125744047611373 0.05714285714275085 0.02859002976185158 0.02146577380948388 0.011253720238074305 0.008854166666650197 0.005524553571418295 0.005915178571417569 0.004817708333324372 0.00721726190474848 0.009040178571411756 0.023995535714241078 0.03089657738089491 0.5476748511894575
0.022154940407500073 0.019255414584103462 0.009996155324859035 0.00973984364986265 0.011357811098277333 0.011117518902968221 0.011453927976400977 0.021337946943449093 0.022106881968438248 0.029523901063646156 0.033480712546402856 0.04972446494929879 0.04749775727276769 0.06407791874909638 0.03974432910412703 0.039968601819748865 0.022587466359056473 0.02047289504033629 0.013296168140437497 0.01475394079197944 0.009611687812364456 0.011550044854524622 0.013408304498248416 0.021578239138758205 0.025999615532445855 0.40420351146929995
0.021170370370339007 0.020948148148117112 0.00687407407406389 0.006311111111101761 0.005437037037028982 0.004637037037030167 0.0036148148148094595 0.012474074074055593 0.010044444444429564 0.016444444444420083 0.015614814814791681 0.029570370370326563 0.030562962962917686 0.09131851851838323 0.024948148148111186 0.03105185185180585 0.01054814814813252 0.024088888888853202 0.00888888888887572 0.018740740740712976 0.010177777777762699 0.020029629629599956 0.012029629629611807 0.02331851851848397 0.10582222222206544 0.43533333333268837
0.031047453703658787 0.030714699074029638 0.014901620370348811 0.009997106481467018 0.007161458333322972 0.006032986111102383 0.006626157407397821 0.00818865740739556 0.009852430555541301 0.011284722222205897 0.014004629629609367 0.016536458333309408 0.018706597222195157 0.01757812499997457 0.01070601851850303 0.010489004629614454 0.006857638888878967 0.007595486111100122 0.00478877314814122 0.006307870370361244 0.0053096064814738 0.009346064814801294 0.01263020833331506 0.02621527777773985 0.13755787037017136 0.5595630787028941
0.040763440860171224 0.027709677419325042 0.018344086021485653 0.01713978494621813 0.017236559139766412 0.015118279569876217 0.01402150537632901 0.014924731182779651 0.015526881720413412 0.016397849462347958 0.015999999999982795 0.017645161290303607 0.01854838709675425 0.018268817204281432 0.011408602150525367 0.010935483870955984 0.0077526881720346745 0.00832258064515234 0.007010752688164505 0.0077526881720346745 0.008258064516120153 0.010731182795687386 0.01351612903224353 0.029870967741903363 0.033279569892437334 0.5835161290316306
0.0463577389913449 0.042733136303569334 0.01570661164702744 0.009089388278575644 0.005018680644612319 0.003308611684225899 0.0028253313258558236 0.003029796092858548 0.0029740329745850777 0.00353166415731978 0.0033271993903170555 0.003438725626863996 0.005093031468976945 0.007026152902457246 0.0028439190319469805 0.005148794587250416 0.0016728935482041062 0.004293760107057206 0.0023606386735769056 0.004535400286242244 0.0031413223294054883 0.006301232364902133 0.010836632651144377 0.03264001189607123 0.04451755608832038 0.7282477369454298
0.02324444444441001 0.02465185185181533 0.006844444444434304 0.004799999999992889 0.00413333333332721 0.005096296296288746 0.005525925925917739 0.018799999999972148 0.018281481481454396 0.02872592592588337 0.029185185185141946 0.04671111111104191 0.03719999999994489 0.05205925925918213 0.036474074074020035 0.03866666666660938 0.022296296296263264 0.024888888888852018 0.014562962962941389 0.01023703703702187 0.004948148148140818 0.007244444444433712 0.00687407407406389 0.020562962962932498 0.028414814814772718 0.4795703703696599
0.03849794238679167 0.0363374485596334 0.014619341563770968 0.007458847736617841 0.00529835390945957 0.005288065843615959 0.006409465020569538 0.008251028806575873 0.008703703703694748 0.011286008230441064 0.01261316872426686 0.01766460905347977 0.019516460905329717 0.016327160493810364 0.009763374485586663 0.007921810699580327 0.005349794238677623 0.005956790123450662 0.005277777777772348 0.005915637860076218 0.005833333333327332 0.007098765432091462 0.009948559670771658 0.02818930041149363 0.044146090534934006 0.6563271604931519
0.037007751937927116 0.0397984496123414 0.014310077519357658 0.010821705426339812 0.006604651162780458 0.005689922480611334 0.00545736434107681 0.008356589147273866 0.009224806201536085 0.011131782945719175 0.010015503875953465 0.014232558139512817 0.019193798449582643 0.012434108527112506 0.005209302325573319 0.005860465116269984 0.0038139534883661797 0.005968992248052761 0.004542635658907686 0.006604651162780458 0.006279069767432126 0.007999999999987597 0.009488372093008545 0.036465116279013235 0.028697674418560158 0.6747906976733724
0.04777096114509658 0.04157464212670434 0.013680981595064047 0.007995910020433546 0.005501022494876276 0.005132924335367826 0.0043762781186004575 0.004069529652343416 0.005092024539866887 0.005807770961133317 0.006625766871152095 0.00928425357871312 0.011860940695272267 0.012106339468277902 0.006298568507144583 0.006973415132910075 0.005092024539866887 0.006032719836388481 0.004253578732097641 0.0053987730061239286 0.0054192229038743985 0.008997955010206548 0.011513292433514288 0.030163599181942405 0.032331288343492165 0.6966462167674915
0.038283333333269526 0.036316666666606136 0.01948333333330086 0.013449999999977582 0.0086999999999855 0.00794999999998675 0.008299999999986167 0.008599999999985666 0.009766666666650388 0.011766666666647056 0.012199999999979666 0.01593333333330678 0.02161666666663064 0.01798333333330336 0.012116666666646472 0.011649999999980584 0.008799999999985333 0.008766666666652056 0.007099999999988167 0.009666666666650555 0.007816666666653638 0.011116666666648138 0.013683333333310527 0.031066666666614888 0.046733333333255446 0.6011333333323314
0.03186344238968845 0.028515154830881902 0.01067950541632415 0.007156143998233601 0.00494583652477307 0.006324543166634589 0.0065215012583290915 0.008797461429021124 0.009650946493030636 0.013305613305584187 0.013305613305584187 0.021599737389163803 0.020483641536228288 0.03429259218725398 0.013830834883436194 0.01864536601374626 0.00932268300687313 0.0141372141371832 0.005077141919236071 0.010438778859808647 0.005077141919236071 0.011139074296944657 0.011883138198901667 0.03214793741102495 0.0424991793411916 0.608359776779498
0.03006927541655112 0.0252262372838729 0.008525244960358827 0.006615490232782106 0.004805591961549266 0.005454658927784492 0.005566997441171357 0.008924670785734352 0.011021656368955848 0.014479186169862723 0.016189227984751683 0.02126942520124662 0.01943456281592781 0.029070710853112313 0.016488797353783325 0.01948449104409975 0.012619359670457943 0.015889658615720042 0.009224240154765993 0.013131124009220332 0.009398988953367785 0.014753791424808396 0.013842601260670483 0.03029395244332485 0.03818261249449144 0.60003744617038
0.018194805194781564 0.016181818181797165 0.007662337662327711 0.00492207792207153 0.004181818181812751 0.004727272727266588 0.00388311688311184 0.0056883116883043 0.006129870129862169 0.00914285714284527 0.010584415584401837 0.013259740259723039 0.012883116883100152 0.04328571428565807 0.009519480519468156 0.016311688311667127 0.006051948051940192 0.021701298701270518 0.005285714285707421 0.014571428571409648 0.006246753246745134 0.01587012987010926 0.010454545454531877 0.02327272727269705 0.2640389610386181 0.4459480519474728
0.03319865319859731 0.030707070707019012 0.012474747474726473 0.00725589225588004 0.004410774410766985 0.004057239057232227 0.0034006734006676756 0.0075420875420748445 0.006919191919180271 0.010606060606042751 0.009781144781128315 0.015269360269334563 0.009410774410758568 0.02622895622891207 0.007643097643084776 0.016228956228928906 0.006784511784500362 0.01932659932656679 0.006750841750830385 0.013434343434320817 0.00648148148147057 0.016178451178423942 0.013939393939370472 0.03930976430969813 0.08797979797964986 0.5846801346791504
0.018328598712795786 0.018087855297128592 0.004846967435432861 0.00293706967113978 0.001717303031759325 0.0020543438136933984 0.0014605100550476504 0.004461777970365349 0.003675349479185845 0.007286500714193772 0.006949459932259699 0.008955655062819657 0.008923555940730698 0.05309194793513876 0.006949459932259699 0.021891601264670275 0.0055531481213899675 0.03994735743970991 0.007286500714193772 0.02561509942698956 0.008522316914618707 0.028889209880063414 0.016595246119991983 0.028825011635885495 0.37722888278945027 0.2899192707074808
0.04923333333325128 0.04106666666659822 0.013983333333310028 0.007866666666653555 0.003966666666660056 0.002966666666661722 0.0031166666666614723 0.0027166666666621386 0.002733333333328778 0.002733333333328778 0.002566666666662389 0.0038166666666603053 0.005316666666657806 0.006916666666655139 0.003133333333328111 0.00584999999999025 0.0027833333333286943 0.0051666666666580555 0.0030499999999949166 0.00404999999999325 0.003866666666660222 0.006916666666655139 0.01199999999998 0.03334999999994442 0.03883333333326861 0.73199999999878
0.02765925925921828 0.023229629629595214 0.010518518518502936 0.007970370370358562 0.007733333333321876 0.007733333333321876 0.008177777777765663 0.010103703703688734 0.013733333333312987 0.01954074074071179 0.026488888888849645 0.048696296296224156 0.052725925925847815 0.06727407407397441 0.035688888888836014 0.030103703703659106 0.01642962962960529 0.014266666666645531 0.009318518518504713 0.008859259259246135 0.006992592592582233 0.007629629629618326 0.008177777777765663 0.01767407407404789 0.022088888888856163 0.4911851851844575
0.02644444444438568 0.024288888888834913 0.010133333333310814 0.010711111111087308 0.010111111111088643 0.010799999999976 0.010444444444421235 0.015711111111076197 0.014177777777746271 0.01902222222217995 0.021333333333285926 0.036377777777696935 0.045888888888786915 0.07079999999984267 0.029955555555488986 0.025822222222164837 0.013644444444414124 0.02082222222217595 0.009955555555533431 0.014111111111079752 0.007733333333316148 0.015333333333299259 0.014866666666633629 0.021488888888841134 0.04006666666657763 0.45995555555453344
0.04158266129027494 0.03587793255127855 0.010389937683272555 0.007022085777118056 0.004902859237531041 0.004467558651021275 0.003757331378294816 0.004948680351900489 0.005269428152486632 0.006655516862162464 0.007640670821105617 0.010275384897348933 0.010011913489724602 0.014628390762446587 0.006334769061576321 0.00893511730204255 0.004582111436944898 0.009610978738991922 0.004822672287384505 0.0075604838709590816 0.00602547653958254 0.01214259530790398 0.011260538856292086 0.03276209677415602 0.04726447947208662 0.6812683284449674
0.03234848484843583 0.03840909090903271 0.011712121212103466 0.008227272727260261 0.006499999999990152 0.005924242424233448 0.004742424242417057 0.006015151515142401 0.005848484848475987 0.007787878787866988 0.007348484848473715 0.014181818181796695 0.017787878787851836 0.024772727272689737 0.007409090909079683 0.011772727272709435 0.004454545454538705 0.0069393939393834255 0.003878787878782002 0.004924242424234963 0.003424242424237236 0.006272727272717768 0.010515151515135582 0.031742424242376145 0.038424242424184206 0.6786363636353354
0.03759338099439699 0.04045304843756052 0.014218009478650144 0.009976704956205356 0.007599003936046913 0.0060567113824306264 0.005092778536420447 0.005735400433760566 0.005847859265795088 0.007084906418174817 0.007309824082243859 0.011840308458491702 0.018138003052424873 0.012804241304501881 0.007213430797642841 0.007759659410381943 0.006410153425967692 0.0069563820387067935 0.005317696200489489 0.005510482769691525 0.0043055667121788006 0.006763595469504758 0.01016949152540739 0.03460518917176544 0.03393043617955831 0.6813077355599947
0.036117900190018766 0.03538676860722486 0.013745273756525359 0.009567378997703062 0.006099726347880555 0.0060579474002923316 0.00603705792649822 0.006099726347880555 0.007896221094174143 0.010862526372937973 0.011259426375026091 0.0154582106076425 0.015750663240760063 0.017526268513259537 0.01219945269576111 0.011969668484025883 0.007415763196909579 0.00871091057214449 0.007039752668615572 0.008439347412821041 0.006768189509292122 0.00814689477970348 0.013285705333054907 0.03062396858216744 0.034488521234078064 0.6530467297515133
0.02602754820933771 0.02256749311292279 0.0069641873278160175 0.005719008264456508 0.0050468319559173035 0.007922865013765374 0.0073939393939312465 0.011768595041309346 0.012881542699710324 0.016374655647364875 0.01900826446278897 0.027548209366360828 0.02729476584019031 0.0327603305784763 0.020264462809895026 0.020385674931107014 0.013785123966926958 0.015096418732765734 0.009046831955912896 0.01096418732781161 0.0075261707988897785 0.009443526170788492 0.010600550964175646 0.02301928374653111 0.02719559228647141 0.6033939393932745
0.035984848484798 0.03470819304147768 0.012373737373720014 0.007814253647576017 0.0056116722783310724 0.005415263748589485 0.00507856341188962 0.006172839506164179 0.0066358024691264925 0.008529741863063229 0.01148989898988287 0.01735409652073884 0.024452861952827646 0.020244107744079344 0.012752525252507361 0.010928731762049762 0.007645903479226086 0.00834736251401747 0.006158810325468352 0.006986531986522185 0.005948372615030936 0.008613916947238195 0.011840628507278562 0.024887766554398304 0.03414702581364457 0.6598765432089508
0.04437489969500181 0.04185523992931816 0.014764885251139842 0.00760712566200031 0.006403466538266084 0.005568929545810353 0.005793612582240742 0.005761515005607829 0.005601027122443266 0.005681271064025548 0.007687369603582591 0.009260150858595313 0.01380195795215246 0.010544053923911821 0.005504734392544528 0.0055849783341268095 0.003723318889417873 0.005247953779481226 0.004365270422076127 0.005167709837898944 0.006612100786380016 0.010014443909468762 0.015936446798241154 0.03829240892306485 0.032113625421229156 0.6827315037703695
0.04174804687491506 0.03562418619784419 0.01625569661455026 0.013916015624971688 0.011820475260392618 0.010192871093729263 0.011067708333310815 0.012858072916640506 0.013692220052055476 0.0166625976562161 0.018737792968711878 0.021301269531206663 0.027119954427028158 0.02097574869787399 0.01204427083330883 0.010803222656228021 0.009134928385398082 0.009419759114564169 0.007039388020819011 0.007873535156233982 0.0066935221354030485 0.009073893229148205 0.013041178385390133 0.027628580729110456 0.04656982421865525 0.5687052408842597
0.03669029970989898 0.0362068965516658 0.017241379310317044 0.011150499516578875 0.0067998710924801805 0.006944892039950137 0.005236867547526205 0.006977118917165683 0.0054785691266427995 0.007299387689321142 0.006235900741208128 0.01150499516594988 0.013341927167235994 0.01748308088943364 0.005929745407660442 0.008266194005787517 0.0038511118272577327 0.00855623590072743 0.0029004189493991293 0.007041572671596775 0.004930712213978519 0.009941991620995905 0.01364808250078368 0.03607798904280361 0.032758620689602384 0.6775056397024211
0.04470238095229226 0.039503968253889875 0.016646825396792367 0.011924603174579515 0.006765873015859592 0.004384920634911934 0.0028174603174547274 0.004345238095229474 0.005059523809513771 0.006607142857129747 0.007420634920620197 0.013551587301560414 0.017876984126948655 0.014940476190446547 0.0065873015872885176 0.007857142857127268 0.0034523809523741024 0.0067857142857008215 0.002896825396819649 0.005119047619037462 0.005198412698402384 0.00755952380950881 0.012480158730133967 0.030357142857082624 0.03210317460311091 0.6830555555542003
0.015464248971168557 0.016091177983513227 0.008953832304512355 0.007957175925913135 0.006349665637849875 0.0056905864197439385 0.004774305555547881 0.014017489711911623 0.01406571502055352 0.022199717078153613 0.0268775720164177 0.05989583333323705 0.07357574588465539 0.14295588991746566 0.032552083333281 0.044399434156307226 0.014451517489688703 0.024980709876503054 0.006767618312746322 0.014885545267465784 0.006864068930030118 0.012956532921789872 0.009484310699573232 0.015030221193391476 0.030365869341514973 0.3683931327154572
0.04018656716412912 0.036915422885526225 0.01353233830844088 0.007823383084567384 0.006940298507454055 0.006007462686559692 0.005659203980092464 0.0055970149253661726 0.006256218905464855 0.007798507462676868 0.008470149253720808 0.011728855721378446 0.015037313432817117 0.012288557213915063 0.008047263681582031 0.006803482587056215 0.004651741293526553 0.005261194029844202 0.003830845771139514 0.004527363184073971 0.004651741293526553 0.007624378109443253 0.012064676616900418 0.03131840796016005 0.03582089552234351 0.6911567164170508
0.027528089887588897 0.025786516853884296 0.010168539325823654 0.007172284644181326 0.005823970037442277 0.006423220973770743 0.0075093632958660875 0.009868913857659421 0.010486891385748152 0.010617977528070003 0.011198501872638204 0.013913857677876566 0.016928838951279158 0.015018726591732175 0.006835205992496563 0.008089887640434288 0.0042509363295800545 0.006011235955044923 0.003258426966286033 0.004325842696621112 0.00485018726590852 0.006891385767777357 0.008089887640434288 0.02745318352054784 0.032041198501812654 0.7094569288376227
0.051759999999917185 0.036575999999941475 0.01582399999997468 0.008847999999985843 0.00665599999998935 0.004895999999992166 0.00319999999999488 0.002959999999995264 0.002927999999995315 0.0035359999999943423 0.004223999999993242 0.00585599999999063 0.0061439999999901695 0.0071999999999884795 0.0036639999999941377 0.004991999999992012 0.0019839999999968255 0.003679999999994112 0.001967999999996851 0.002639999999995776 0.003279999999994752 0.005871999999990604 0.011647999999981362 0.03446399999994486 0.04063999999993498 0.7245599999988407
0.03333333333328395 0.03244444444439638 0.010311111111095835 0.005659259259250875 0.004503703703697032 0.005155555555547918 0.004829629629622474 0.005807407407398804 0.006059259259250283 0.008696296296283414 0.008859259259246135 0.017407407407381618 0.025096296296259115 0.019599999999970964 0.006696296296286376 0.007777777777766255 0.00465185185184496 0.005659259259250875 0.0028444444444402305 0.0046814814814745455 0.003866666666660938 0.005999999999991111 0.010829629629613586 0.029748148148104076 0.033762962962912944 0.6957185185174878
0.021016438802040575 0.02475992838536629 0.0069376627604025515 0.005289713541655905 0.005228678385406029 0.004516601562490811 0.004699707031240438 0.008239746093733236 0.0085856119791492 0.014099121093721315 0.014506022135387153 0.021687825520789208 0.01822916666662958 0.03476969401034593 0.016825358072882435 0.0295410156249399 0.01658121744788293 0.028584798177025177 0.013814290364555228 0.023315429687452566 0.015665690104134794 0.028157552083276045 0.022460937499954304 0.033264160156182325 0.11657714843726281 0.46264648437405875
0.03788269416687418 0.034047695778224224 0.011875604253928657 0.00828230744439529 0.007637769900084373 0.008669029970981842 0.007476635514006644 0.00876571060262848 0.008378988076041928 0.010538188849483503 0.012842410570395034 0.023283918788231897 0.03164679342566605 0.03735095069281767 0.018256525942606742 0.014212052852055733 0.006848211408303499 0.0060103126006993066 0.004302288108275375 0.004560103125999742 0.004962939091194066 0.00641314856589363 0.01106993232354001 0.02903641637120684 0.03264582661934798 0.6130035449555059
0.023317676380340158 0.01641583588955088 0.007081575920236913 0.007500958588948067 0.007596817484653474 0.006158934049072375 0.006362634202446363 0.007848447085880166 0.008303776840480847 0.013396280674830573 0.01929160276071308 0.03250814800609601 0.04166267254596235 0.035671491564374436 0.022886311349665827 0.015109758435564717 0.008878930214713287 0.006482457822078122 0.0052123274539814845 0.005487921779134528 0.005116468558276078 0.005595763036803111 0.0058114455521402755 0.009873466257656881 0.38961848159462514 0.2868098159505766
0.03628817471586882 0.03375799005678072 0.008023348721582006 0.004594282670449447 0.0035289417613597203 0.0035400390624960713 0.00402832031249553 0.005515358664766607 0.006103515624993227 0.007202148437492007 0.007712624289764168 0.012406782670440777 0.019509055397705623 0.020174893465886704 0.008411754261354302 0.010176225142034161 0.005415482954539445 0.010808771306806186 0.0047052556818129605 0.007757013494309573 0.005637428977266472 0.010531338778397403 0.01276189630680402 0.0323042436079187 0.06983531605105886 0.6492697975845068
0.02062222222219167 0.017629629629603513 0.00909629629628282 0.007570370370359155 0.007807407407395841 0.00770370370369229 0.008770370370357376 0.01897777777774966 0.01804444444441771 0.026088888888850238 0.02567407407403604 0.030325925925880997 0.027155555555515326 0.057096296296211706 0.020533333333302914 0.03026666666662183 0.01348148148146151 0.04134814814808689 0.015985185185161503 0.030148148148103484 0.01281481481479583 0.031022222222176262 0.018740740740712976 0.026237037036998166 0.13743703703683344 0.33942222222171936
0.03313529440172417 0.026791608301491264 0.01658374792700481 0.014587257885307141 0.01426524336245268 0.0134441063291738 0.014152538279453617 0.016020222512009498 0.01606852469043767 0.0206894330933992 0.02171987956653348 0.0332963016631514 0.0358724178459871 0.03432674813628568 0.022975736205665884 0.019997101869262107 0.01540839491858602 0.017034568259001057 0.011801832262616043 0.009853644399346545 0.00853338485564325 0.009080809544495836 0.011689127179616982 0.022524915873669636 0.028063565666766387 0.5120835949693087
0.029072386058950055 0.028911528150103043 0.009415549597845132 0.00476139410187157 0.0033029490616586564 0.0032707774798892537 0.002680965147450208 0.005093833780155395 0.005040214477206391 0.009962466487924973 0.011549597855215496 0.0231849865951494 0.029554959785491094 0.045683646112551546 0.02089008042893202 0.018766756032151458 0.00991957104556577 0.012707774798913987 0.0063270777479824914 0.007442359249321778 0.005383378016080018 0.008407506702403852 0.011109919571033662 0.028772117962435634 0.03000536193026273 0.628782841822382
0.03366706378295264 0.030448130498498843 0.013368310117286739 0.008900751466265464 0.0075604838709590816 0.007182459677411127 0.0078124999999910506 0.009599523460399561 0.01005773460409405 0.013815065982388866 0.01540734970672722 0.0217535740468959 0.02776759530788608 0.024583027859209378 0.015590634164205015 0.012784090909076264 0.00923295454544397 0.007927052785914672 0.0057161840175887595 0.006357679618761046 0.005762005131958209 0.00974844208210027 0.012165505865088704 0.02750412390026175 0.032842283724302555 0.6224454728731873
0.04416009897355645 0.03775659824042596 0.016690340909071788 0.011283449413476811 0.008843475073303653 0.00750320747799727 0.0065753299120159285 0.006712793255124275 0.006254582111429785 0.006964809384156245 0.00760630498532853 0.011237628299107362 0.014765854105554933 0.011478189149546968 0.006369134897353408 0.007010630498525693 0.005143420087970647 0.005601631231665138 0.003894794721403163 0.0047081195014608826 0.004490469208206 0.008465450879755698 0.015052236070363989 0.03267045454541712 0.03862719941344549 0.6701337976531913
0.030787269681690474 0.02512562814066143 0.017939698492432262 0.011825795644871313 0.009765494137337075 0.010402010050233832 0.011909547738673518 0.014087102177530841 0.015293132328282591 0.018174204355078435 0.0210217755443534 0.028525963149030945 0.03608040200998981 0.03757118927966906 0.020435510887737963 0.019748743718559884 0.012194304857601014 0.012696817420414242 0.009463986599649138 0.01177554438858999 0.009195979899482084 0.012378559463965865 0.01246231155776807 0.02331658291453381 0.0339865996649347 0.5338358458952532
0.014868164062481851 0.011791992187485605 0.0038818359374952613 0.002709960937496692 0.0022705078124972285 0.002478027343746975 0.0023803710937470943 0.0030273437499963047 0.003564453124995649 0.0040649414062450375 0.005346679687493474 0.007348632812491029 0.010229492187487513 0.006542968749992013 0.004028320312495083 0.0031738281249961255 0.0027343749999966622 0.002600097656246826 0.0019165039062476604 0.0014038085937482863 0.0017578124999978542 0.0023071289062471835 0.003808593749995351 0.006054687499992609 0.699658203124146 0.190051269531018
0.030182192389514955 0.026217929227932014 0.008992679561230918 0.007273662792048935 0.007928526323165881 0.0074841546413365245 0.006151039595848456 0.007928526323165881 0.008992679561230918 0.011752461585223762 0.012816614823288799 0.01880393853635802 0.01893257244425599 0.026089295320034043 0.013097270622338918 0.01796197113920766 0.010805248263429608 0.015284047056604435 0.009133007460755977 0.013927544027862188 0.011612133685698701 0.021329840727809097 0.023189185396516137 0.03703487148298871 0.08614963631675965 0.5409289706942244
0.03029521306607179 0.028892507618095073 0.011124905277056696 0.007384357415785459 0.0064653435015938196 0.006723312319612525 0.00719088080227143 0.015349144672113008 0.012833948696430625 0.016638988762206538 0.016300404688556987 0.02982764458341288 0.04037212001992749 0.0718604388693358 0.02877964626021189 0.02305596311042185 0.009625461522322968 0.01233413411151938 0.005691437047537702 0.006803927575243371 0.004724053979967554 0.008787062863762173 0.012011673088995999 0.02342679328632374 0.030488689679585818 0.5330119471800251
0.041922511458918614 0.034387702153383215 0.014431808354217729 0.011296808786634851 0.009696877972833935 0.008064516129023539 0.006399723255203667 0.006713223211961955 0.007091585228739199 0.008075326472360032 0.008983395312625419 0.013685894663999734 0.019869411052473546 0.015415549597838562 0.00750237827552592 0.007794257545611223 0.004572775231336404 0.006659171495279491 0.004507913171317448 0.005653809564985672 0.0054051716682463405 0.007761826515601745 0.013394015393914431 0.031836461125970945 0.03731730519757274 0.6615605811633426
0.04367195767191146 0.03750264550260582 0.011798941798929314 0.007058201058193589 0.005449735449729683 0.005301587301581691 0.004518518518513737 0.003936507936503771 0.004338624338619748 0.004857142857137718 0.005587301587295675 0.006571428571421617 0.007534391534383561 0.008984126984117477 0.005174603174597699 0.0059153439153376555 0.0029100529100498304 0.0033756613756578033 0.002444444444441858 0.0033544973544938047 0.0028783068783038326 0.00499470899470371 0.009343915343905456 0.03379894179890603 0.039227513227471714 0.7294708994701276
0.029835169198273604 0.02904107724242602 0.007804789508901992 0.005116221029818021 0.004537668319129065 0.0048326167598724545 0.00434481741556608 0.006534242379545854 0.008553504781558289 0.011105943211068387 0.012728159635157029 0.01945525291826587 0.01878594684119433 0.03212669169943378 0.013953330081321876 0.0185704075960357 0.011208040748248792 0.016471735998438507 0.009188778346236357 0.012070197728883314 0.008043017095656269 0.013113861442283 0.01205885355808549 0.028258329457376254 0.04533130650809936 0.6169300404979899
0.03847117794476573 0.03408521303249603 0.013634085212998411 0.009523809523785655 0.007644110275670065 0.006716791979933041 0.007593984962386982 0.010977443608995044 0.011629072681675115 0.013082706766884505 0.014411027568886188 0.01887218045108052 0.02824561403501693 0.0247619047618427 0.015187969924773965 0.014335839598961564 0.007218045112763864 0.00942355889721949 0.004486215538835874 0.006040100250611428 0.005764411027554475 0.008546365914765548 0.012706766917261386 0.030526315789397178 0.04037593984952287 0.6057393483694091
0.043016975308572826 0.03766396604932217 0.01692708333330612 0.011541923868294203 0.008085776748958195 0.006622942386820629 0.006188914609043549 0.008391203703690215 0.009516460905334496 0.009870113168708413 0.010497042181053084 0.01572145061725868 0.018647119341533812 0.019692001028774928 0.010577417695456247 0.010641718106978778 0.006574717078178732 0.009066358024676783 0.006719393004104425 0.00892168209875109 0.008278677983525787 0.012731481481461015 0.014403292181046806 0.03203768004110076 0.03948045267483365 0.618184156377607
0.04547150610575734 0.036719810040643286 0.01183853459970855 0.007259158751683753 0.004698100407047662 0.0036126187245528957 0.004732021709625624 0.004901628222515431 0.005902306648565295 0.006343283582078794 0.0074966078697294835 0.010362957937567226 0.013636363636340508 0.01229647218451103 0.006122795115322044 0.00625848032563389 0.004341926729979067 0.0053934871098958725 0.0037313432835757608 0.004918588873804412 0.004121438263222318 0.004681139755758682 0.008361601085467501 0.031411126187192315 0.0361770691993959 0.7092096336487292
