0.04135033444814325 0.022215719063535862 0.02022157190634606 0.01959030100333629 0.016429765886280756 0.01391722408026174 0.013469899665546209 0.014301839464876964 0.01571488294313724 0.017938963210694842 0.021973244147148005 0.0372784280936299 0.053557692307669914 0.042345317725734806 0.022855351170559007 0.016868729096982914 0.013921404682268428 0.013733277591967503 0.012102842809359488 0.013348662207352278 0.013352842809358965 0.01586956521738467 0.020936454849489576 0.023018394648819808 0.03643812709028577 0.44724916387941166
0.041345755693496175 0.03354037267073801 0.010724637681137216 0.005279503105579131 0.0025465838509264047 0.00289855072463168 0.0016977225672842697 0.004057971014484352 0.00289855072463168 0.004720496894400164 0.003602484472042231 0.005424430641810716 0.005134575569347547 0.034927536231811745 0.0037888198757685533 0.014761904761874198 0.0037060041407790765 0.024575569358127172 0.003043478260863264 0.015341614906800534 0.00507246376810544 0.021884057970969185 0.01712215320907428 0.038571428571348716 0.06233954451332849 0.6309937888185694
0.02496027901568496 0.020964929277263723 0.0024840147258273653 0.0017477233094354784 0.0008254214299551151 0.000941677969385413 0.0009920558031385421 0.002100368145707382 0.001391203255182565 0.002941290447586537 0.002375508622359087 0.005301298198021585 0.007913195117222277 0.02497190466962799 0.005824452625457925 0.011552024801390602 0.004545630691724648 0.012427824065098845 0.003727959697731553 0.0061964735516348785 0.003972098430535178 0.01221856229412431 0.009021507459791118 0.027773687269898168 0.38946715752746 0.41336175159836724
0.04019186356367376 0.03168946526913068 0.02058980280688556 0.013334517676314325 0.009646473618756566 0.00794812577722226 0.0066015278024492445 0.0064629596731190396 0.006921300408595871 0.008900337537747771 0.010641321726768292 0.015846509149043935 0.018944750399709026 0.016400781666364755 0.010438799076208762 0.009635814531885011 0.007397406288858626 0.007404512346772995 0.00618582341445863 0.006836027713623437 0.007877065198078565 0.011867116716997026 0.018113341623727797 0.03258482856634124 0.042909930715920086 0.6246295967309914
0.0490069284064491 0.029209451057015737 0.023847930360623965 0.019040682181553015 0.015935334872973553 0.013291881328828107 0.011291526025933099 0.010438799076208762 0.010371291526022251 0.010818973174627529 0.012378752886831629 0.014528335405928397 0.015320660863380593 0.014912062533304349 0.011671700124351866 0.010680405045297324 0.00843489074435657 0.009635814531885011 0.00967134482145686 0.011611298632079726 0.012957896606852742 0.01624800142120581 0.02142121158286679 0.028097352993416914 0.047614141055232685 0.5615633327409623
0.0296736099721077 0.027754633426266113 0.014039691651627344 0.009525996391664909 0.006990323109723802 0.005953747744790568 0.0054945054945036926 0.006248974905689274 0.0069509594882706405 0.009332458586186868 0.012540593734619472 0.02297523372149484 0.03262588158109476 0.03137936690174467 0.015794653108080762 0.011615548630470193 0.007938330326387424 0.008368049860584429 0.006527800557649162 0.0073642775135288295 0.008384451369523246 0.011841889453825867 0.018441856650805825 0.03471543381990004 0.04605543710019811 0.6014662948989334
0.041999529522458716 0.02591860738649323 0.02210146632164634 0.019540500274442166 0.017137928330586194 0.014533051046810236 0.012786011134632983 0.012596251862304933 0.01330980945659636 0.014583235317177983 0.01766172665254957 0.022440210146628645 0.027569983533281963 0.022981259311530937 0.016678428605031492 0.014736924645179214 0.012095977417076437 0.01304634203716568 0.012749941190306164 0.014082960871949489 0.014942366501997185 0.017453148278833614 0.02004077471967066 0.024532266917584172 0.045070179565585344 0.5094111189523235
0.03920289855071111 0.03123188405796024 0.016349206349200708 0.01251552795030624 0.009706694271908314 0.008664596273288935 0.007612146307795855 0.007370600414076132 0.007684610075911772 0.008516218081432533 0.010514147688057104 0.015072463768110741 0.018612836438916973 0.016473429951685138 0.00953416149067994 0.008806073153896202 0.005873015873013847 0.006849551414766442 0.005231193926844296 0.0066977225672854735 0.006387163561074401 0.011321601104205893 0.017995169082119393 0.035089717046226675 0.053664596273273406 0.6230227743269071
0.04431337715400806 0.03642565286905794 0.019602060756788203 0.011661041037480313 0.008392254396870353 0.006335050630660389 0.005500088825721975 0.005045301119202329 0.005400604014920803 0.005681293302538397 0.0063812400071037905 0.008672943684487948 0.0101971931071202 0.009077988985607008 0.005745247823767723 0.006672588381592939 0.004789483034285028 0.005677740273581212 0.005297566175162445 0.006750755018651003 0.0076034819683753405 0.011124533664945417 0.01746313732456299 0.033728903890554725 0.047148694261841484 0.6653117782907567
0.04846686800495702 0.02895007994314125 0.02158820394385447 0.018447326345703164 0.015885592467572967 0.014055782554622826 0.0128513057381372 0.011728548587666822 0.011792503108896148 0.012407177118489108 0.013608100906017549 0.016557114940480882 0.01750932670100639 0.015516077456025753 0.010701723219040433 0.011106768520159493 0.009593178184398794 0.009813465979744248 0.009301829809909646 0.010275359744178264 0.01256706342156242 0.015928228815059182 0.021314620714151248 0.029074435956642716 0.04539349795699222 0.5555658198612344
0.04267806267804748 0.03434116809115586 0.019362535612528715 0.014006410256405269 0.01055911680911305 0.009106125356122112 0.007927350427347605 0.007357549857547237 0.00726851851851593 0.007948717948715118 0.009259259259255961 0.011762820512816324 0.012920227920223319 0.012856125356120778 0.008999287749284544 0.008226495726492797 0.0062927350427328015 0.00695868945868698 0.005559116809114829 0.006712962962960573 0.006745014245011843 0.009715099715096256 0.014999999999994658 0.034850427350414936 0.044768518518502574 0.6388176638174363
0.032774327122085355 0.027204968944043055 0.01109730848858986 0.0073498964803160455 0.004554865424421212 0.004616977225663319 0.0039544513457475065 0.0058385093167580985 0.004989648033115963 0.007287784679073938 0.005383022774315977 0.007908902691495013 0.0067080745341476025 0.046915113871538475 0.007101449275347616 0.017950310558969045 0.0065838509316633875 0.0328778467908222 0.006645962732905495 0.0195238095237691 0.007267080745326569 0.019875776397474378 0.01136645962730566 0.03142857142850636 0.11683229813640407 0.5459627329181242
0.03670989518563272 0.029230769230758846 0.024519452833531883 0.018809735299336005 0.013057381417653915 0.010012435601346594 0.008424231657485015 0.008449102860185308 0.009735299342686184 0.011717889500795269 0.015906910641316076 0.023503286551777046 0.02969976905310723 0.023965180316211063 0.01460650204298646 0.010957541303957733 0.007766921300405839 0.007898383371821674 0.006825368626751883 0.008982057203763018 0.009497246402554806 0.013995381062350685 0.022540415704379983 0.03427251732100399 0.04343222597262625 0.5554841001952192
0.03459627329185384 0.028364389233895726 0.018985507246337505 0.014120082815705755 0.009503105590042436 0.007908902691495013 0.009151138716337161 0.010559006211158262 0.009440993788800329 0.011076604554842492 0.01209109730846358 0.01472049689437946 0.013188405797074143 0.03989648033118034 0.011035196687347752 0.015797101449242654 0.010476190476168787 0.024223602484421895 0.00869565217389504 0.014637681159389983 0.010207039337452987 0.01886128364385329 0.014679089026884723 0.028426501035137833 0.041242236024759335 0.5681159420278092
0.03072596694643407 0.025807735571510632 0.0120723371117051 0.010042398546333816 0.009320757982173692 0.008921000259581393 0.009028294540104 0.011482218568830756 0.01475815523059362 0.020197283031925205 0.02840875659772806 0.04032015228864925 0.049583802024738326 0.04273254304749628 0.02932768019381685 0.02090507917279209 0.015443454183608991 0.012807822099158466 0.01016180669723801 0.009736090680970887 0.009102708315305165 0.009831271091111909 0.012622652937611382 0.023083845288565705 0.03061867266591146 0.5029575149259318
0.04234999999998371 0.030873076923065047 0.020419230769222915 0.014134615384609948 0.011192307692303387 0.009742307692303945 0.00812692307691995 0.007823076923073914 0.008299999999996808 0.009753846153842402 0.012830769230764295 0.016057692307686132 0.01976153846153086 0.016665384615378205 0.010053846153842286 0.008080769230766123 0.0056846153846131986 0.005988461538459235 0.005803846153843922 0.006649999999997443 0.0077846153846123905 0.011434615384610986 0.01756538461537786 0.02996538461537309 0.05815384615382379 0.6048038461536135
0.04341090779888314 0.03894119737074474 0.01548410019541109 0.00863030733700173 0.005528513057379453 0.004586960383725498 0.003993604547875646 0.003496180493869783 0.003862142476459811 0.004082430271805265 0.004498134659795879 0.006018831053470947 0.007283709362228714 0.006772073192394112 0.0037626576656586384 0.003965180316218168 0.0026043702256164135 0.0034322259726404574 0.0027358322970322487 0.003204832119380634 0.0034322259726404574 0.005869603837269188 0.012719843666721364 0.03761236454075764 0.040675075501850885 0.7233966956828128
0.005621301775146598 0.005155029585797596 0.003417751479289132 0.0026650887573958187 0.001869822485206658 0.0015621301775144232 0.0014579881656801284 0.0018745562130173079 0.002378698224851508 0.003398816568046533 0.004449704142010781 0.008527810650885556 0.015917159763309843 0.02793136094673895 0.008440236686388535 0.008901775147926887 0.004688757396448594 0.009263905325441595 0.0035431952662713507 0.004889940828401209 0.003088757396448973 0.0072615384615367425 0.029514792899401298 0.12831715976328323 0.39761420118333785 0.3082485207099862
0.04404334695326202 0.02681826256883041 0.022135370403260923 0.01829454610054422 0.01372179783264746 0.011227571504703774 0.010779889856098497 0.010758571682355389 0.011312844199676209 0.013245691952384706 0.016120092378747158 0.01871380351749202 0.02260792325456649 0.019776159175690255 0.015370403268781179 0.014375555160769453 0.012208207496886761 0.012396518031617553 0.010769230769226944 0.011291526025933099 0.012329010481431044 0.015832297033215197 0.019815242494219287 0.026637058092013985 0.044142831764063195 0.5452762480012274
0.02819875776391677 0.025942028985453537 0.010455486542421417 0.005010351966863332 0.004057971014484352 0.003933747412000137 0.004761904761894903 0.008281573498947658 0.008322981366442396 0.012028985507221472 0.013002070393347822 0.019999999999958593 0.01712215320907428 0.052795031055791315 0.012650103519642545 0.024327122153158742 0.009627329192526651 0.0328778467908222 0.008281573498947658 0.01977225672873753 0.008550724637663456 0.02246376811589552 0.01619047619044267 0.034016563146927505 0.1506832298133526 0.44664596273199453
0.033954451345685394 0.02919254658379049 0.016314699792926886 0.010103519668716142 0.00652173913042128 0.007763975155263428 0.0055693581780423 0.006811594202884448 0.006190476190463374 0.008053830227726596 0.008095238095221335 0.01182194616974778 0.011532091097284612 0.05523809523798087 0.012422360248421485 0.019751552794990163 0.0089233954451161 0.03204968944092743 0.008571428571410826 0.01645962732915847 0.009047619047600316 0.02118012422355863 0.020103519668695436 0.03521739130427491 0.04902691511377013 0.5500828157338508
0.04712602291324153 0.03393453355154372 0.018592471358422718 0.01245171849426761 0.008461538461535691 0.006274959083467668 0.005080196399343672 0.004723404255317603 0.005410801963991682 0.00621931260228929 0.008104746317509622 0.010877250409161742 0.012831423895249482 0.01287397708673883 0.008487725040913751 0.006932896890341429 0.004549918166937954 0.004880523731585964 0.004104746317510931 0.005371522094924592 0.006684124386249858 0.01062847790507017 0.01773486088379125 0.033070376432067734 0.04220949263501073 0.6623829787231874
0.03906832298128557 0.030828157349832654 0.011221532091074075 0.006935817805368663 0.004679089026905427 0.004202898550715936 0.003726708074526446 0.005817805383010729 0.004389233954442258 0.006149068322968635 0.004886128364379118 0.006687370600400233 0.006666666666652864 0.05128364389223337 0.007412008281558153 0.01782608695648483 0.006149068322968635 0.02993788819869578 0.0065838509316633875 0.016066252587958456 0.006149068322968635 0.017701863354000615 0.015258799171811058 0.03666666666659075 0.05260869565206499 0.6010973084873683
0.04486764967132888 0.03308580564930429 0.021527802451582333 0.012904601172494971 0.009355125244267418 0.00761769408420408 0.006594421744534875 0.006256883993602325 0.006327944572746019 0.006622845976192353 0.0073263457097149315 0.00903535263812079 0.011039260969972983 0.0104530111920375 0.006892876176938393 0.0063990051518897145 0.004899626931957755 0.005688399360452767 0.00496358145318708 0.006303073370045726 0.00793391366139352 0.01208740451234248 0.019499022917029846 0.032559957363640944 0.04278557470241862 0.6569728193282441
0.030828157349832654 0.023706004140737667 0.010248447204947726 0.0059627329192423134 0.005134575569347547 0.0044513457556843656 0.004989648033115963 0.008592132505158194 0.007660455486526583 0.009937888198737189 0.010103519668716142 0.014099378881958386 0.0159006211179795 0.06113871635598108 0.014120082815705755 0.02389233954446399 0.010910973084863539 0.036853002070317074 0.010952380952358277 0.019296066252548042 0.008819875776379256 0.022650103519621843 0.014844720496863676 0.02900621118006417 0.08256728778450814 0.5133333333322705
0.04530226953201635 0.03772243422372455 0.01609560152640446 0.009515967061655145 0.006085559349264477 0.004587266519379559 0.0038762803775843034 0.003627234384413084 0.0034304077123906685 0.0038361116690083003 0.004619401486240362 0.006431010243018104 0.00930708977705993 0.007439244828275782 0.004522996585657954 0.004290018075917136 0.0032737497489442563 0.004358304880496341 0.0035549307089762783 0.0046274352279555625 0.004864430608553981 0.007342839927693375 0.012749548102023398 0.03562964450691479 0.042695320345433746 0.7102149025905964
0.037101449275285504 0.029834368529958934 0.010062111801221404 0.005631469979284407 0.0032298136645895863 0.0029192546583790492 0.002318840579705344 0.003892339544505399 0.002753623188400096 0.004865424430631748 0.004057971014484352 0.005942028985494944 0.007184265010337093 0.04211180124214883 0.004968944099368594 0.0159006211179795 0.002753623188400096 0.02271221532086395 0.0036645962732843383 0.01695652173909533 0.005527950310547561 0.021097308488569156 0.015362318840547904 0.03573498964795914 0.056128364389117745 0.6372877846777696
0.04056970220110268 0.037164916318977045 0.00953340046995179 0.005922409245669245 0.003980242650935606 0.0033520356783180586 0.0031937850668953176 0.003903515081760944 0.004229607250753259 0.005960773030256577 0.007787848271228222 0.013182755478821664 0.01530235457727171 0.018007001390678557 0.008233827267055948 0.009825924327430189 0.004570085838965823 0.0057209993765857566 0.003793219201072367 0.0050688150386011275 0.005303793219198531 0.007854984894256052 0.009653287296787199 0.027991176329531485 0.05559871481318966 0.6842948256842256
0.0389855072462961 0.03151138716349584 0.008364389233937133 0.0059627329192423134 0.004265010351958043 0.004037267080736983 0.0038302277432632915 0.0038716356107580297 0.002712215320905358 0.003975155279494875 0.003043478260863264 0.0054658385093054535 0.006604554865410756 0.01496894409934789 0.0035403726708001233 0.003043478260863264 0.002049689440989545 0.0021325051759790215 0.0016356107660421622 0.0026501035196632504 0.0029606625258737874 0.006066252587979159 0.011283643892316182 0.03364389233947486 0.040931677018548794 0.7524637681143841
0.03679089026907496 0.03364389233947486 0.01354037267077942 0.008115942028968703 0.0036853002070317076 0.0025465838509264047 0.0015527950310526856 0.0035817805382948615 0.0019254658385053302 0.0045755693581685805 0.0035403726708001233 0.006397515527937065 0.006873706004126555 0.038757763975075035 0.004886128364379118 0.01691511387160059 0.004389233954442258 0.025445134575516677 0.003498964803305385 0.01931677018629541 0.005672877846779145 0.023706004140737667 0.013788819875747848 0.03256728778461166 0.05763975155267569 0.6266459627316219
0.03451587426945679 0.03037118938555351 0.018666877270567473 0.012768914863366681 0.009015953245929863 0.006848839045962139 0.006270731322064044 0.006757226346546594 0.007404833359656482 0.00938556310219258 0.012614120991940416 0.02461538461537684 0.043165376717724475 0.032952140262191454 0.011849628810610694 0.009252882640970067 0.0063370715526753 0.006634023061125688 0.005841099352391141 0.007041541620594838 0.008333596588214079 0.012032854209441784 0.01969041225714115 0.029360290633381973 0.03901753277522065 0.5892560416993874
0.04568484633148137 0.03832297033219459 0.015590691064126633 0.010239829454606417 0.006640611120978276 0.004732634570970072 0.003862142476459811 0.003965180316218168 0.004245869603835763 0.004725528513055703 0.005606679694437518 0.0064629596731190396 0.007173565464555987 0.007681648605433405 0.004590513412682682 0.004924498134658048 0.003467756262212305 0.003837271273759518 0.003219044235209373 0.004178362053649252 0.004519452833538987 0.008068928761766542 0.01555871380351197 0.03602771362585325 0.04438799076210894 0.702284597619221
0.034368530020632775 0.024285714285664003 0.01256728778465307 0.010828157349874062 0.009213250517579269 0.007619047619031844 0.009565217391284544 0.011304347826063552 0.010559006211158262 0.012608695652147808 0.01327122153206362 0.021946169772211293 0.02178053830223234 0.0652173913042128 0.01763975155275851 0.026107660455432488 0.012236024844695163 0.03614906832290652 0.011304347826063552 0.02126293995854811 0.012215320910947795 0.02513457556930614 0.01741200828153745 0.029151138716295752 0.05451345755682295 0.47173913043380594
0.04727834414579942 0.03095149830088633 0.015875810936046994 0.01337040469570177 0.011510658016678558 0.009959839357426642 0.008659252394189479 0.008538770466478673 0.008168056842753114 0.008470806302128986 0.009369786839663463 0.011519925857271697 0.012746370095763748 0.012907012666044822 0.009156626506021268 0.009113376583253285 0.007513129440837963 0.007911646586342937 0.007649057769537334 0.008656163113991765 0.010046339202962605 0.013657707754089077 0.019141180105029614 0.03379054680258456 0.049221501390160884 0.614816187828046
0.050062111801138585 0.043747412008190996 0.011966873705979365 0.006169772256716005 0.00314699792960011 0.0028157349896422035 0.002049689440989545 0.0020703933747369145 0.0016563146997895313 0.0028571428571369417 0.0014078674948211018 0.0017598343685263772 0.002153209109726391 0.002753623188400096 0.001469979296063209 0.0025672877846737736 0.0012422360248421486 0.0022153209109684983 0.0019668737060000684 0.0029606625258737874 0.0026501035196632504 0.00674948240164234 0.009337474120063484 0.037846790890190794 0.041594202898464605 0.7547826086940894
0.030208333333320746 0.024724999999989696 0.01594583333332669 0.013137499999994527 0.011637499999995152 0.011654166666661811 0.01193333333332836 0.014849999999993813 0.017862499999992558 0.02355833333332352 0.0331124999999862 0.043624999999981824 0.047699999999980126 0.04102083333331624 0.029370833333321095 0.022049999999990813 0.015058333333327059 0.013416666666661076 0.010933333333328778 0.010983333333328757 0.011091666666662045 0.014170833333327429 0.016316666666659867 0.021812499999990912 0.03066666666665389 0.4631583333331403
0.03537829726740314 0.02389511925445462 0.015214026220181578 0.012939504027795628 0.011173590270095981 0.010664981835409678 0.010071078818508902 0.011347338493125463 0.013296477649656201 0.016597693887216363 0.0207202653609159 0.027692307692298943 0.032863686621376446 0.030364871268352436 0.019655662612535253 0.01583636076448718 0.012727847101559712 0.011928605275624095 0.01059864160479842 0.012137103143259474 0.013065866371817069 0.015747907123672168 0.018619491391559433 0.025161901753269576 0.04334860211655557 0.5289527720737549
0.03464190981431048 0.02774156877604102 0.019920424403175475 0.015820386510035686 0.012247063281541399 0.011030693444482369 0.010591133004922095 0.011379310344823274 0.012159909056456173 0.014096248579001857 0.01705191360363128 0.023118605532389876 0.031068586585816193 0.026066691928751017 0.01707843880257026 0.014035619552855613 0.01037893141341024 0.010037893141337614 0.008995831754449036 0.009829480863959898 0.01174308450170074 0.01452065176202557 0.020037893141333824 0.02504357711253314 0.053918150814682105 0.5374460022733848
0.035672877846717035 0.02699792960656936 0.013395445134547835 0.008074534161473966 0.004865424430631748 0.004596273291915949 0.0045755693581685805 0.006438923395431804 0.006438923395431804 0.007639751552779214 0.007184265010337093 0.007701863354021321 0.008260869565200288 0.04376811594193837 0.00629399585920022 0.017929606625221677 0.006231884057958112 0.02919254658379049 0.006625258799158125 0.017701863354000615 0.00844720496892661 0.023271221532042915 0.017950310558969045 0.03432712215313804 0.12670807453389915 0.5197101449264602
0.02805383022768519 0.023105590062063964 0.010455486542421417 0.008467908902673979 0.0059627329192423134 0.006376811594189696 0.006977225672863401 0.009006211180105576 0.0089233954451161 0.010372670807431941 0.009875776397495081 0.013209109730821513 0.016687370600379527 0.0546169772255598 0.011925465838484627 0.020579710144884928 0.008240165631452918 0.03490683229806438 0.009855072463747712 0.02277432712210606 0.010372670807431941 0.024513457556885065 0.015031055900589998 0.02755693581774833 0.11449275362295136 0.4876604554855328
0.024720496894358755 0.018674948240126967 0.011904761904737257 0.010559006211158262 0.008571428571410826 0.008095238095221335 0.007101449275347616 0.010703933747389847 0.012836438923368868 0.017515527950274296 0.018902691511348026 0.02708074534155884 0.027971014492695713 0.0674327122151813 0.018840579710105918 0.030372670807390534 0.014844720496863676 0.03939958592124348 0.01207039337471621 0.02267080745336921 0.010331262939937202 0.024575569358127172 0.01351966873703205 0.022401656314653413 0.12331262939933062 0.3955900621109822
0.04624052004332024 0.03705669916936184 0.019469122426861874 0.011430119176593923 0.007977609245211998 0.006171903214154506 0.004904297580352148 0.00432647165041375 0.004463705308774119 0.004915131816538492 0.006049115204042597 0.007912603828093927 0.009794149512455835 0.0085807150595852 0.005319609967495371 0.005503791982663235 0.003893102202959952 0.004467316720836234 0.003867822318525147 0.004738172625494858 0.005937161430117032 0.009144095341275138 0.01734922354640038 0.03678945467676534 0.04363308053447323 0.6800650054168725
0.047311500380783286 0.036552424473197995 0.017100787001768418 0.010347804011165094 0.006671744097483284 0.0047727849708023495 0.003549124143181747 0.0032597105864416048 0.002939832444781447 0.0032647880172616073 0.003610053313021777 0.004265041888802099 0.005214521452142567 0.0051332825590225265 0.0030972328002015245 0.0034932724041617197 0.0026351865955812973 0.002655496318861307 0.0025234831175412423 0.003173394262501562 0.0034120335110416795 0.005615638486922764 0.011043412033505437 0.03258695100277604 0.07490733688749687 0.700863163239045
0.039585921324969804 0.026873706004085146 0.01641821946166373 0.013188405797074143 0.009337474120063484 0.007660455486526583 0.007287784679073938 0.009089026915095054 0.007018633540358139 0.009544513457537174 0.011221532091074075 0.016811594202863742 0.01712215320907428 0.05140786749471758 0.01306418219458993 0.02246376811589552 0.009151138716337161 0.026956521739074625 0.007267080745326569 0.019213250517558563 0.011283643892316182 0.0231469979295587 0.01745341614903219 0.02855072463762205 0.04819875776387537 0.5306832298125659
0.009817751479287618 0.009377514792897189 0.004624852071004822 0.003493491124259528 0.0027360946745555656 0.0024544378698219045 0.0022224852071000656 0.0024023668639047567 0.0025491124260348997 0.00325680473372704 0.005382248520708785 0.010229585798814146 0.017720710059167404 0.01952662721893029 0.007401183431950911 0.008269822485205143 0.003330177514792111 0.00732307692307519 0.0027100591715969917 0.005886390532542985 0.003233136094673791 0.006546745562128628 0.008560946745560103 0.08929230769228656 0.19798106508871055 0.5636710059170263
0.0306625258798537 0.028674948240106263 0.009855072463747712 0.005734989648021252 0.0032919254658316938 0.0038302277432632915 0.003333333333326432 0.0057142857142738835 0.0039544513457475065 0.006728778467894971 0.00554865424429493 0.009565217391284544 0.010020703933726664 0.05672877846779145 0.008592132505158194 0.018737060041369075 0.0058385093167580985 0.03391304347819066 0.006376811594189696 0.01662525879913742 0.006563146997916019 0.019689440993748055 0.01447204968941103 0.036024844720422305 0.04836438923385432 0.6011594202886105
0.03749482401648552 0.03209109730842217 0.009420289855052959 0.004389233954442258 0.00217391304347376 0.002153209109726391 0.001159420289852672 0.0027329192546527267 0.0018219461697684845 0.0035196687370527544 0.0026501035196632504 0.00409937888197909 0.0035610766045474926 0.04372670807444363 0.004782608695642272 0.014575569358147876 0.0036231884057896 0.030124223602422104 0.004016563146989614 0.016521739130400576 0.006107660455473897 0.018964803312590133 0.01159420289852672 0.0359627329191802 0.12287784679063586 0.5798550724625676
0.01138716356105303 0.013706004140758373 0.0027329192546527267 0.0023809523809474515 0.0018426501035158538 0.0018012422360211154 0.0016563146997895313 0.004306418219452782 0.003478260869558016 0.005879917184252836 0.004492753623179104 0.010186335403705619 0.006853002070379186 0.054534161490570325 0.004182194616968567 0.021821946169727078 0.0034161490683159088 0.03681159420282234 0.0020703933747369145 0.01834368530016906 0.0028571428571369417 0.026915113871579886 0.007370600414063415 0.027722567287727283 0.35281573498891755 0.3704347826079287
0.03600414078667494 0.029523809523748397 0.009710144927516129 0.004223602484463305 0.003043478260863264 0.0027329192546527267 0.0018219461697684845 0.003064182194610633 0.002505175983431666 0.0032298136645895863 0.0032298136645895863 0.00554865424429493 0.007039337474105509 0.04103519668728564 0.004492753623179104 0.01571428571425318 0.003043478260863264 0.024202898550674527 0.0032712215320843245 0.014844720496863676 0.004637681159410688 0.02122153209105337 0.014430641821916293 0.03714285714278024 0.04954451345745436 0.6547412008268018
0.04995558713801743 0.02952567063420518 0.025919346242662667 0.01990762124710609 0.014624267187772384 0.011259548765318437 0.009344466157395863 0.009280511636166538 0.009635814531885011 0.010616450524067999 0.012535086160947758 0.016326168058263875 0.019161485166097295 0.0161804938710193 0.01211582874399996 0.009610943329184718 0.007635459228990003 0.009120625333093223 0.008402913483741907 0.009298276780952462 0.012147806004614622 0.018006750755012256 0.02392609699768203 0.02860543613429433 0.046107656777386354 0.560749689109767
0.04099463327368837 0.02995706618961361 0.01974955277280152 0.016254025044716902 0.01329516994632798 0.011545617173520019 0.010257602862250356 0.009567084078708562 0.009924865831839024 0.010322003577813838 0.013198568872982755 0.018189624329152707 0.025030411449007146 0.021645796064392972 0.013277280858671458 0.011474060822893928 0.009119856887295484 0.009903398926651198 0.009463327370300728 0.010397137745971235 0.010193202146686871 0.012318425760281818 0.017162790697668278 0.030493738819309304 0.04387119856885729 0.5723935599282388
0.02910698496904364 0.025725906277621318 0.011568523430588305 0.0068010610079551545 0.004972590627761283 0.004445623342173494 0.004268788682580276 0.00564456233421551 0.005955791335099573 0.0078019451812527665 0.009230769230765967 0.017563218390798385 0.026680813439424692 0.02677630415560503 0.012703801945176762 0.01293722369583981 0.008930150309457496 0.0101998231653368 0.007091069849688031 0.008449160035363943 0.007395225464188366 0.011122900088413396 0.016767462422628908 0.03814323607425707 0.08093722369581575 0.5987798408485946
0.014316742081445608 0.013377211024267647 0.007374742904153455 0.005390374331549915 0.004090497737555888 0.003499794323323159 0.0035178938708344686 0.0038914027149314864 0.0046285479226648085 0.00639078568490228 0.008802961744136766 0.015715343480046776 0.02568490333195793 0.02670835047305196 0.011387906211433749 0.009322912381734378 0.0053722747840386055 0.00799012751953797 0.0038190045248862495 0.00528177704648206 0.005087618264088015 0.01626491155902653 0.010550390785683168 0.06363636363635317 0.1271657754010486 0.5907313862607009
0.030372670807390534 0.02459627329187454 0.007639751552779214 0.004120082815726459 0.0022360248447158672 0.002484472049684297 0.0018012422360211154 0.004409937888189628 0.0024223602484421897 0.004616977225663319 0.0036231884057896 0.00507246376810544 0.004513457556926473 0.04397515527941206 0.002712215320905358 0.01716356107656902 0.003043478260863264 0.030393374741137902 0.002939958592126418 0.015879917184232133 0.004679089026905427 0.019999999999958593 0.009730848861263497 0.02896480331256943 0.18260869565179583 0.5399999999988819
0.02904761904755891 0.025527950310506153 0.012919254658358345 0.008861283643873993 0.00629399585920022 0.005010351966863332 0.004534161490673842 0.004761904761894903 0.00629399585920022 0.008405797101431871 0.011946169772231995 0.018467908902653277 0.019668737060000687 0.0471014492752648 0.0089233954451161 0.018488612836400645 0.003022774327115895 0.025921325051706166 0.0033540372670738013 0.018198757763937475 0.010227743271200357 0.02654244306412724 0.024368530020653482 0.043664596273201524 0.1220496894407411 0.48639751552694327
0.04837466435000841 0.03593113252249694 0.01778234086241738 0.012235033959876091 0.008611593745061251 0.006987837624385725 0.005825304059388461 0.005525193492337537 0.005063970936659275 0.005304059390300014 0.005341968093506447 0.005420944558519848 0.005844258410991678 0.007325856894643081 0.005784236297581493 0.006829884694358922 0.005351445269308055 0.006589796240718183 0.006946769862578756 0.009309745695779716 0.010699731480015575 0.013495498341489972 0.018395198230921374 0.0330090033170011 0.04558205654713455 0.6624324751222043
0.04768914863369209 0.035700521244657814 0.019033328068229653 0.013432317169479251 0.010475438319377516 0.009031748538932544 0.007629126520294542 0.006592955299318719 0.006425525193490309 0.006870952456165891 0.007240562312428608 0.009101247828144338 0.011862265045012838 0.010769230769227367 0.00618543673984957 0.005885326172798646 0.004463749802557427 0.005196651397881789 0.005079766229661956 0.006510819775704783 0.007474332648868275 0.010658663718208606 0.01797504343705008 0.035416205970609564 0.04686779339755272 0.6464318433104892
0.04667258838157873 0.03454610055070721 0.018536152069632782 0.011572215313550694 0.007674542547519036 0.006040149227214056 0.005254929827676228 0.004537217978324911 0.004665127020783562 0.005642209984009365 0.007734944039791176 0.011724995558709638 0.01713270563154481 0.014215668857696139 0.008250133238582964 0.007642565286904373 0.00591579321371259 0.006345709717531943 0.005695505418367136 0.006519808136433995 0.007113163972283847 0.011749866761409931 0.019282288150641577 0.032513767987197545 0.03953455320659459 0.6534872979212458
0.021679109496902462 0.018963545870322344 0.012515133171910728 0.010766411084205884 0.009935768092546083 0.010016478342747845 0.010224979822435731 0.012646287328488591 0.016673392520847343 0.024554412160340235 0.03661891310195779 0.05280299973095695 0.059923997847716584 0.05341168953456191 0.03694343556631071 0.02622746838848093 0.01766209308581893 0.01339117567930902 0.010300645681999883 0.009920634920633253 0.00983656174333975 0.01100854183481117 0.013434893731501642 0.018741592682267497 0.024937785848798605 0.45686205273061997
0.027474120082758853 0.021946169772211293 0.008737060041389778 0.007142857142842354 0.005031055900610702 0.004554865424421212 0.004596273291915949 0.007329192546568677 0.006604554865410756 0.00844720496892661 0.010165631469958249 0.016273291925432146 0.015590062111768964 0.05869565217379152 0.008364389233937133 0.020683229813621775 0.0062111801242107426 0.033188405797032736 0.004368530020694889 0.018737060041369075 0.006418219461684434 0.02517598343680088 0.015072463768084736 0.030724637681095807 0.12095238095213053 0.5075155279492598
0.038509316770106605 0.030993788819811605 0.008819875776379256 0.005113871635600178 0.0033126293995790626 0.003022774327115895 0.0032919254658316938 0.005610766045537037 0.004202898550715936 0.0064596273291791725 0.0055693581780423 0.007888198757747643 0.008012422360231858 0.05194616977214918 0.008405797101431871 0.018260869565179583 0.0073498964803160455 0.031014492753558977 0.007784679089010798 0.0159006211179795 0.00579710144926336 0.01737060041404271 0.012443064182168855 0.034616977225601205 0.04687370600404374 0.6114285714273056
0.031035196687306345 0.025010351966821925 0.007681159420273952 0.003995859213242244 0.0022360248447158672 0.002153209109726391 0.0018219461697684845 0.0037888198757685533 0.002608695652168512 0.0036853002070317076 0.003022774327115895 0.004782608695642272 0.0033540372670738013 0.042670807453327804 0.0026501035196632504 0.016293995859179514 0.002463768115936928 0.02745341614901148 0.001739130434779008 0.016128364389200563 0.0037888198757685533 0.020082815734948068 0.012443064182168855 0.030538302277369485 0.18737060041369075 0.5412008281562294
0.02724637681153779 0.022857142857095534 0.006563146997916019 0.004244306418210674 0.0030848861283580024 0.0024223602484421897 0.002443064182189559 0.005755693581768622 0.005734989648021252 0.008095238095221335 0.008592132505158194 0.01138716356105303 0.011739130434758304 0.061262939958465296 0.010910973084863539 0.02302277432707449 0.005175983436842286 0.03403726708067487 0.0026501035196632504 0.013664596273263635 0.0027950310558948342 0.020372670807411238 0.007784679089010798 0.024265010351916635 0.1902898550720698 0.4836024844710484
0.032712215320843244 0.029171842650043123 0.009834368530000344 0.0053416149068212385 0.00409937888197909 0.004409937888189628 0.004037267080736983 0.005010351966863332 0.0037474120082738147 0.005362318840568608 0.005672877846779145 0.00844720496892661 0.007846790890252905 0.041159420289769856 0.006935817805368663 0.017039337474084804 0.005859213250505467 0.027163561076548316 0.006107660455473897 0.016728778467874267 0.007826086956505536 0.01977225672873753 0.0125465838509057 0.030890269151074762 0.04281573498955939 0.6394616977212434
0.04916651793680201 0.0370480099946325 0.01739068356237109 0.009773335713007399 0.006310904872387538 0.004679635909332615 0.0037801177940375583 0.003519543101908435 0.0033160806710678865 0.0037194360164184473 0.004354809923253844 0.005750490808493396 0.006935570230231327 0.007278243797962778 0.004554702837763857 0.004469034445830995 0.003191147599499129 0.004029983937175074 0.0028377654827760708 0.003944315545242212 0.005025878993394601 0.008916651793678773 0.0157130108870192 0.03621274317328709 0.0450829912546689 0.7029983937174004
0.02366459627324293 0.02178053830223234 0.008157349896463443 0.006107660455473897 0.004844720496884379 0.0038302277432632915 0.0037888198757685533 0.006811594202884448 0.006128364389221266 0.008385093167684503 0.010662525879895109 0.01376811594200048 0.016583850931642684 0.058799171842528364 0.009834368530000344 0.021801242235979706 0.007743271221516059 0.03405797101442224 0.0058385093167580985 0.01834368530016906 0.0068322981366318175 0.019999999999958593 0.012836438923368868 0.02656314699787461 0.14757763975124724 0.4952587991708173
0.009891124260352688 0.008492307692305683 0.0053893491124247595 0.0037704142011825395 0.003072189349111699 0.002542011834318925 0.0021017751479284964 0.0021372781065083697 0.0024284023668633306 0.0028970414201176576 0.003808284023667738 0.006215384615383145 0.009829585798814242 0.013076923076919982 0.004958579881655631 0.005751479289939467 0.00274792899408219 0.007770414201181593 0.002378698224851508 0.004253254437868816 0.003457988165679655 0.006011834319525205 0.008276923076921117 0.028030769230762597 0.25514556213011713 0.5955644970412791
0.02467908902686402 0.022857142857095534 0.012981366459600453 0.008322981366442396 0.005755693581768622 0.0062111801242107426 0.0059627329192423134 0.008881987577621361 0.009627329192526651 0.0111387163560846 0.012380952380926747 0.016749482401621635 0.01741200828153745 0.05140786749471758 0.013395445134547835 0.023768115941979775 0.009337474120063484 0.033209109730780104 0.010165631469958249 0.02196687370595866 0.00869565217389504 0.02683229813659041 0.017246376811558495 0.03184265010345374 0.05076604554854914 0.5384057971003345
0.044239316239307346 0.0420291603820931 0.014535947712415377 0.007223730517846712 0.0047018602312710505 0.0035052790346900946 0.002885872297636423 0.0027913524384107005 0.0029200603318244507 0.0036440422322767934 0.004492709904473707 0.005822021116137593 0.006648567119154018 0.005988939165408549 0.0034932126696825554 0.0037928607340364418 0.002369029663146834 0.0031754650578173604 0.002302664655605369 0.0032378079436896456 0.00381900452488611 0.007296128707891946 0.014775263951731569 0.0399919557566536 0.04506385118148918 0.7192538964302224
0.04218155977969722 0.032829987564386987 0.020763901225787612 0.01372890389056183 0.009781488719129585 0.008104459051338388 0.006754308047608188 0.007056315508968891 0.007010126132525489 0.007919701545564782 0.00924498134659469 0.012254396873330164 0.014521229348014027 0.013192396518026934 0.008449102860185308 0.007312133593886192 0.005027535974416405 0.005482323680936051 0.00483567241072843 0.0059761947059847305 0.007894830342864489 0.011472730502749521 0.01894830342866621 0.031391010836727164 0.042522650559586955 0.6453437555513785
0.017059312178097006 0.013909287257014817 0.003302874231598836 0.0029772387439764157 0.0026283435786666792 0.002568532978899296 0.0022761256022587554 0.0029573018773872877 0.0034058813756426627 0.00408041202857482 0.004954311347398254 0.007858448247214534 0.0106562551918888 0.01370659578002535 0.006758597773714318 0.006708755607241499 0.004877886692139931 0.008885196876554615 0.0030569862103329267 0.0045854793154993904 0.0028875228443253406 0.005117129091209464 0.007144043861104122 0.04307027745471239 0.12643628509715021 0.68813091875704
0.05277432712204395 0.03525879917176965 0.01807453416145326 0.01720496894406376 0.008322981366442396 0.006501035196673911 0.004989648033115963 0.005031055900610702 0.0029813664596211567 0.005093167701852809 0.005258799171831762 0.006438923395431804 0.005942028985494944 0.007701863354021321 0.0055900621117896685 0.006314699792947589 0.0044513457556843656 0.006376811594189696 0.004554865424421212 0.006604554865410756 0.008799171842631886 0.013643892339516265 0.020745341614863883 0.031014492753558977 0.04478260869555946 0.6655486542429284
0.04542209530606981 0.038797072996595114 0.013721220774580146 0.007642334463677443 0.004972336248436562 0.003908620381936852 0.002994824201319652 0.002894877744064646 0.003162591468854841 0.0037122969837573754 0.004465464929500458 0.006182402284488245 0.007553096555414045 0.007385329287878856 0.004783151882918157 0.004501160092805818 0.0029448509726921488 0.003623059075493977 0.002716401927537849 0.003405318579331285 0.003965732643225427 0.006596466178830414 0.01324290558628833 0.03757986792788236 0.04141709798320849 0.7224094235228548
0.03954729481043815 0.03521531100477173 0.011663599558332108 0.007338976812658322 0.005057048214941091 0.003956569746041974 0.0037394184762592052 0.004037541405960973 0.004423997055574375 0.005719543614278351 0.007291129922706186 0.011302907618692933 0.014950312845044184 0.015693779904300445 0.009330143540666422 0.007935222672061856 0.004611704085386598 0.005737946264259942 0.0033713654766273937 0.004346705925651694 0.0034008097165979384 0.006186970923810752 0.010529996319466129 0.03743467059255155 0.04912403386085788 0.6880529996316938
