0.0355254674403511 0.033843523112708815 0.007100608303196507 0.003450789112212752 0.0023743447425216904 0.0021080368906449955 0.001892187368597569 0.002483671123818439 0.0024892776049105798 0.0029518122950122076 0.003033106270848251 0.004513217279173461 0.005317747315895687 0.006509124547975637 0.003599360861154487 0.004409497378968853 0.00296582849774256 0.0038180136237479837 0.0026070137078455396 0.0030807613601314494 0.002817256748800825 0.004420710341153135 0.008729291060463452 0.03733075435202048 0.04190003644211535 0.7707285622177079
0.020942760942725687 0.02030303030299612 0.013720538720515622 0.013333333333310887 0.00860269360267912 0.009343434343418614 0.010117845117828084 0.012878787878766198 0.01429292929290523 0.023299663299624074 0.024511784511743247 0.03260942760937271 0.04168350168343151 0.038484848484783694 0.030639730639679057 0.029646464646414735 0.024276094276053407 0.024309764309723383 0.015572390572364356 0.01530303030300454 0.010353535353517924 0.013047138047116082 0.010723905723887671 0.018367003366972445 0.025976430976387244 0.49765993265909486
0.03851153721141326 0.02989925251856557 0.018971400714905055 0.013527786805274911 0.011821579460465463 0.00942476438085219 0.007921676958043867 0.011130971725661638 0.012593435164069737 0.017508937276496956 0.018768280792903932 0.03875528111781461 0.05065810854708052 0.05500487487790459 0.023521286967730252 0.019093272668105732 0.013243418914473337 0.014462138446480085 0.00966850828725354 0.00958726031845309 0.006784205394837568 0.010440363990857814 0.017021449463694258 0.0262024699381451 0.03952713682141888 0.4759506012330356
0.024647279009493987 0.018594234891378382 0.010944748376360194 0.009383498096423398 0.008510093738999741 0.008263748920239221 0.008001407684676071 0.010628019323668096 0.011738170649770695 0.015401350097573215 0.018565441341133644 0.026234123556314992 0.027577822567736002 0.030917874396125374 0.020165083021396753 0.019563617749617825 0.01353616789838643 0.01391688261828905 0.010522442972770732 0.01172537351632859 0.009719422849278651 0.012941101193328553 0.015817256934441623 0.02831685702401756 0.048194004542966955 0.5661739770289643
0.04200519986983261 0.03814592135181124 0.01588397790048796 0.014015274618077611 0.010602859928458714 0.009709132271653764 0.008409164770846566 0.0071498212544395924 0.008856028599249041 0.009384140396451966 0.00999350016245534 0.013080922976872437 0.01661520961969201 0.01612772180688931 0.008327916802046116 0.006540461488436219 0.0033717907052186716 0.00507799805002812 0.003899902502421596 0.007068573285639142 0.005524861878430595 0.006865453363638018 0.008124796880044992 0.028964900877360394 0.03489600259979324 0.6613584660356623
0.022649122806977808 0.023192982456099662 0.010017543859631549 0.008877192982440565 0.008789473684195106 0.01054385964910431 0.012087719298224407 0.0145263157894482 0.0165087719297956 0.02075438596487587 0.024438596491185197 0.029842105263105538 0.03194736842099658 0.03885964912273884 0.03196491228064568 0.03289473684204755 0.023192982456099662 0.021491228070137734 0.015368421052604617 0.013438596491204494 0.010263157894718836 0.009754385964895168 0.01054385964910431 0.018894736842072116 0.028701754385914557 0.5104561403499817
0.02375287333140349 0.015505907972707372 0.0062305924103596595 0.005726499173275544 0.00742025244987817 0.010606121708249776 0.010706940355666598 0.01717949751982663 0.01980078235266403 0.028551840948444263 0.0324031132797669 0.043674638060967705 0.03718191716732431 0.051034399322395785 0.027866274146009867 0.03149574545301549 0.01949832641041356 0.022643868209818438 0.01189660039518511 0.017663427027427382 0.012924950598836703 0.01607049239824158 0.015687381538057654 0.02435778521590443 0.05071177965066195 0.4394079929014812
0.03182579564483781 0.02845896147398918 0.013082077051904385 0.009179229480721642 0.008358458961460036 0.01053601340031736 0.011440536013381172 0.013701842546040701 0.015209380234480386 0.017671691792265205 0.023199329983210722 0.03740368509206465 0.04058626465654843 0.036817420435449215 0.021658291457250154 0.01755443886094212 0.011139028475693234 0.012378559463965865 0.008927973199315029 0.009195979899482084 0.00753768844219843 0.0084254606365018 0.012931323283060417 0.02860971524283315 0.03425460636510175 0.52991624790531
0.019230769230735852 0.019473757289607967 0.006109414051641715 0.004339072479859173 0.003748958622598325 0.005120105526233824 0.006855734518177493 0.011090669258520045 0.012756873090785967 0.021747431269054172 0.021886281588409665 0.04462302138287173 0.05527978339340586 0.10155165231862408 0.04370313801714159 0.036257289641703244 0.02124409886139051 0.021903637878329104 0.008834351568993275 0.006890447098016366 0.0041134407109064955 0.004252291030261989 0.004738267148006217 0.0144751457928102 0.014961121910554428 0.4848132463196251
0.033680175781249176 0.028337158203124307 0.006896972656249832 0.0050981445312498755 0.00489697265624988 0.005525390624999865 0.006802490234374833 0.008911376953124783 0.012152832031249703 0.017057617187499582 0.02282568359374944 0.029934082031249268 0.03374194335937417 0.02905004882812429 0.020026367187499512 0.01474316406249964 0.010871093749999734 0.00864428710937479 0.006795166015624834 0.005752685546874859 0.005029785156249877 0.005121093749999875 0.00738037109374982 0.030139648437499264 0.03719311523437409 0.6033923339843602
0.01840500175792469 0.023128544567890413 0.006955378571308749 0.0035617652903625024 0.0028891572526974804 0.004876408273071409 0.006741366922960788 0.010945167158367174 0.011541342464479354 0.017762966812880806 0.025421526514475715 0.03893483345301843 0.05006343916711243 0.04397939373550609 0.016020300533475976 0.009340079795757463 0.005029273736177096 0.003729917299778758 0.0021706895761007526 0.002766864882212931 0.0019872510203739284 0.003729917299778758 0.006282770533643727 0.02558967852389197 0.023587140957207473 0.6345598238980165
0.029181574239659395 0.026218694096552215 0.016286523553935065 0.013752236135931439 0.012149672033370322 0.010789355992824259 0.011050238521148162 0.016025641025611163 0.015392069171110256 0.01893261776979179 0.021355098389942317 0.03246124031001703 0.04088401908161732 0.039598240906306655 0.023088103756665385 0.01878354203932099 0.013398181276063285 0.012391920095385376 0.008720930232541889 0.008422778771600286 0.0068574836016568694 0.009503577817513596 0.010062611806779103 0.022249552772767127 0.030895945140073613 0.5315481514599516
0.019683667781425294 0.019927536231814633 0.012506967669967575 0.007350891861735817 0.007002508361179618 0.0066192865105677975 0.006584448160512178 0.007943143812681358 0.011740523968743937 0.017001114827142554 0.02713907469332797 0.0519439799329294 0.0695373467110175 0.06058389074672316 0.03971571906340678 0.02745261984382855 0.012890189520579395 0.011845039018910796 0.006654124860623418 0.007664437012236397 0.006410256410234078 0.008988294314349957 0.007664437012236397 0.017697881828254953 0.025257803790324492 0.5021948160517621
0.031750762247468534 0.027486760963692975 0.012883702803665933 0.009765938424131116 0.008436303615211856 0.007588088306073707 0.008184131496278892 0.012333509089630375 0.013365122303447044 0.018248091515512602 0.022489168061203345 0.030948396414500014 0.035900139840820015 0.031406891176196314 0.01781252149190112 0.015909768230861487 0.009903486852640005 0.011462369042407413 0.007656862520328152 0.008963572591162598 0.007702711996497781 0.010476605304760375 0.01182916485176445 0.02189312487099816 0.028770546296442608 0.5768322596901106
0.03467085798805883 0.0261341222878879 0.014022435897392682 0.013652613412186721 0.012573964497002668 0.011310404339215636 0.011556952662686276 0.010632396449671374 0.012481508875701179 0.019631410256349756 0.027520956607410253 0.04215976331347954 0.05353180473356283 0.04776873767243661 0.02246671597626212 0.016056459566025468 0.010355029585766904 0.010231755424031583 0.009338017751450512 0.009492110453619662 0.010447485207068393 0.009368836291884342 0.0088141025640754 0.019662228796783584 0.023298816567975535 0.5128205128189324
0.02324999999996125 0.024799999999958668 0.008499999999985833 0.00599999999999 0.004983333333325028 0.006083333333323194 0.007749999999987083 0.009616666666650639 0.009566666666650722 0.01693333333330511 0.020666666666632222 0.03806666666660322 0.052149999999913085 0.06541666666655764 0.03181666666661364 0.025966666666623388 0.015183333333308027 0.014716666666642139 0.006383333333322695 0.005733333333323778 0.004599999999992333 0.006916666666655139 0.00898333333331836 0.020999999999964998 0.02403333333329328 0.5408833333324319
0.031225296442678994 0.02954054887449064 0.010436464553020369 0.006007344490229023 0.004322596922040668 0.004199254338013568 0.004084321475624679 0.0051635690858618105 0.005926050514392979 0.00818265915397971 0.009519804894455326 0.015616853082158603 0.02035152636447163 0.019546996327749405 0.011644661228376743 0.012065147310287313 0.008919911417596243 0.009833767835615218 0.007344490230704638 0.008922714658142315 0.007683682336779165 0.010873770078207364 0.015577607714513615 0.03384912959380096 0.04218316373726847 0.6569786673392602
0.03242346938773856 0.026790816326516944 0.008959183673464816 0.00578061224489501 0.004413265306120197 0.004959183673466858 0.005484693877548222 0.0078010204081592855 0.008357142857138592 0.012408163265299792 0.014499999999992602 0.02216326530611114 0.023999999999987753 0.04053061224487728 0.020974489795907665 0.020127551020397896 0.011668367346932822 0.01365306122448283 0.006505102040813008 0.006602040816323162 0.0052653061224462935 0.006622448979588458 0.008576530612240523 0.027433673469373757 0.03751530612242984 0.6164846938772365
0.0401589912280693 0.036669736842104464 0.010451754385964684 0.004663596491227968 0.002671710526315731 0.0019585526315789047 0.0016263157894736487 0.001701754385964875 0.0016951754385964542 0.00211447368421048 0.002575657894736786 0.0036728070175437795 0.004617543859649022 0.0043947368421051675 0.002481578947368367 0.0023458333333332823 0.0018401315789473283 0.002052850877192938 0.001903289473684169 0.002504166666666612 0.003511403508771853 0.006625438596491083 0.014789254385964588 0.045953508771928823 0.056127192982454915 0.7408925438596329
0.023450586264617334 0.02053601340030061 0.010268006700150305 0.006951423785582996 0.0070686767169060825 0.007922948073688572 0.010318257956431627 0.015410385259605678 0.018509212730287255 0.02790619765489463 0.03328308207699617 0.051926298157366955 0.0665829145727528 0.07584589614727665 0.039279731993234035 0.03427135678386219 0.01932998324954886 0.018241206030120197 0.010150753768827217 0.0075041876046775475 0.00631490787268624 0.0077219430485632795 0.009731993299816194 0.016633165829117866 0.02179229480733368 0.43304857621368
0.028331972789107936 0.0239047619047554 0.011265306122445914 0.009159183673466895 0.00775782312924959 0.00791836734693662 0.008925170068024782 0.010819047619044675 0.012272108843534076 0.01620136054421328 0.019194557823124028 0.025899319727884108 0.027447619047611577 0.028770068027203055 0.021553741496592775 0.01897142857142341 0.013730612244894223 0.012827210884350251 0.009855782312922489 0.010209523809521032 0.008721088435371777 0.011004081632650067 0.014454421768703549 0.028960544217679195 0.04250612244896802 0.5693387755100492
0.020044746815122392 0.019451166613307834 0.009360303182460342 0.007305602483871487 0.005935802018145583 0.007305602483871487 0.008949363042742572 0.01835532624072711 0.01794438610100934 0.027532989361090665 0.032692571115324906 0.06337610154758515 0.06999680379859369 0.08433404867319148 0.04228117437540623 0.03492991187601055 0.013789324688307432 0.017259485868146386 0.006575042235484338 0.006164102095766567 0.003972421350605121 0.006620702251008535 0.0048856216610890565 0.013332724533065464 0.014885165060888154 0.4427195105226121
0.030645019531249252 0.02418261718749941 0.012173095703124703 0.008510498046874792 0.0070256347656248285 0.006460449218749842 0.005559326171874864 0.0070800781249998265 0.006969482421874829 0.008454101562499794 0.008243896484374798 0.012460449218749696 0.016075439453124608 0.0163652343749996 0.00900463867187478 0.010420654296874745 0.0081794433593748 0.010320068359374747 0.008379638671874795 0.01185009765624971 0.011934570312499709 0.018636962890624543 0.027460937499999328 0.049579589843748786 0.09300805664062273 0.571020019531236
0.01903002309468146 0.019701545567589376 0.006235565819859216 0.003961627287260984 0.002895718600105562 0.002774915615561281 0.00360632439154251 0.00741517143364455 0.011213359388875035 0.020273583229696118 0.028271451412318967 0.051025048854130034 0.06010659086869422 0.07651447859297335 0.04181204476815 0.034855214069982286 0.017040326878658005 0.015249600284236898 0.007248179072656867 0.007720731923962437 0.005148338958960687 0.007642565286904373 0.00808314087759528 0.019772606146733072 0.021041037484448022 0.5013608100904241
0.03497341811719497 0.03413947670158376 0.009069112894771868 0.008443656833063464 0.008026686125257861 0.008391535494587763 0.010007296987334477 0.011518815803129788 0.015323673511855916 0.019128531220582046 0.018763681851252142 0.026529761284131502 0.03419159804005946 0.03408735536310806 0.02084853539028016 0.021109142082658662 0.010997602418372783 0.013290941311303602 0.005576983216899942 0.006932138017268153 0.004273949755007432 0.010372146356664379 0.009798811633431674 0.023037631606259577 0.031220681746944538 0.5699468362317839
0.028864296081224847 0.031095791001394965 0.007293178519580382 0.005878084179960308 0.004100145137873548 0.004535558780833571 0.00406386066762688 0.006295355587796997 0.006240928882426994 0.00838171262698044 0.009415820029010494 0.015257619738724134 0.022369375907071172 0.03261973875175504 0.013788098693734057 0.012772133526827337 0.006349782293166999 0.012082728592140634 0.0054426705370002855 0.008109579100130425 0.005243105950643609 0.010722060957890562 0.014731494920147439 0.03603047895494189 0.06132075471686988 0.6269956458624328
0.023599999999960666 0.021999999999963334 0.009949999999983417 0.005516666666657472 0.005083333333324861 0.004616666666658972 0.006716666666655472 0.014866666666641888 0.016399999999972666 0.02173333333329711 0.025583333333290693 0.044733333333258775 0.055999999999906666 0.07823333333320294 0.027516666666620806 0.02444999999995925 0.013433333333310944 0.013399999999977666 0.005983333333323361 0.0065666666666557225 0.004199999999993 0.006733333333322111 0.007433333333320944 0.01844999999996925 0.031199999999948 0.5055999999991573
0.026058700209588975 0.02295597484271917 0.01142557651989219 0.009308176100609416 0.011593291404587855 0.013018867924501009 0.014884696016740284 0.020419287211697234 0.023920335429719244 0.0314046121592633 0.032159329140393794 0.04100628930809013 0.045974842767199216 0.040817610062807506 0.02918238993704574 0.023836477987371412 0.014737945492631577 0.014737945492631577 0.007819706498935389 0.008553459119478923 0.006708595387826606 0.007379454926609267 0.007714884696000597 0.019853249475849363 0.021425576519871224 0.49310272536584254
0.03242881072021369 0.02932998324953211 0.011323283082058084 0.009715242881055753 0.008458961474022681 0.008056951423772099 0.008207705192616068 0.009614740368493108 0.009162479061961201 0.010485762144036037 0.013015075376862622 0.016566164154076104 0.02035175879393576 0.021591289782208388 0.016448911222753018 0.015309882747043032 0.011390284757099849 0.011474036850902054 0.0075041876046775475 0.007822445561125926 0.0059463986599565385 0.007839195979886367 0.011993299832475723 0.028509212730270503 0.03738693467330421 0.6300670016739864
0.017539682539647737 0.01890873015869264 0.007420634920620197 0.005198412698402384 0.0041666666666584 0.004503968253959318 0.006527777777764826 0.011666666666643519 0.014444444444415784 0.025178571428521472 0.02978174603168694 0.043968253968166726 0.04878968253958573 0.05759920634909206 0.03351190476183827 0.034087301587233956 0.019583333333294477 0.01682539682536344 0.009543650793631857 0.007658730158714963 0.005416666666655919 0.006567460317447287 0.01043650793648723 0.019841269841230472 0.03186507936501614 0.5089682539672441
0.03717717300743339 0.029835462371511672 0.015776867536767953 0.010188142182709338 0.009042627048026516 0.00923354623714032 0.010934462649245115 0.012947792279899771 0.014041238544824282 0.01714801444040345 0.021678006109376428 0.02832546514852068 0.03434809775056521 0.03403568453201535 0.026867536795287996 0.022528464315428823 0.016662038322659223 0.013937100805307662 0.010396417661742577 0.00954595945569018 0.008938489308509896 0.00970216606496511 0.01190641488473357 0.0222334073867984 0.038895445709457625 0.5236739794492439
0.027780151367185382 0.030706024169919535 0.00609970092773391 0.003070068359374766 0.0019340515136717275 0.001929473876952978 0.0018066406249998624 0.0026962280273435447 0.0028190612792966603 0.004056549072265316 0.004420471191405913 0.0059661865234370455 0.011717987060545982 0.008279418945311869 0.0044944763183590326 0.004726409912109015 0.0029037475585935286 0.0043411254882809195 0.002349853515624821 0.0032356262207028784 0.0029747009277341484 0.005796813964843308 0.010978698730467914 0.04608917236327774 0.08123016357421256 0.7175971984862735
0.039918934240360554 0.03573752834466918 0.013632086167799682 0.00770634920634877 0.005169501133786556 0.004096371882085936 0.0037749433106573824 0.0037658730158728025 0.003960317460317236 0.004625283446711756 0.005384353741496294 0.007081065759636788 0.009109410430838486 0.00817800453514693 0.005684240362811469 0.005124716553287691 0.004115646258503168 0.004155895691609742 0.003798752834466905 0.0045810657596369285 0.005479024943310347 0.008094104308389565 0.013819160997731644 0.0360334467120161 0.041214852607707415 0.7157590702947441
0.031287760416665304 0.026701822916665507 0.010607638888888427 0.00798480902777743 0.0070872395833330255 0.007325954861110793 0.00792317708333299 0.009119357638888492 0.011738715277777268 0.015845052083332645 0.022134982638887926 0.029210069444443175 0.034414496527776284 0.028762152777776526 0.021517361111110175 0.015459635416665994 0.01121137152777729 0.008944444444444056 0.007114149305555246 0.006472222222221941 0.006000868055555295 0.006636284722221934 0.00884288194444406 0.026779513888887725 0.04968793402777562 0.5811901041666414
0.013416666666644305 0.017899999999970165 0.006083333333323194 0.004299999999992833 0.004299999999992833 0.006466666666655889 0.00823333333331961 0.014349999999976083 0.013233333333311278 0.01934999999996775 0.019749999999967082 0.03568333333327386 0.08154999999986408 0.13281666666644532 0.032733333333278776 0.02761666666662064 0.013699999999977166 0.022316666666629473 0.01201666666664664 0.014049999999976583 0.007149999999988083 0.013599999999977333 0.012616666666645638 0.024966666666625056 0.07798333333320336 0.3638166666660603
0.026239135541452317 0.027155273666892462 0.00762441692673995 0.004127655290444603 0.002620893318566858 0.0027752609147948673 0.0028457330782902628 0.004708211684954291 0.005785429041241053 0.009248632504443355 0.012554112554108342 0.019527500922843208 0.02908486861974258 0.03571260780561908 0.020134903855827332 0.0158394576999175 0.0092083626967317 0.00856740159065453 0.004651162790696114 0.004577334809891413 0.003674619953688488 0.005429712406454771 0.009020436927410645 0.027836504580681286 0.030618477130094763 0.6704318936874827
0.033471454880140555 0.03273480662968354 0.012154696132540724 0.005432780847120475 0.004419889502742081 0.005893186003656108 0.008379373848948529 0.01238489871080854 0.014502762430872455 0.017679558010968325 0.020027624309300055 0.02891344383043778 0.041620626150821266 0.043968692449152996 0.023987108655506503 0.0175874769796612 0.008609576427216346 0.008471454880255656 0.004880294659277715 0.005985267034963235 0.005662983425388292 0.007228360957609445 0.008977900552444852 0.01786372007358258 0.02417127071812076 0.5849907918941759
0.031601167194322134 0.02686202686197127 0.007822685788771294 0.005380683346773906 0.006187785848789993 0.0052565137310791234 0.005856666873603905 0.009126466753566511 0.009892179383684335 0.012541131185173028 0.020053392934707367 0.048364065313117766 0.09314790670703597 0.08919517394075206 0.029552368535358225 0.01719749177372737 0.00906438194571912 0.007822685788771294 0.004801225140198255 0.004325241613368255 0.0026282568655395617 0.0037250884708434737 0.006953498478907818 0.020405206845842582 0.022660954864297797 0.4995757538120081
0.025445371685602295 0.02076083096590602 0.00647342566287783 0.005271957859847705 0.006136067708332425 0.00724431818181711 0.008589311079544184 0.011699514678028572 0.014186789772725174 0.021059718276512037 0.024455492424238806 0.0464621803977204 0.05027521306817438 0.08172348484847275 0.032458866003783074 0.033738754734843494 0.016961115056815673 0.025306285511359893 0.011231948390149854 0.017588482481058005 0.009219637784089544 0.016055575284088533 0.010203598484846975 0.02206291429923916 0.053160511363628496 0.4222286339961496
0.019745545093728608 0.017625087541791252 0.006711539957966867 0.004299276320900515 0.004921795969175703 0.006380826394820674 0.009337794724127815 0.01713874406657626 0.017508365107739652 0.02690452104889327 0.030873083806647588 0.05760252120446346 0.06267994708570795 0.0654229242859205 0.03927709905836262 0.03180686327906037 0.014843202863561507 0.012781106528649947 0.006380826394820674 0.00606956657068308 0.004474359971977911 0.005933390397622883 0.007275698389216256 0.01715819780558486 0.020601509610106993 0.4862462065199474
0.03148430991385816 0.030373507359014208 0.008244237711732428 0.006300333240755519 0.004252291030261989 0.004287003610100862 0.0034018328242095912 0.0054498750347031204 0.006109414051641715 0.008487225770604541 0.00923354623714032 0.01431893918353527 0.01704387670088683 0.03243890585942717 0.013676756456516111 0.014041238544824282 0.009823660094401167 0.012878367120222025 0.005137461816153261 0.006317689530674955 0.004998611496797767 0.008365731741168485 0.009684809775045673 0.02417731185777531 0.03814912524292185 0.6713239377938918
0.03351244343884633 0.02765433096309863 0.010726405946972514 0.010847608274056949 0.009110374919180046 0.008585164835147492 0.009029573367790422 0.00913057530702745 0.009110374919180046 0.012887847446644942 0.024099062701955196 0.045067065287562484 0.06033855850020132 0.04928894634767031 0.03199741435029089 0.01900856496440892 0.010686005171277702 0.010140594699397744 0.0073529411764557346 0.008827569489316364 0.007534744667082388 0.008706367162231927 0.009069974143485234 0.018867162249477078 0.02417986425334482 0.524240465415877
0.04135869565209899 0.0340398550724021 0.013605072463743468 0.009003623188389487 0.007463768115928507 0.007282608695638981 0.007699275362304893 0.010652173913024181 0.011576086956500769 0.013586956521714516 0.01469202898548063 0.016793478260839143 0.02211956521735123 0.025869565217344438 0.01610507246373894 0.013804347826061948 0.006920289855059927 0.009420289855055398 0.006249999999988678 0.008260869565202425 0.0056884057970911445 0.007391304347812697 0.010996376811574282 0.02599637681154711 0.03317028985501237 0.6202536231872822
0.034160539215633945 0.029733455882307393 0.016115196078406686 0.01070772058821889 0.00926776960782894 0.008716299019594491 0.01056985294116028 0.013465073529391138 0.013311887254881569 0.014721200980369605 0.018106617647031087 0.023851102941139932 0.028829656862700934 0.027343749999958113 0.016911764705856445 0.013327205882332525 0.008180147058810998 0.00886948529410406 0.007429534313714109 0.008501838235281094 0.007965686274497601 0.00926776960782894 0.012959558823509559 0.0252144607842751 0.0293045343136806 0.5931678921559541
0.024769841269839867 0.02247392290249306 0.0079648526077093 0.00457029478458024 0.0034965986394555845 0.0032448979591834896 0.003541383219954448 0.004539682539682283 0.005850907029478126 0.0077380952380948 0.010030612244897392 0.014147959183672669 0.01869217687074724 0.017505102040815335 0.010772108843536805 0.009086167800453 0.006066326530611901 0.006420634920634557 0.004253401360543977 0.005049886621314907 0.004684807256235562 0.008030045351473468 0.013409297052153435 0.03858786848072344 0.12536734693876841 0.6197057823128901
0.04825761959876311 0.04215374228394859 0.005002893518518277 0.0017968749999999133 0.001167534722222166 0.0011304012345678468 0.0011270254629629087 0.001453510802469066 0.0018055555555554685 0.002813946759259124 0.00444444444444423 0.007654320987653953 0.010457658179011842 0.008310667438271205 0.00478443287037014 0.0033072916666665076 0.0020326967592591613 0.0018412422839505286 0.0012234760802468546 0.0012991898148147522 0.0012577160493826554 0.0019704861111110162 0.005165895061728146 0.043760127314812707 0.05301793981481226 0.7427633101851494
0.03854567307692268 0.035768408941485495 0.0057438568376067785 0.0020291954306377175 0.0009462319197896023 0.0006949580867850027 0.0005727112097304346 0.0006623931623931555 0.0006912598619329317 0.0008501808021038703 0.0010606714332675761 0.001781928007889528 0.0035953936554897724 0.002504725509533176 0.0015285996055226666 0.0018251766929651355 0.001362179487179473 0.0016908078566732238 0.0011006328073635652 0.0011704881656804612 0.0012730111768573175 0.0027869206114398133 0.009024695923734291 0.051174905489808804 0.06226690910585077 0.7693480851413464
0.017639372822270103 0.018778477619909577 0.00904583221654877 0.006566604127568737 0.0055615116590633186 0.007739212007491726 0.009179844545682827 0.012999195926003418 0.01670128651833171 0.019850576252982026 0.02060439560436109 0.03169391584020421 0.03663562047702252 0.042850442240614364 0.02264808362365544 0.024339989278972896 0.013200214419704502 0.017136826588017393 0.009581881533084993 0.012915438220294633 0.007973733583476323 0.014959126239588985 0.014406325381911006 0.03261525060300084 0.07722460466349969 0.49715223800506375
0.03195292974168295 0.02948833657312294 0.014856984171037807 0.013190780338771885 0.011108025548439482 0.01032699250206483 0.011108025548439482 0.013312274368207942 0.015481810608137529 0.020046514856949377 0.020324215495660363 0.025357539572297003 0.03294223826709084 0.03882602054977988 0.02749236323238772 0.024264093307372493 0.01662732574282035 0.014874340460957244 0.008400444321007358 0.008313662871410174 0.006682171618983126 0.006942515967774676 0.008192168841974119 0.022354901416234457 0.028030408219890255 0.53950291585577
0.029153713298740665 0.0218998272883905 0.015509499136415354 0.01398963730567532 0.013868739205502818 0.013834196891167817 0.014766839378212838 0.01792746113986541 0.02229706390324301 0.029516407599258176 0.03656303972359834 0.04257340241788848 0.042780656303898476 0.04943005181338613 0.03720207253879585 0.03207253886004823 0.02455958549218556 0.022107081174400505 0.013955094991340318 0.011692573402397767 0.010621761658012744 0.012953367875625297 0.011675302245230267 0.016545768566465377 0.023782383419648043 0.41872193436887956
0.035455921495602116 0.032664028636956347 0.006332635688886031 0.0029901396077936042 0.002040905898876388 0.0017920289683541492 0.001689864495223653 0.0019126044165298835 0.002190248495560307 0.002790659980852563 0.0035015373164162485 0.005896607909354831 0.009024912021840602 0.006297950726970448 0.0035511811955560874 0.002842687423725937 0.0022509882748390168 0.0021263854258721368 0.001853179706897262 0.0021199744613474556 0.002622659833564764 0.004577510862475239 0.011860448754365933 0.05525815803454905 0.07611294344148403 0.7202438369260976
0.01654941373531566 0.01649916247903434 0.004790619765486113 0.0027973199329936393 0.002964824120598049 0.0057286432160708065 0.013316582914550559 0.013802345058603347 0.010201005025108541 0.021541038525927068 0.027604690117206693 0.053869346733578106 0.08720268006685561 0.13021775544366798 0.05289782244547253 0.03854271356777463 0.0179564489111927 0.019983249581206057 0.006080402010040066 0.0057286432160708065 0.0026800670016705525 0.003266331658285986 0.004304857621433325 0.013701842546040701 0.01638190954771125 0.4113902847564298
0.016422916666665528 0.014761111111110087 0.00593472222222181 0.005027083333332984 0.00479097222222189 0.0062520833333329 0.006289583333332897 0.010402083333332611 0.011447222222221429 0.01841874999999872 0.02398680555555389 0.04238124999999706 0.049178472222218814 0.06165138888888461 0.035177083333330895 0.03214999999999777 0.01933263888888755 0.020204166666665264 0.012254166666665817 0.015381944444443378 0.011443749999999206 0.01663958333333218 0.018213888888887624 0.026487499999998162 0.04718263888888562 0.46858819444441197
0.028187300024610625 0.026673024858477317 0.01052916564115121 0.0065524243170067345 0.00475879891705607 0.0042677824267779805 0.00396320452867315 0.004949544671424751 0.005988186069406474 0.008710927885798135 0.012467388629091037 0.0215696529657875 0.0316514890474999 0.02834420379030099 0.013905980802361932 0.011916071868077043 0.008028550332266305 0.01022212650750614 0.006713019936007463 0.008710927885798135 0.00782980556239184 0.012012060054146444 0.016661949298546846 0.03923824760029294 0.07813253753383718 0.5880156288456444
0.02794362677029307 0.025704665370685737 0.009979866703676097 0.00786239933350482 0.00744584837543834 0.007480560955277214 0.007914468203263131 0.011975840044411316 0.015395029158540345 0.02101846709243783 0.02627742293802715 0.03493821160782606 0.036587059150172546 0.04045751180220693 0.02521868925294151 0.02018536517630487 0.012444459872236108 0.012236184393202867 0.0072375728964051 0.006491252429869322 0.0064391835601110125 0.006925159677855239 0.01011871702303159 0.024003748958580942 0.028811441266264906 0.5589072479857004
0.03125556941714655 0.029050080199543197 0.008710568526090022 0.005034753163417762 0.00492336481909436 0.005747638567087534 0.0063714132952985844 0.008844234539278104 0.008086793797878973 0.01098289075028742 0.011562110140769109 0.02149795045441655 0.023525218321102465 0.03261450721789205 0.013923543040425227 0.016596863304186874 0.007752628764908767 0.013923543040425227 0.006839244341456872 0.010871502405964018 0.009334343254301073 0.014369096417718835 0.014502762430906917 0.0304090180002887 0.0475405453572279 0.6057298164306592
0.015240464344935638 0.0180431177446028 0.006223051409615993 0.004817578772800656 0.0028524046434482368 0.002748756218904333 0.0027611940298496013 0.006185737976780188 0.006998341625204395 0.011666666666661829 0.01570480928689233 0.03308457711441414 0.056318407960175655 0.09205638474291374 0.035592868988376616 0.031036484245426602 0.016475953565498972 0.01978441127694039 0.008992537313429107 0.01036069651740864 0.007437810945270548 0.012263681592034717 0.01396351575455474 0.030082918739622686 0.0852321724709431 0.45407545605287974
0.027542969850613653 0.029180755142242214 0.011693434770337255 0.006868131868119773 0.004455480417011032 0.0048605240912847625 0.004490701606078313 0.006040433925038672 0.006515919977446964 0.006938574246254335 0.007466892082263548 0.010108481262309614 0.013155114116629412 0.019301211608869925 0.009456889264564918 0.010971400394457997 0.007185122569725301 0.008858129050421142 0.005582558467164021 0.005617779656231302 0.00436742744434283 0.006639194139182447 0.00913989856295939 0.02516553958857219 0.0978444632289063 0.6505529726672116
0.04055957031249901 0.035756347656249125 0.00898315429687478 0.004721679687499885 0.0032443847656249206 0.002817626953124931 0.0027624511718749327 0.0031159667968749236 0.0033254394531249186 0.004000976562499902 0.004955078124999879 0.0077978515624998095 0.010581298828124742 0.008836181640624784 0.0048886718749998805 0.004043457031249901 0.003072753906249925 0.002986083984374927 0.002532714843749938 0.0026437988281249355 0.002946777343749928 0.004358886718749893 0.008908935546874783 0.039130126953124046 0.045653564453123886 0.7373762207031069
0.026601992430446333 0.023361030147423845 0.009179101231110673 0.007525992952522021 0.006677687388509423 0.006373167442453619 0.005002827685202499 0.008243789968224988 0.008309044242379804 0.013203114803990945 0.014247183190467987 0.023469787271015206 0.025101144124885583 0.038761038847960234 0.01452995171180552 0.020098316439683087 0.010049158219841543 0.01790142254313764 0.007395484404212391 0.01439944316349589 0.010418932440052162 0.01925001087567049 0.02229521033622853 0.040370644277112344 0.06175229477517346 0.5454822290848186
0.04265650679813457 0.038479007918709555 0.009789332138051759 0.004562976243835481 0.0029881966233369227 0.002698341550873241 0.0024861795906163196 0.003101748095023726 0.0034573434932008195 0.004793067383832424 0.006696548632898044 0.010694755714922847 0.013754669057219854 0.014035559539813525 0.007524279097562371 0.005492305393693264 0.0030569251456736717 0.003047960555803661 0.0018407291199755444 0.002127595995815889 0.002169430748542606 0.0038816674137146625 0.00851636037651023 0.037292693859244795 0.04369341102643248 0.7211624084862629
0.03918248456790048 0.03596508487654252 0.007304398148148008 0.003576581790123388 0.0021126543209876135 0.001701774691357992 0.0013869598765431832 0.0014654706790123175 0.0014457947530863919 0.0018952546296295931 0.0022613811728394626 0.0030277777777777196 0.004184027777777697 0.003367283950617219 0.0021730324074073657 0.002206404320987612 0.0017631172839505833 0.002104166666666626 0.0018931327160493464 0.0024031635802468673 0.002763310185185132 0.0043890817901233725 0.009059220679012171 0.0469843749999991 0.057965470679011234 0.7574185956789978
0.037980651855462955 0.034056091308588554 0.00963134765624853 0.006285095214842791 0.004704284667968032 0.004133605957030619 0.003906249999999404 0.003970336914061894 0.004690551757811784 0.005789184570311617 0.007965087890623784 0.012013244628904417 0.017132568359372387 0.012388610839841859 0.007244873046873894 0.005445861816405419 0.003892517089843156 0.003900146484374405 0.003271484374999501 0.003770446777343175 0.0033370971679682407 0.004554748535155555 0.008154296874998756 0.036549377441400674 0.04067230224608755 0.7145599365233285
0.014475138121514972 0.016839779005487648 0.002939226519330521 0.0028287292817617046 0.002961325966844284 0.004441988950266426 0.006430939226505125 0.01779005524857947 0.021149171270671493 0.029701657458497895 0.04243093922642557 0.10247513812132049 0.11993370165719351 0.10320441988927469 0.05436464088385776 0.024088397790002013 0.005922651933688568 0.003646408839770947 0.0013701657458533255 0.002033149171266225 0.0010828729281744025 0.001259668508284509 0.001480662983422142 0.015911602209909587 0.014298342541404866 0.3869392265184819
0.027856336805554344 0.02798307291666545 0.007300347222221905 0.0038433159722220554 0.0026453993055554404 0.0026749131944443284 0.002473524305555448 0.0034622395833331827 0.003974826388888716 0.006270833333333061 0.00847482638888852 0.01723871527777703 0.02720833333333215 0.026219184027776638 0.011316406249999508 0.0089162326388885 0.0054361979166664305 0.005446614583333097 0.003155815972222085 0.003561197916666512 0.003220486111110971 0.004925781249999786 0.008766927083332952 0.03168489583333196 0.03530034722222069 0.7106432291666358
0.03852064533769797 0.03257314738856096 0.011238720262507182 0.006352201257859898 0.004563850150395252 0.003959529669126618 0.003781788351106431 0.004380639868743675 0.004410719168716322 0.005255674049766132 0.005939294503689926 0.0071916871752783175 0.007670221493024974 0.009026524473609783 0.005870932458297547 0.005548263604045516 0.0041235985780683285 0.004410719168716322 0.0036013125512705494 0.004227508887064745 0.004654088050313193 0.007897183483727675 0.014041564123594738 0.03538966365872699 0.04524473612249241 0.7201257861633251
0.014889393079947149 0.016955676201245936 0.008163844096896192 0.006867352726669502 0.005307511546865514 0.007414310023483886 0.01223563730651439 0.02195932258321457 0.019670205007658068 0.02880641763222428 0.03146017340565704 0.052609188882479924 0.0745685114656945 0.08998460416479624 0.04065715906320262 0.028178429624770726 0.014220889717174012 0.015314804310802782 0.007211733246885966 0.006786322016030333 0.007373794668164302 0.006219107041556156 0.008062555708597232 0.016023823028895504 0.019609431974678695 0.4394498014738687
0.03706938576528057 0.033738219044455356 0.008693532661665799 0.007677933051658112 0.00739356516085596 0.008409164770863647 0.007759181020458728 0.010420051998678867 0.01044036399087902 0.011334091647685784 0.010927851803682711 0.013446538836501773 0.015965225869320837 0.020941663958358503 0.011984075398090705 0.013304354891100698 0.00853103672406457 0.011070035749083787 0.008510724731864415 0.00901852453686826 0.007779493012658881 0.010745043873881328 0.012857491062697315 0.030752356191032757 0.057868865778238 0.6133612284680424
0.03461249999998558 0.02924166666665448 0.012224999999994907 0.006974999999997094 0.004866666666664639 0.004329166666664863 0.003720833333331783 0.004145833333331606 0.004583333333331423 0.005816666666664243 0.00688749999999713 0.010420833333328992 0.013533333333327695 0.01629999999999321 0.008004166666663332 0.00837499999999651 0.004858333333331309 0.006508333333330622 0.003945833333331689 0.0055458333333310225 0.005258333333331143 0.009908333333329205 0.016295833333326543 0.045237499999981154 0.06258333333330726 0.6658208333330559
0.028402777777776545 0.027234374999998815 0.007393229166666345 0.0043311631944442566 0.0032434895833331925 0.0032612847222220805 0.003489149305555404 0.0043498263888887 0.005249565972221994 0.007197916666666354 0.009319010416666261 0.013630208333332741 0.016820312499999268 0.0171319444444437 0.011703559027777269 0.009118489583332938 0.0062842881944441716 0.005440972222221986 0.0040217013888887146 0.00410763888888871 0.0040863715277776 0.005501736111110872 0.00950520833333292 0.032659722222220806 0.042346354166664824 0.7141697048610801
0.025965009719477287 0.021834212718651356 0.008469869480685104 0.00713343515688848 0.0077756178839076375 0.008799638989154403 0.01164607053594202 0.01676617606217584 0.01914398778113867 0.02768328242150152 0.033341432935237884 0.04495279089134103 0.0494307136905557 0.056772424326477416 0.03866981394050495 0.03203971119128013 0.02065398500412966 0.01730422104967838 0.00970216606496511 0.008469869480685104 0.005744931963333545 0.006508608719788759 0.004998611496797767 0.017408358789195 0.02428144959729193 0.47450361010747966
0.03155505661843139 0.03262885591557832 0.012861187036282553 0.009127294025748908 0.006662436548207091 0.0068820773135325995 0.007833853963276469 0.010469543147182571 0.010615970324066243 0.013300468566933569 0.017668879343963127 0.024282506833208994 0.03165267473635383 0.03992581023028132 0.018376610698900876 0.015277235454863146 0.00902967590782646 0.011201679031600933 0.005686255368982609 0.006662436548207091 0.0048565013666417986 0.007296954314703005 0.011567746973810114 0.02433131589217022 0.027479500195169173 0.6027674736416371
0.027874201610615323 0.026138572618671654 0.012253540683122304 0.010344348791984268 0.008035962232699187 0.007827686753665948 0.008886420438751586 0.010656762010534128 0.013017217439577518 0.017547209108550493 0.021469730630343187 0.03361913357394887 0.04254026659253933 0.03919050263808805 0.021174673701712762 0.016332268814189924 0.010986531519003424 0.01299986114965808 0.010014579283514971 0.010622049430695255 0.008140099972215807 0.009407109136334687 0.009615384615367926 0.02065398500412966 0.028186614829165187 0.5624652874191848
0.0363787836711393 0.03361913357394887 0.00938975284641525 0.004998611496797767 0.004078728131067622 0.004165509580664806 0.005050680366556077 0.006578033879466505 0.007931824493182568 0.011264232157714412 0.013173424048852448 0.017703415717825424 0.01872743682307219 0.020671341294049097 0.013937100805307662 0.011281588447633849 0.005744931963333545 0.005727575673414108 0.0029332129963848008 0.0032282699250152243 0.0023778117189628264 0.0047035545681673434 0.008435156900846232 0.02879408497634547 0.03181407942232745 0.6872917245197735
