0.036282608695632455 0.03338586956519925 0.009695652173907774 0.0063206521739096085 0.0046739130434757204 0.004380434782606315 0.004206521739128149 0.005211956521736298 0.004597826086954023 0.0063206521739096085 0.006885869565213649 0.01135869565216774 0.021233695652162373 0.021733695652162103 0.008978260869560339 0.01180434782608054 0.0058858695652141925 0.010869565217385397 0.004402173913041086 0.0074673913043437675 0.0053315217391275375 0.010315217391298741 0.01141847826086336 0.032010869565199995 0.05842391304344651 0.6568043478257299
0.029009836065554746 0.02388852459014827 0.013868852459007298 0.01302295081966359 0.010386885245894829 0.009599999999993706 0.009075409836059622 0.011298360655730297 0.0129114754098276 0.0161114754098255 0.024957377049163964 0.051199999999966425 0.08472131147535428 0.056399999999963014 0.028629508196702538 0.020373770491789917 0.014590163934416662 0.01285901639343419 0.009508196721305241 0.010760655737697862 0.010537704918025878 0.013363934426220745 0.016609836065562877 0.0224852459016246 0.0307737704917831 0.44305573770462753
0.039874686716692045 0.036817042606424016 0.014285714285678482 0.007794486215519312 0.004711779448609745 0.004586466165402039 0.004210526315778921 0.004310776942345085 0.00398496240600505 0.005939849624045263 0.00734335839597157 0.013157894736809127 0.019348370927269803 0.018295739348325072 0.007769423558877771 0.008345864661633218 0.005814536340837557 0.0063659147869514635 0.004536340852118957 0.00418546365913738 0.004536340852118957 0.005964912280686805 0.010726817042579632 0.028822055137772376 0.03526315789464846 0.6930075187952556
0.03482587064675462 0.027472636815911285 0.015429519071305 0.010855721393031226 0.008892205638471345 0.00838474295190435 0.007701492537310879 0.009094527363181063 0.009880597014922096 0.012391376451073834 0.014252072968486152 0.023890547263673668 0.04116417910446396 0.032490878938629356 0.014859038142615303 0.01330016583747486 0.009326699834159428 0.013213930348254323 0.008706467661688654 0.011323383084573358 0.009860696517409664 0.013538971807624034 0.015147595356545557 0.028255389718066914 0.05310779436150809 0.5526334991706293
0.03407804878047118 0.03442926829266613 0.01239024390243298 0.006965853658533187 0.00573658536585086 0.00463902439024164 0.004097560975607757 0.004887804878046396 0.005390243902436395 0.007590243902435322 0.009004878048776095 0.015136585365846274 0.020780487804867912 0.019009756097551702 0.008229268292678912 0.007960975609752214 0.005287804878046201 0.008297560975605708 0.004707317073168436 0.006243902439021344 0.005092682926826784 0.008717073170727455 0.010453658536580266 0.031409756097545656 0.05610731707314336 0.6633560975606521
0.05092696629208714 0.04468164794003307 0.006310861423215065 0.00268726591760048 0.0013951310861410157 0.00143258426966158 0.0013014981273396053 0.0011048689138566433 0.0010955056179765023 0.0017977528089870808 0.001853932584267927 0.004091760299621637 0.005936329588009423 0.005205992509358421 0.002481273408237377 0.0032303370786486607 0.001413857677901298 0.0023595505617955434 0.0011329588014970665 0.002228464419473569 0.0017602996254665166 0.0030149812734054167 0.00582397003744773 0.036750936329553605 0.046535580524301 0.7634456928831803
0.034086956521720606 0.031885869565200065 0.011690217391297995 0.0062282608695618325 0.004114130434780373 0.003461956521737249 0.0036847826086936495 0.004864130434779965 0.005315217391301459 0.0067826086956484875 0.00870108695651701 0.014173913043470557 0.01963586956520672 0.024342391304334597 0.009032608695647265 0.011206521739124344 0.005722826086953412 0.012233695652167264 0.0048967391304321215 0.008396739130430219 0.005853260869562036 0.01135869565216774 0.011554347826080677 0.03173913043476536 0.06064130434779313 0.6483967391300824
0.03218360995842276 0.029745850622329498 0.006976141078820082 0.0053163900414799885 0.0044087136929346245 0.004927385892103404 0.006483402489609742 0.011151452282128757 0.013770746887931092 0.015715767634814016 0.029979253111955446 0.0553682572612672 0.07282157676329662 0.051478215767501355 0.025726141078771456 0.010529045643126221 0.005938796680482524 0.007391078838155106 0.004149377593350235 0.0045383817427268195 0.003293568464721749 0.0042790456431424295 0.0067946058091110095 0.022536307053883462 0.028760373443908815 0.5357365145214322
0.05299847792994444 0.04093607305932958 0.01043378995432996 0.007541856925412829 0.0059589041095845065 0.004406392694060573 0.004048706240483981 0.004147640791473252 0.0042389649923864235 0.00461948249619131 0.005532724505323034 0.007031963470314283 0.007382039573814778 0.008980213089795297 0.005228310502279126 0.005502283105018643 0.003949771689494711 0.004200913242005935 0.0030213089802107905 0.0039041095890381245 0.0035007610350049462 0.005616438356160109 0.00986301369862263 0.03644596651443193 0.04789193302888288 0.7026179604256448
0.04672004132219339 0.037732438016431474 0.011596074380135341 0.006482438016512184 0.0053977272727133326 0.005759297520646283 0.006611570247916809 0.005759297520646283 0.004984504132218532 0.005191115702465932 0.004416322314038181 0.0039772727272624556 0.004519628099161881 0.007076446280973459 0.0033316115702393297 0.005707644628084433 0.002866735537182679 0.004726239669409282 0.002840909090901754 0.0036157024793295046 0.0033832644628011797 0.004416322314038181 0.008419421487581562 0.032076446280908895 0.04473140495856216 0.7276601239650629
0.03783042394011818 0.033541147132141694 0.01472984206150064 0.009459684123017906 0.007522859517865734 0.007057356608472937 0.006508728179545712 0.006566916043219811 0.00665004156275424 0.008279301745629028 0.010257689110548415 0.01597672485451706 0.02185369908560112 0.017647547797159064 0.009118869492926751 0.0077057356608414744 0.004297589359929927 0.004688279301741738 0.0037073981712354882 0.004746467165415838 0.004314214463836813 0.006034912718199472 0.009600997506226432 0.03364089775558301 0.03370739817121055 0.6745552784699297
0.04362359550557713 0.03886704119846548 0.007696629213475939 0.004775280898871933 0.0038108614232174056 0.0036235955056145848 0.003988764044940085 0.004129213483142201 0.004812734082392497 0.006320224719095205 0.007303370786510015 0.008632958801490044 0.010065543071151624 0.011151685393247986 0.007565543071153965 0.006863295880143386 0.004850187265913061 0.004887640449433626 0.0032490636704089427 0.004026217228460649 0.0034644194756521867 0.0048782771535534845 0.00787453183519862 0.03470973782768286 0.03818352059921518 0.7206460674150555
0.036103030303008425 0.03721818181815926 0.013387878787870674 0.007163636363632022 0.005206060606057451 0.005206060606057451 0.004630303030300224 0.005830303030299497 0.00550909090908757 0.006939393939389734 0.008521212121206956 0.015096969696960547 0.024454545454530633 0.018115151515140537 0.009054545454539967 0.007224242424238046 0.005321212121208896 0.006866666666662505 0.005484848484845161 0.005890909090905521 0.005696969696966244 0.007915151515146717 0.010830303030296466 0.03526060606058469 0.040369696969672506 0.6667030303026262
0.040665236051393064 0.037848712446250404 0.01853540772527217 0.011453862660913482 0.006652360515003615 0.007001072961354611 0.006974248927019919 0.008127682403411675 0.007349785407705606 0.009603004291819735 0.012392703862627702 0.017301502145876335 0.028218884120095978 0.02191523605144336 0.012580472102970546 0.011480686695248174 0.007778969957060678 0.00874463519310959 0.005579399141615935 0.005177038626595555 0.006035407725305699 0.009603004291819735 0.01115879828323187 0.024302575107230946 0.029399141630822426 0.6341201716721188
0.028672672672655452 0.029759759759741884 0.013213213213205278 0.008906906906901558 0.007369369369364943 0.007357357357352938 0.0062102102102064806 0.007441441441436972 0.007993993993989193 0.010792792792786311 0.014084084084075625 0.023819819819805514 0.0403243243243001 0.03422222222220167 0.01497297297296398 0.01084084084083433 0.006426426426422566 0.007369369369364943 0.004894894894891955 0.005837837837834332 0.005543543543540214 0.007981981981977188 0.011849849849842733 0.03283483483481511 0.04596996996994236 0.6053093093089458
0.03143877551018804 0.029158163265291245 0.010877551020402613 0.008173469387750931 0.005709183673466475 0.0053163265306095326 0.004760204081630225 0.006387755102037557 0.006051020408160178 0.00815816326530196 0.008275510204077411 0.012688775510197607 0.017188775510195313 0.021714285714274636 0.009877551020403124 0.011933673469381666 0.008428571428567129 0.01308163265305455 0.006913265306118922 0.00935204081632176 0.00635204081632329 0.010724489795912895 0.011979591836728582 0.03450510204079872 0.05084183673466794 0.6501122448976275
0.025524055187986717 0.026638642750780896 0.01224454051126749 0.007563272747531934 0.00519079350672718 0.00476884250081224 0.0060028501596200825 0.006416839825800778 0.0077384222216853055 0.011129952948473309 0.02039695239913349 0.0443685463389426 0.08181072710909279 0.047274435341941715 0.022379325992960282 0.014569251713666779 0.009179424713583495 0.008470865477235766 0.006193922313241942 0.007069669684008797 0.006241690351647407 0.00784191963823048 0.0093068061493314 0.023286918722664113 0.02687748294280822 0.5515138487500286
0.024426666666653638 0.023087999999987688 0.008383999999995529 0.007322666666662761 0.006565333333329832 0.006698666666663094 0.006767999999996391 0.009231999999995076 0.010543999999994377 0.015322666666658494 0.020687999999988965 0.036245333333314 0.04491733333330938 0.046895999999974985 0.026234666666652674 0.02334399999998755 0.01451199999999226 0.013999999999992534 0.008266666666662257 0.009882666666661396 0.0072746666666627866 0.009983999999994676 0.009738666666661473 0.02653333333331918 0.08511466666662128 0.4980159999997344
0.02730961298375324 0.026622971285876016 0.011810237203488259 0.00843945068663643 0.007228464419471143 0.0069850187265874004 0.006248439450682741 0.007578027465663184 0.008845193508109335 0.011123595505611034 0.013014981273400115 0.019182272159788277 0.03666042446939035 0.028420724094863657 0.015199750312100375 0.01442571785267514 0.01070536828963127 0.014456928838942286 0.00880149812733533 0.012265917602988598 0.009581772784013993 0.014394506866407994 0.01497503121097692 0.029001248439432584 0.07915106117348368 0.5575717852680664
0.04802576711802828 0.0421591464640895 0.012624737583721207 0.006067926264613154 0.004486239323600247 0.0038535645471950834 0.003939838380341242 0.003709774825284819 0.003939838380341242 0.0035947430477566078 0.0032496477151719733 0.002501941161238599 0.004026112213487401 0.005636557098882361 0.002904552382587339 0.005003882322477198 0.002070571995507806 0.004514997267982299 0.0024156673280924406 0.004630029045510511 0.0030195841601155507 0.005492767376972097 0.008454835648323542 0.03560233514498144 0.037644149196107195 0.740430794004715
0.03389130434780767 0.03266847826085181 0.010456521739124753 0.006581521739126858 0.004456521739128013 0.0040271739130412895 0.0033641304347807803 0.004978260869562511 0.005603260869562172 0.00838043478260414 0.011527173913037213 0.0205434782608584 0.030146739130418397 0.03063586956520074 0.011434782608689438 0.011472826086950286 0.004472826086954091 0.010260869565211815 0.0032336956521721557 0.006722826086952868 0.003499999999998098 0.008646739130430084 0.010179347826081424 0.0329021739130256 0.04671739130432244 0.6431956521735634
0.03998463114743856 0.033837090163847755 0.01762295081962699 0.012602459016361162 0.009144467213091331 0.009221311475386216 0.010117827868826543 0.011347336065544705 0.009861680327843592 0.00909323770489474 0.011449795081937884 0.014959016393404306 0.018391393442575843 0.01936475409831105 0.014549180327831585 0.014241803278652045 0.010348360655711198 0.010604508196694147 0.007735655737685103 0.008862704918010085 0.00599385245900104 0.00852971311473225 0.011808401639314015 0.02743340163927399 0.032684426229424475 0.6202100409820179
0.035156249999890136 0.04065624999987295 0.008343749999973926 0.00546874999998291 0.00559374999998252 0.005687499999982227 0.006562499999979492 0.007312499999977148 0.009687499999969726 0.011812499999963085 0.018624999999941796 0.024093749999924707 0.03315624999989639 0.018249999999942968 0.007687499999975977 0.007093749999977832 0.003124999999990234 0.0049374999999845706 0.0029999999999906247 0.004187499999986914 0.002906249999990918 0.004812499999984961 0.007093749999977832 0.029156249999908887 0.03509374999989033 0.660499999997936
0.03745772594750003 0.035965014577238504 0.00846647230320206 0.0049446064139912855 0.0033644314868785047 0.0036209912536422036 0.0028513119533511073 0.003930029154516659 0.0038892128279860703 0.005037900874632631 0.005341107871717002 0.009078717201160887 0.010676384839643921 0.013527696792995028 0.005615160349850953 0.007947521865884578 0.004857142857140025 0.008291545189499538 0.004932944606411117 0.007510204081628274 0.006145772594748603 0.011475218658885436 0.014909620991244951 0.040384839650122226 0.07675801749266661 0.6630204081628787
0.033200143665185415 0.0318308341563441 0.010662656011469285 0.007430187662729123 0.005230313369836512 0.003479393014268925 0.0027835144114151398 0.005634371913429033 0.006487384394346576 0.011425877704921823 0.016274580228032066 0.03739786297917438 0.06283110352863691 0.07894854987860521 0.02848612732327268 0.020404956451422273 0.006060878153887804 0.005836401185225293 0.0021774265960263594 0.002626380533351382 0.0018407111430325924 0.0033222591362051667 0.006936338331671598 0.023974140253156202 0.02745353326742513 0.5572640747046842
0.03459928229654725 0.0348385167463073 0.015669856459283284 0.0114533492822624 0.007984449760741674 0.007147129186581498 0.0075657894736615855 0.007505980861221573 0.0078050239234216355 0.012380382775082594 0.014922248803783128 0.022458133971224706 0.039593301435288296 0.02248803827744471 0.012709330143502662 0.010855263157862274 0.005980861244001253 0.005562200956921165 0.004635167464100971 0.006429425837301347 0.006578947368401379 0.007894736842081654 0.010017942583702099 0.021919856459264593 0.053558612440031225 0.6074461722469873
0.04099692307689785 0.03676923076920814 0.013058461538453503 0.007464615384610791 0.005366153846150544 0.004350769230766553 0.003969230769228327 0.004110769230766701 0.004886153846150839 0.00553846153845813 0.007495384615380003 0.010516923076916604 0.018473846153834784 0.012867692307684388 0.006886153846149609 0.006350769230765323 0.003723076923074632 0.004639999999997145 0.003335384615382563 0.004209230769228179 0.004572307692304879 0.0071015384615340914 0.014036923076914438 0.034104615384594396 0.046627692307663615 0.6885476923072685
0.03880120481925373 0.034475903614437066 0.01237349397589616 0.0078012048192724085 0.005969879518068693 0.006156626506020387 0.004656626506021291 0.005620481927707458 0.005771084337345921 0.007325301204814864 0.008018072289151796 0.014301204819268493 0.02050602409637319 0.016156626506014363 0.007849397590356718 0.007825301204814563 0.004759036144575447 0.005831325301201306 0.00445783132529852 0.005530120481924379 0.005349397590358223 0.008144578313248106 0.012638554216859856 0.03400602409636506 0.04249397590358886 0.6731807228911607
0.04150309917344653 0.037629132231307774 0.011053719008235915 0.005604338842960733 0.004442148760319106 0.0034090909090821048 0.0031249999999919294 0.004235537190071706 0.004313016528914481 0.006275826446264784 0.01030475206608909 0.016193181818139998 0.022753099173494957 0.022933884297461432 0.012809917355338818 0.012345041322282167 0.006379132231388484 0.007618801652872885 0.003770661157015055 0.004158057851228931 0.0034090909090821048 0.004467975206600031 0.005940082644612758 0.029700413223063788 0.03700929752056557 0.6786157024775862
0.038539651837430994 0.0326644100579481 0.013225338491263961 0.008728239845240019 0.007084139264973201 0.007543520309459518 0.008607350096690988 0.012306576402291328 0.01719052224367217 0.023089941972864868 0.02219535783360204 0.019414893616974335 0.02021276595739794 0.016803675048315272 0.01003384912956955 0.010638297872314705 0.00759187620887913 0.006600580270777078 0.005633462282384832 0.006141199226290761 0.005754352030933863 0.006503868471937853 0.010009671179859745 0.028892649903218343 0.03297872340417558 0.621615087039116
0.038352505042691075 0.0424412582455366 0.01635501281138212 0.009703974268086725 0.005669737774612469 0.00583328790272629 0.005560704355869921 0.0060513547402113845 0.005751512838669379 0.007605080957292686 0.009867524396200547 0.016900179905094858 0.027312871395008143 0.022760726162506784 0.01043994984459892 0.010385433135227646 0.005451670937127374 0.007141688927636859 0.004034236493474256 0.006869105380780491 0.007059913863579949 0.00956768249465854 0.012211742899165316 0.02654963746381031 0.034127460066417356 0.6459957476949081
0.03322580645159504 0.03328494623654125 0.011516129032251873 0.008043010752683847 0.005908602150534458 0.005532258064513154 0.0058225806451581595 0.006543010752684654 0.0072526881720391114 0.00908064516128544 0.010327956989241759 0.016543010752679277 0.020870967741924262 0.019327956989236922 0.010763440860209268 0.01028494623655361 0.005736559139781862 0.007220430107523 0.004612903225803972 0.006005376344082792 0.0055752688172013036 0.008720430107522194 0.012473118279563187 0.03217741935482141 0.045037634408577935 0.6581129032254526
0.028636363636349173 0.030156565656550425 0.012914141414134892 0.00882828282827837 0.008661616161611787 0.0082828282828241 0.006530303030299732 0.007686868686864805 0.008757575757571334 0.01230303030302409 0.01559595959595172 0.03380303030301323 0.06563636363633049 0.04333838383836195 0.0169696969696884 0.010358585858580627 0.007424242424238675 0.007212121212117569 0.005085858585856017 0.006338383838380637 0.006560606060602747 0.008898989898985405 0.013085858585851977 0.025671717171704207 0.07140404040400435 0.5298585858583182
0.03734782608693622 0.03388586956519898 0.010782608695646314 0.005646739130431714 0.003315217391302546 0.0035054347826067906 0.0024565217391290996 0.004771739130432189 0.0038858695652152792 0.005657608695649099 0.005494565217388318 0.011260869565211272 0.01705978260868638 0.021048913043466823 0.006434782608692155 0.008820652173908249 0.004146739130432529 0.010624999999994226 0.0035978260869545665 0.007972826086952189 0.004288043478258539 0.010478260869559523 0.012010869565210863 0.03695108695650166 0.05351086956518831 0.6750434782605027
0.025523809523795224 0.026532212885139198 0.007148459383749497 0.0048683473389328465 0.0033277310924351104 0.0034229691876731523 0.0033109243697460444 0.0039607843137232715 0.004397759103638993 0.006117647058820102 0.006369747899156095 0.010257703081226746 0.019047619047608377 0.025613445378136913 0.006873949579828082 0.010761904761898733 0.004464985994395257 0.014420168067218813 0.004375350140053571 0.010470588235288252 0.005652661064422603 0.012481792717079842 0.00981512605041467 0.027462184873934196 0.2335854341735386 0.5097366946775855
0.037925333333313105 0.03385599999998194 0.013045333333326376 0.008453333333328825 0.006015999999996791 0.005487999999997073 0.005653333333330318 0.006159999999996715 0.005919999999996843 0.006767999999996391 0.007557333333329303 0.010639999999994326 0.019717333333322817 0.013029333333326384 0.006842666666663017 0.00643199999999657 0.004501333333330933 0.005605333333330344 0.0039359999999979 0.004730666666664144 0.004735999999997474 0.008543999999995442 0.013285333333326248 0.03721066666664682 0.07915733333329111 0.6447893333329895
0.044578651685351516 0.041750936329548925 0.007677902621715658 0.004101123595501778 0.0025093632958778003 0.0019382022471891964 0.0019382022471891964 0.002677902621720339 0.002228464419473569 0.0025749063670387875 0.0029400749063642883 0.004063670411981214 0.006544943820218591 0.006591760299619296 0.003239700374528802 0.00448501872658756 0.002265917602994133 0.003239700374528802 0.0022752808988742742 0.002911985018723865 0.002827715355802596 0.0038295880149776876 0.006235955056173937 0.03519662921345019 0.05851123595500139 0.7428651685386303
0.03984924623108903 0.0480569514237051 0.01105527638189103 0.005661641541029042 0.004438860971516852 0.0036683417085365687 0.002948073701837608 0.004455611390277294 0.004154103852589357 0.00420435510887068 0.00509212730317405 0.007470686767156665 0.01475711892794848 0.009899497487420604 0.004103852596308034 0.004489112227798175 0.0022948073701804105 0.004120603015068475 0.002964824120598049 0.0049078726968091995 0.003768844221099215 0.005628140703508161 0.009430485762128257 0.03760469011718994 0.040619765494069315 0.7143551088765253
0.02308862433860907 0.02332671957670415 0.01332010582009701 0.009001322751316798 0.008379629629624087 0.00912698412697809 0.00918650793650186 0.010357142857136008 0.013326719576710763 0.018412698412686234 0.023015873015857793 0.03228174603172468 0.04206349206346424 0.03426587301585035 0.02097222222220835 0.01753968253967094 0.012189153439145377 0.01332010582009701 0.008366402116396584 0.008650793650787929 0.00788359788359267 0.010502645502638557 0.012453703703695466 0.027572751322733086 0.04381613756610859 0.547579365079003
0.034299060223525385 0.0342545737640915 0.010993716287598846 0.0061446922093053745 0.004837902463435001 0.004565422899402455 0.004443085135959271 0.0058332869932681795 0.005327253517207736 0.006244786743031616 0.007273536117440208 0.011783350942550307 0.028310070622238608 0.019679697492064906 0.008146582883830203 0.0098315075348886 0.005338375132066208 0.007473725184892691 0.003686815325583225 0.005416226436075507 0.004448645943388506 0.007824056052934536 0.01059333815269388 0.03518878941220309 0.040944225101461965 0.6771172774283061
0.03646941961107856 0.03190009933295899 0.011409110259652591 0.006158649070508986 0.004938271604924257 0.00442741592165623 0.00519369944655827 0.0070952178231670346 0.009394068397873155 0.014587767844431424 0.015978430537772162 0.02489002412366996 0.028011919965863455 0.04370654179070894 0.018419185468941623 0.015524336597089473 0.008514261387800441 0.008429118773922438 0.005449127288192282 0.005477508159484951 0.004711224634582911 0.007407407407386385 0.009422449269165823 0.022676316162841843 0.03913722151258937 0.6106712076043403
0.03907033639141341 0.03429969418958147 0.010721712538219743 0.00691743119265632 0.004685015290517012 0.004226299694187018 0.003541284403667559 0.004709480122321278 0.0047339449541255445 0.006006116207947397 0.005498470948008869 0.00927217125381696 0.012782874617729185 0.020452599388366695 0.006159021406724061 0.009039755351676428 0.005571865443421669 0.011162079510696537 0.004415902140670082 0.006996941896020186 0.005278287461770472 0.009113149847089228 0.011492354740054132 0.035706422018326786 0.0545993883791715 0.6735474006112089
0.029177295918289815 0.0317283163264463 0.006643282312907516 0.005341198979577643 0.00385310374148636 0.005553784013590684 0.005075467687061343 0.0064041241496428465 0.0062446853741330655 0.008397108843515102 0.009566326530586824 0.01995642006797418 0.025244472789048563 0.029921343537335453 0.012542517006769392 0.012569090136021022 0.003613945578221689 0.005846088435358615 0.0014880952380912837 0.005792942176855355 0.003295068027202128 0.009433460884328674 0.009460034013580304 0.03212691326522075 0.034385629251609304 0.6763392857124885
0.03271171171168224 0.038396396396361804 0.009540540540531946 0.004873873873869483 0.00353153153152835 0.00353153153152835 0.003810810810807378 0.004576576576572454 0.004225225225221419 0.00534234234233753 0.005108108108103506 0.009549549549540947 0.011720720720710162 0.014477477477464435 0.004369369369365433 0.00535135135134653 0.0026576576576552635 0.0034234234234203392 0.001684684684683167 0.0029189189189162894 0.0028108108108082785 0.005180180180175513 0.008594594594586853 0.03079279279276505 0.15400900900887027 0.6268108108102461
0.034989158288894665 0.028237729154276962 0.011605558840893935 0.007737039227262623 0.007663118470314254 0.00975753991718471 0.01116203429920372 0.013724620540080513 0.014710230632725432 0.019441159077421048 0.02353144096189747 0.03134240094610846 0.04353932584258935 0.03972008673359028 0.024073526512852175 0.015892962743899338 0.009560417898655724 0.00795880149810773 0.005962941060501767 0.00542085550954706 0.004533806426166633 0.006529666863772596 0.008993692095384895 0.020229647151536984 0.02353144096189747 0.5701507983427702
0.03344390243900808 0.031321951219496914 0.012043902439018515 0.007653658536581632 0.005082926829265813 0.004726829268290377 0.004282926829266204 0.005317073170729113 0.004931707317070765 0.00624878048780183 0.007521951219508526 0.011878048780482011 0.021146341463404317 0.023687804878037226 0.007326829268289109 0.008731707317068911 0.004302439024388145 0.010848780487799586 0.003599999999998244 0.007692682926825516 0.0049268292682902795 0.010331707317068131 0.009043902439019978 0.02502439024389023 0.13004878048774143 0.5988341463411713
0.042402402402376936 0.038528528528505385 0.010846846846840332 0.005771771771768305 0.003765765765763504 0.0025945945945930362 0.002846846846845137 0.003507507507505401 0.004252252252249698 0.004996996996993996 0.006798798798794715 0.008612612612607439 0.018012012012001193 0.012048048048040811 0.006630630630626648 0.006408408408404559 0.00455855855855582 0.00578378378378031 0.0042222222222196865 0.005507507507504199 0.00455855855855582 0.007657657657653059 0.010372372372366143 0.037711711711689064 0.05494894894891594 0.6866546546542422
0.04517167381962132 0.038358369098609554 0.01491416309008875 0.009361587982807507 0.006706008583672999 0.005606223175950627 0.005230686695264939 0.006625536480668923 0.005901287553632239 0.004828326180244559 0.007859442060064755 0.01209763948494609 0.022934549356161654 0.013251072961337845 0.007403433476374991 0.005820815450628163 0.0032457081544977314 0.004077253218873183 0.0032725321888324235 0.004238197424881335 0.005016094420587403 0.006786480686677075 0.009388412017142198 0.03036480686687134 0.04214055793980112 0.6793991416290789
0.025068292682914602 0.022975609756086354 0.009834146341458617 0.007721951219508428 0.006560975609752897 0.006317073170728626 0.006004878048777558 0.00790243902438639 0.007434146341459788 0.010521951219507062 0.0144585365853588 0.029487804878034395 0.05904878048777607 0.045814634146319116 0.01966341463413675 0.016107317073162875 0.009492682926824638 0.011209756097555507 0.0061512195121921215 0.008048780487800953 0.006478048780484645 0.010175609756092597 0.012419512195115893 0.03026341463413158 0.04164390243900407 0.5691951219509419
0.04518214936243608 0.03807832422583053 0.00632058287795417 0.004435336976316543 0.0034061930783211235 0.0033606557377018572 0.003715846994532135 0.0053551912568257235 0.005418943533692697 0.006566484517298209 0.006967213114747753 0.012741347905270727 0.024234972677573557 0.029781420765000198 0.010318761384325756 0.008278688524582625 0.005500910746807376 0.005063752276862419 0.0031967213114724984 0.004134790528229386 0.0031329690346055257 0.003989071038247733 0.0058469945355138 0.0240710382513442 0.08938069216749601 0.6415209471761006
0.029933333333266813 0.02848888888882558 0.012955555555526766 0.011177777777752938 0.008888888888869136 0.008866666666646962 0.00828888888887047 0.010933333333309037 0.010999999999975555 0.012066666666639851 0.01604444444440879 0.020911111111064643 0.027488888888827803 0.02302222222217106 0.016222222222186174 0.012577777777749826 0.00797777777776005 0.006422222222207951 0.005999999999986666 0.005933333333320148 0.0064444444444301235 0.009999999999977778 0.011733333333307259 0.028844444444380345 0.03582222222214262 0.6219555555541734
0.04058123249296878 0.03506302521005948 0.01295518207282006 0.007927170868341788 0.006659663865541555 0.006232492997194515 0.005266106442573343 0.005700280112040826 0.005840336134449692 0.006330532212880721 0.006855742296913966 0.008305322128845724 0.014159663865536304 0.009418767506996205 0.005525210084029744 0.005504201680668414 0.003991596638652667 0.005105042016803148 0.003760504201678039 0.004656862745094778 0.0051400560224053645 0.006638655462180225 0.010707282913157768 0.033893557422945454 0.03737394957980576 0.7064075630247154
0.04433913934414872 0.03778176229498519 0.013883196721275914 0.009195696721287921 0.007044057377031137 0.006019467213099336 0.006173155737689106 0.007069672131129432 0.006659836065556712 0.007505122950800447 0.007633196721291923 0.010476434426202674 0.01416495901635716 0.015573770491763386 0.007812499999979988 0.00904200819669815 0.004918032786872649 0.006941598360637957 0.004610655737693108 0.00578893442621468 0.005814549180312975 0.009733606557352116 0.009964139344236771 0.03027663934418474 0.035373975409745455 0.6762038934408908
0.050266587677576226 0.04176540284347818 0.015491706161091552 0.01024881516584642 0.0064277251184643724 0.004502369668233109 0.004472748815152628 0.004650473933635514 0.003465639810416275 0.004976303317520804 0.0048281990521184 0.007138625592395916 0.009893364928880648 0.011255924170582772 0.0061315165876595626 0.00512440758292321 0.0023400473933579973 0.003287914691933389 0.002754739336484731 0.0037618483412210843 0.0046208530805550325 0.008738151658741889 0.015462085308011072 0.03219786729848283 0.03945497630320067 0.6967417061590736
0.041268788682490565 0.03786472148532744 0.01184792219272359 0.006520778072487797 0.004840848806355347 0.004575596816966013 0.004199823165331123 0.0036030061892051214 0.004177718832882012 0.004664014146762458 0.007161803713512021 0.01129531388149581 0.01615826702030027 0.013881520778041818 0.005150309460642904 0.005548187444726905 0.0025641025640968963 0.003536693191857788 0.0016799292661324493 0.002519893899198674 0.0025641025640968963 0.0052608311228884595 0.009350132625974027 0.03129973474794143 0.037776304155530994 0.7206896551708207
0.04664830119364865 0.04074839302102675 0.013131313131282987 0.006496786042225673 0.002961432506880254 0.004522497704305504 0.003719008264454272 0.0034435261707909926 0.003512396694206813 0.0037878787878700922 0.004247015610642224 0.005555555555542802 0.005555555555542802 0.0057392102846516545 0.0036960514233156656 0.005073461891632063 0.002640036730939761 0.005371900826433949 0.0030991735537118934 0.003833792470147305 0.004109274563810585 0.005831037649206081 0.01065197428831347 0.03126721763078221 0.03891184572993822 0.7354453627164016
0.04158682634728049 0.0395748502993775 0.013622754491009807 0.007197604790414851 0.005263473053889064 0.004221556886225017 0.0036526946107762557 0.00350299401197395 0.004035928143710158 0.00428143712574594 0.005790419161673179 0.0066826347305349205 0.012640718562866683 0.007952095808378471 0.0042514970059854785 0.004317365269458493 0.003311377245506999 0.003083832335327495 0.00274850299401033 0.003359281437123737 0.003383233532932106 0.005089820359278389 0.010868263473047384 0.035574850299379894 0.042610778443088256 0.7213952095804064
0.033074999999983465 0.04257999999997871 0.009464999999995267 0.00575999999999712 0.003929999999998035 0.004109999999997945 0.0035749999999982124 0.00373999999999813 0.004429999999997785 0.006804999999996598 0.008854999999995573 0.015544999999992228 0.02716499999998642 0.01793999999999103 0.008534999999995732 0.00605999999999697 0.0029549999999985226 0.003429999999998285 0.0020349999999989825 0.0035649999999982176 0.0035149999999982426 0.00493999999999753 0.00735999999999632 0.04029999999997985 0.03609999999998195 0.6942299999996528
0.031113924050617157 0.025817721518974268 0.01021265822784293 0.007281012658224162 0.005012658227845563 0.005007594936706325 0.004106329113921971 0.004855696202529187 0.005270886075946698 0.006799999999996557 0.007255696202527972 0.014460759493663563 0.021529113924039733 0.030268354430364422 0.011331645569614515 0.013260759493664172 0.00851139240505898 0.012617721518980954 0.008263291139236323 0.016374683544295505 0.015615189873409815 0.02596962025315141 0.026369620253151205 0.040906329113903336 0.12474936708854444 0.5170379746832825
0.04746987951804369 0.04487349397587658 0.009204819277102889 0.004722891566262215 0.0032530120481908116 0.0026987951807212656 0.00222891566264926 0.0027530120481911126 0.00218674698795049 0.002933734939757269 0.0028373493975886524 0.004024096385539745 0.006542168674694854 0.005879518072285614 0.002903614457829576 0.004132530120479439 0.002120481927709566 0.0029638554216849613 0.0019939759036132565 0.003114457831323425 0.002879518072287422 0.004650602409635753 0.007487951807224405 0.03980120481925313 0.04349397590358826 0.742849397589914
0.03801498127337265 0.0331460674156993 0.008735955056171595 0.005215355805238562 0.003932584269659239 0.0035861423220940204 0.0034269662921316228 0.004897003745313767 0.005617977528084627 0.008876404494373711 0.01379213483144776 0.025842696629189286 0.03179775280895899 0.03375468164790847 0.021123595505598197 0.017687265917586435 0.008642322097370186 0.007808988764037632 0.004634831460669817 0.005973782771529987 0.004288389513104599 0.005898876404488859 0.008810861423212723 0.03220973782768519 0.04278089887636444 0.619503745317772
0.04078995939451645 0.03624492432623605 0.010451273532644769 0.005675526024350139 0.0043373938722675864 0.003922111480241967 0.003899040236240543 0.005352528608330213 0.0063907345883942625 0.008051864156496743 0.011743263196724476 0.024086378737485956 0.02881598375777774 0.02570136581758559 0.011189553340690316 0.009712993724599222 0.0041297526762547766 0.004591177556283243 0.003945182724243389 0.0038528977482376963 0.0028146917681736465 0.00463732004428609 0.007521225544464006 0.029946474713847485 0.0432124400146659 0.6589839424126546
0.0375004805288942 0.03183023872672927 0.011109829700512993 0.006938838273157769 0.006439088148221199 0.007707684619214032 0.00861107907583014 0.010513973782319391 0.014550417099114768 0.01643409064695261 0.01912505285814953 0.021950563179906294 0.022085111290466142 0.025083612040085565 0.018029446815019355 0.015722907776850568 0.010590858416925017 0.009879675546822973 0.006246876561707133 0.007284819128883088 0.00609310729249588 0.006746626686643704 0.008476530965270294 0.02467996770840603 0.03238765232762006 0.6139814708018798
0.04570999570989766 0.038824538824455544 0.014693264693233177 0.008365508365490422 0.007121407121391846 0.005233805233794007 0.0048691548691444245 0.004075504075495334 0.004161304161295235 0.004375804375794989 0.005512655512643688 0.006542256542242509 0.009909909909888654 0.009888459888438677 0.005727155727143442 0.005855855855843295 0.0034320034319960703 0.00413985413984526 0.0034105534105460947 0.0051480051479941055 0.004204204204195186 0.005233805233794007 0.008151008150990667 0.03305448305441215 0.038974688974605376 0.7133848133832832
0.03161119293077125 0.028668630338724986 0.010933726067743467 0.007110456553753429 0.0055935198821780285 0.005463917525771586 0.004807069219438937 0.006471281296021658 0.0068630338733411305 0.009334315169363967 0.011552282768774211 0.01736671575846322 0.022833578792334955 0.030998527245940797 0.0141855670103051 0.014530191458022229 0.008350515463915065 0.012615611192927064 0.006491899852722683 0.008621502209128535 0.006309278350513606 0.010821796759937902 0.011908689248891926 0.030701030927826008 0.0584624447717059 0.6173932253311878
0.03293363499243369 0.03267722473602362 0.011644042232268744 0.00803167420813874 0.0060708898944147275 0.005399698340870739 0.004238310708895748 0.005520361990946063 0.006010558069377066 0.007601809954745398 0.008212669683251725 0.011176470588226866 0.014720965309189501 0.019366515837089468 0.008242835595770557 0.010754147812963232 0.006040723981895897 0.012699849170427827 0.006191553544490052 0.01012820512819749 0.008137254901954648 0.01322775263950737 0.01435897435896353 0.031568627450956586 0.08712669683251348 0.6179185520357331
0.04737827715351369 0.0409925093632575 0.007191011235948323 0.004035580524340791 0.003061797752806122 0.0030337078651656987 0.002874531835203301 0.003773408239696841 0.004822097378272638 0.005964419475649846 0.008380149812726235 0.013146067415718029 0.015084269662907225 0.01675093632957233 0.011226591760289114 0.009035580524336109 0.004897003745313767 0.004494382022467702 0.003258426966289084 0.0036797752808954308 0.003071161048686263 0.003979400749059944 0.0052340823969988445 0.02543071161046308 0.055617977528037814 0.693586142321448
0.03593714285712232 0.03466857142855162 0.009902857142851483 0.005462857142854021 0.0038685714285692178 0.00361714285714079 0.0030971428571410875 0.0046285714285687835 0.00531999999999696 0.0065428571428534045 0.007902857142852627 0.013559999999992252 0.01770857142856131 0.01881142857141782 0.008748571428566429 0.012611428571421364 0.008462857142852307 0.00945142857142317 0.005411428571425479 0.008319999999995246 0.006582857142853381 0.0116228571428505 0.013777142857134984 0.03245142857141003 0.1001485714285142 0.6113828571425077
0.0493749999998457 0.039343749999877047 0.012749999999960156 0.009406249999970605 0.00640624999997998 0.005781249999981934 0.004343749999986425 0.005218749999983691 0.00546874999998291 0.0059999999999812495 0.006312499999980273 0.007093749999977832 0.007687499999975977 0.008968749999971973 0.0040624999999873046 0.006031249999981152 0.0035312499999889647 0.0059999999999812495 0.0033124999999896484 0.0050312499999842775 0.002718749999991504 0.00559374999998252 0.008968749999971973 0.02884374999990986 0.03696874999988447 0.7147812499977663
0.03804406816444686 0.03088027786814588 0.015277325518247918 0.009443178117851288 0.006431129925088377 0.0050743514598798585 0.0063768587864800365 0.00949744925645963 0.012048192771051644 0.014327580592601955 0.01929338977526513 0.027922500813991308 0.04035059155530134 0.03826115271888022 0.017475306631885717 0.01324215782043514 0.005508520568746585 0.007109519157692637 0.003337675024412955 0.004721589058925644 0.003012048192762911 0.005372842722225733 0.008466297622901155 0.02729838271999539 0.03687723868436753 0.5943503744692435
0.03534505208332183 0.03209635416665622 0.0120833333333294 0.008268229166663974 0.007197265624997657 0.007324218749997616 0.006490885416664554 0.007913411458330757 0.008007812499997394 0.009645182291663527 0.010130208333330035 0.014397786458328647 0.019176432291660425 0.01726236979166105 0.009609374999996872 0.010009765624996742 0.006751302083331135 0.008437499999997253 0.005908203124998077 0.006822916666664446 0.0059700520833313895 0.008629557291663858 0.012024739583329419 0.035384114583321816 0.043284505208319245 0.6518294270831212
0.03773089545237906 0.03785278949832362 0.0104266291607966 0.0062728551336087455 0.004688232536329406 0.0031317393342680435 0.0033286451007938783 0.0039381153305167015 0.004941397093291194 0.006300984528826722 0.008907641819025872 0.014345991561167983 0.027285513361437145 0.014664791373638382 0.0077824660103068145 0.0068166901078229565 0.004303797468350395 0.0046601031411114295 0.00355368026253769 0.0039381153305167015 0.004350679793713689 0.006385372714480651 0.009498359118603377 0.03450539146738443 0.03510548523203459 0.6952836380677963
0.034605363984647815 0.03192337164748511 0.010068965517233663 0.006122605363979983 0.004896551724134179 0.004360153256701639 0.004567049808425619 0.0072950191570825326 0.007425287356316149 0.009762452107272213 0.011432950191562121 0.021762452107263016 0.03898850574709656 0.04822222222218527 0.018865900383127306 0.016505747126424133 0.00857471264367159 0.008337164750951465 0.005348659003827319 0.005363984674325391 0.005072796934862013 0.005961685823750221 0.00980842911876643 0.027885057471243 0.03328735632181357 0.6135555555550853
0.03545833333330378 0.03400833333330499 0.015608333333320326 0.008666666666659445 0.005966666666661694 0.006024999999994979 0.006374999999994688 0.007349999999993875 0.006941666666660882 0.008158333333326535 0.009049999999992458 0.017708333333318577 0.0314833333333071 0.019824999999983477 0.01014999999999154 0.009466666666658777 0.006974999999994187 0.007208333333327327 0.005091666666662424 0.0053999999999954995 0.0045583333333295345 0.005783333333328514 0.008924999999992562 0.030283333333308095 0.03369166666663859 0.6598416666661168
