0.03985850016275535 0.029019673665360894 0.012208302815753656 0.009053548177082182 0.007465362548827176 0.006834665934243923 0.006846110026040796 0.007905324300129203 0.008897145589191576 0.011260986328123569 0.013710021972654507 0.020399729410804698 0.02416737874348651 0.025324503580725948 0.015686035156248005 0.012233734130857819 0.00923665364583216 0.009141286214191547 0.007399241129556351 0.008041381835936478 0.007860819498696917 0.010214487711587244 0.013776143391925332 0.032143910725907374 0.04669952392577531 0.6046155293781783
0.044860212463282846 0.03972071172906919 0.006293880781937424 0.00304297448604949 0.0023288362701905617 0.0019617290748895864 0.001772439427312521 0.002178264959617896 0.0029856139867837127 0.004152900146842282 0.0061217992841400915 0.009035712646841582 0.011948191997061429 0.009440104166665313 0.005615592878119606 0.00424897898311246 0.0023044580580026063 0.0020979602606458077 0.0010539991740086594 0.0011687201725402141 0.0009564863252568378 0.0017781754772390988 0.004925832874448633 0.040368885370772475 0.047366866281197316 0.742270672723829
0.03523824517212057 0.03284424853064307 0.006665617128462776 0.00300272879932798 0.0019710327455917326 0.0015827036104112528 0.001568010075566586 0.0018965155331652083 0.0024716624685135946 0.0034456339210743657 0.004916036943744237 0.00740659109991526 0.01068744752308872 0.00794500419815198 0.004753358522249711 0.0034802686817796517 0.002319479429050974 0.0022691015952978305 0.0016446263643994916 0.0017695214105791595 0.0018660789252726842 0.003172753988244839 0.00712741393786659 0.039749160369433274 0.04584697732997 0.7643597816959735
0.04753246753244625 0.036417375727704246 0.013515450067168153 0.008580385132105427 0.006547245857587753 0.005078369905953839 0.0045454545454525095 0.0043618450514982705 0.0047021943573646655 0.00577250335870767 0.006986117330941789 0.008781907747421056 0.010927004030447413 0.011330049261078669 0.00704881325570665 0.00701746529332422 0.004930586654722378 0.006126287505595107 0.00471115091804536 0.006323331840570388 0.007098074339450471 0.01050156739811442 0.0155933721450893 0.03332288401252426 0.04309896999550242 0.6791491267350295
0.03215640877221661 0.028796064055519974 0.01082063155185089 0.006511672776373864 0.004228567753546485 0.004694835680743625 0.0055469805132073655 0.007235191973748737 0.008955559843062327 0.011511994340453547 0.01691427101418594 0.025419641134437232 0.0317544536625639 0.03556498810207157 0.021335777220365722 0.019904817030002082 0.01242845199046172 0.01167277638431463 0.007138722747432088 0.0077336163097180945 0.006881471477254355 0.009084185478151192 0.009727313653595525 0.02278281561511547 0.028056466653758994 0.6131423242642402
0.03454539609047945 0.03079989711929205 0.014226466049359846 0.012104552469116344 0.011622299382697366 0.010143389917679168 0.00911458333331868 0.011188271604920285 0.012104552469116344 0.014933770576107681 0.01728073559668004 0.023148148148110937 0.024257330246874587 0.026781121399133904 0.01567322530861678 0.014467592592569335 0.008969907407392988 0.009612911522618292 0.007073045267478342 0.007378472222210361 0.007040895061717077 0.007828575102868074 0.012442129629609628 0.026957947530820862 0.03671553497936485 0.5935892489702392
0.041409465020509566 0.032986111111058085 0.0188400205761014 0.010304140946485494 0.006687242798343159 0.0054333847736538175 0.004629629629622187 0.004726080246905983 0.00458140432098029 0.006430041152253038 0.0068319187242688525 0.010947145061710798 0.014981995884749579 0.01982060185181999 0.008760931069944765 0.009018132716034886 0.006462191358014303 0.009194958847721844 0.005835262345669632 0.007362397119329729 0.006542566872417466 0.012586805555535322 0.018180941357995466 0.03785686728388976 0.048787937242719924 0.6408018261306572
0.033557800224413084 0.02260702260698636 0.0169632836299231 0.01717171717168964 0.01487894821225769 0.015808882475523794 0.0152477152476908 0.016610549943856644 0.018213884880522346 0.02031425364755441 0.024130190796818773 0.029357062690348955 0.03334936668264655 0.03908930575590975 0.023023889690519442 0.024130190796818773 0.017203783870422953 0.0196087862754215 0.014654481321124492 0.015744749078057167 0.013468013467991874 0.017556517556489407 0.016754850088156557 0.020971620971587345 0.03823953823947693 0.4613435946761883
0.03206041666666333 0.030771874999996795 0.0062510416666660155 0.002746874999999714 0.0020499999999997864 0.0021385416666664437 0.002279166666666429 0.0029104166666663635 0.004006249999999583 0.005997916666666042 0.009031249999999059 0.013536458333331924 0.017504166666664843 0.01394895833333188 0.008662499999999098 0.006108333333332697 0.003821874999999602 0.0030072916666663532 0.0019656249999997952 0.001957291666666463 0.0018749999999998048 0.003030208333333018 0.006980208333332606 0.035105208333329675 0.03973437499999586 0.7425187499999226
0.02305449490435045 0.017967882579134523 0.010425975573423951 0.008128650219799366 0.00834980727741745 0.008422021826843764 0.008178297722529957 0.01127449652918313 0.012041776116837707 0.0174082198210806 0.018712595120093378 0.027626578564903897 0.03044294599253011 0.03380994935953195 0.02121753730331861 0.020626280679890672 0.015047706736707987 0.015079300602082 0.011441492674731478 0.014316534423766568 0.01356730847346857 0.01649199772523425 0.01991316200430583 0.028791038174403195 0.06210902591596839 0.5255549236780108
0.006027325823945971 0.0053963287442631005 0.0027419691280764764 0.002365456821026036 0.002620984564038108 0.003471005423445612 0.00408948685857279 0.007460367125572856 0.011316228619106037 0.021467459324152956 0.033014184397159675 0.06292240300374813 0.0763881935752945 0.08634334584896888 0.050450563203999745 0.04344180225281149 0.023515853149768094 0.019983312473923657 0.01042553191489253 0.011129536921150278 0.006921151439298402 0.009065498539840523 0.009471214017520914 0.01568314559866336 0.13169691280766252 0.34259073842299304
0.020508864136778517 0.020974974685341666 0.007988170435720159 0.007779224327743576 0.007666714884986954 0.007827442660353557 0.007666714884986954 0.01608885031419694 0.01729430862944646 0.024800295739066815 0.02677724737607603 0.04183743992792671 0.04628959930558161 0.05866563800881003 0.03272417506464033 0.03574585724153247 0.017872928620766233 0.024816368516603474 0.013517205908331296 0.01650674253015011 0.009852612629972753 0.016796052525809995 0.016972853078713258 0.021521449121588116 0.04879695260130061 0.43271131684196806
0.029878048780483252 0.02808841463414206 0.00639024390243805 0.003402439024389725 0.0024481707317069437 0.0020045731707314016 0.001896341463414345 0.002749999999999581 0.0037515243902433307 0.005437499999999171 0.008292682926828004 0.012048780487803041 0.017080792682924225 0.012858231707315112 0.007455792682925693 0.0054634146341455084 0.0031387195121946434 0.003324695121950713 0.001960365853658238 0.002574695121950827 0.0027118902439020255 0.004667682926828557 0.00962957317073024 0.04098018292682302 0.050724085365845925 0.7310411585364739
0.02314991207502719 0.020812573270807006 0.010183726553340218 0.007162221570925488 0.005175666764360605 0.00505385404454819 0.004849611664712335 0.006023776377490657 0.007215342907385037 0.01017914712778336 0.01427315357561417 0.022725857268462164 0.030246189917933926 0.02629597743258845 0.01621116647127636 0.012186767291909787 0.008405077667056676 0.0082658631301282 0.006447831184055682 0.007669621922625324 0.008143134525204413 0.011644563305977833 0.018043852579130822 0.039413283997651725 0.0582731902110146 0.6119486371628983
0.011993685473205798 0.010270894623218677 0.006543223718985179 0.005906965734614935 0.005722762374104949 0.007516742928636993 0.007946550769826961 0.012910252919221675 0.013103354992799776 0.019640349612637276 0.026055431863441593 0.04609266407891681 0.06144739347794976 0.06838038082931838 0.03297685088782167 0.029108580317111953 0.018069726756114925 0.025422733364298594 0.0167633956777156 0.020617428307516335 0.01440879619989229 0.02421428812964854 0.02487457263930269 0.0371930611394947 0.14675579617674386 0.3060641170073712
0.04250226517667308 0.03640138930835689 0.006430584918955393 0.0025168629819786277 0.0015025672002412407 0.001203060505385784 0.001298701298700972 0.0015176683781331125 0.0018020738950966975 0.002501761804086756 0.0034908889560043566 0.005401187959326135 0.007892882311484975 0.0069515755562249695 0.0042283298097240945 0.0035462599416078862 0.0022525923688708717 0.0029245947850591652 0.001885130373501992 0.0021619853015196412 0.002212322561159214 0.003589046612301523 0.007220879895296683 0.03558592570219581 0.039992952783640394 0.772986509614222
0.015440624999998391 0.013905208333331885 0.006169791666666024 0.005222916666666123 0.005640624999999413 0.005637499999999413 0.004913541666666155 0.007933333333332506 0.00957291666666567 0.014292708333331844 0.014140624999998528 0.02315833333333092 0.01922395833333133 0.03708020833332947 0.01751666666666484 0.024034374999997495 0.015687499999998366 0.020815624999997832 0.012640624999998682 0.021698958333331072 0.017671874999998158 0.02485937499999741 0.025348958333330694 0.03709062499999614 0.11164270833332171 0.48866041666661575
0.0244585063038101 0.022147428505532394 0.010807051429888 0.008100784132840355 0.006714617927428467 0.006319428428658527 0.006550055734931563 0.007919405365927707 0.00969595633456218 0.013335543511683515 0.01920572916666436 0.02727528251844691 0.033870983241078345 0.028618206103932602 0.019426747001842683 0.013891691651289844 0.009474938499383856 0.00760709755534964 0.005819735931733619 0.00551703759225026 0.00545097247847413 0.006432339714021368 0.00959265452029405 0.026156980319800058 0.029847017220168616 0.6357638088098867
0.025567089580889452 0.021690375496569124 0.009179161860808055 0.006023324362415059 0.005078175060865888 0.005654876329607755 0.005446623093673192 0.00919518134049533 0.009067025502997136 0.013200051262313854 0.019271434063790734 0.03854286812758147 0.0499006792258588 0.09603678072520819 0.03192682301673727 0.03029283608863531 0.010797129309222738 0.012799564270132001 0.004517493271811295 0.0061835191592878 0.004149045239003991 0.006055363321789607 0.00813789568113524 0.018422401640365207 0.02468601819808938 0.5281782647691141
0.02610370370366503 0.022933333333299357 0.006385185185175725 0.004666666666659753 0.006162962962953832 0.007422222222211226 0.007229629629618919 0.010666666666650865 0.014459259259237838 0.023703703703668588 0.03096296296291709 0.04871111111103894 0.05382222222214249 0.052888888888810534 0.034548148148096966 0.02733333333329284 0.015333333333310616 0.011866666666649086 0.007244444444433712 0.0053481481481402245 0.0035555555555502882 0.0046962962962893385 0.005451851851843775 0.020799999999969183 0.02614814814810941 0.5215555555547828
0.03159801436417072 0.02492184199408271 0.007831643430501918 0.004367342627798441 0.003335445711871215 0.002657372201098156 0.002169412758766142 0.00284431770173185 0.0036977186311783167 0.005053865652724435 0.007270806928600837 0.01171947613012128 0.01625158428390196 0.012377482044781118 0.007000422475706907 0.005302070130966909 0.0032562315166874464 0.0034790874524711153 0.0024450781580056566 0.003312209547950643 0.0038582594000840876 0.006480777355301386 0.014801436417404435 0.048334389522597346 0.07745035910434332 0.688183354457046
0.01118036368307656 0.01455374927710828 0.005525926877842437 0.003935616526370341 0.003614341707891129 0.002907537107236864 0.0029557283300087455 0.014489494313412437 0.011871104542806864 0.020047548673102794 0.020818608237452903 0.04125168669273075 0.03344470860368591 0.09610936194805611 0.030312279123513603 0.04846430636758905 0.01683480048831068 0.042777742080507004 0.01632076077874394 0.03273790400303165 0.01285099273916846 0.031308231060799156 0.0195977639272319 0.026248152669751577 0.07710595643501075 0.36273533380395373
0.029947916666618526 0.03145897633739799 0.010866769547307635 0.005320859053489389 0.005417309670773185 0.005867412551430897 0.005867412551430897 0.007233796296284668 0.006542566872417466 0.010609567901217512 0.012040252057593813 0.022939171810662712 0.03351658950611896 0.0348668981480921 0.013245884773641258 0.0144997427983306 0.007828575102868074 0.010866769547307635 0.005706661522624571 0.006928369341552648 0.006510416666656201 0.008825231481467294 0.010979295267472062 0.029208461934109427 0.03872492283944392 0.624180169752083
0.02084412470022981 0.021573141486800205 0.009256594724216183 0.006417266187047282 0.005314148681052607 0.005544364508390626 0.0059328537170235335 0.00717985611510447 0.008517985611506705 0.011405275779371029 0.016071942446035457 0.022877697841715647 0.029103117505981244 0.023458033573130237 0.014676258992798716 0.01059472422061842 0.007904076738605322 0.006522781774577207 0.005410071942443449 0.0058177458033545236 0.006191846522778805 0.0073477218225384425 0.010354916067141317 0.024023980815336198 0.023693045563537796 0.6839664268581851
0.03753759536384633 0.035118654636147016 0.014340338908449391 0.007910614730046223 0.005337624706572281 0.004406910211267202 0.003944762323943301 0.004154746185445628 0.004638901115023049 0.00603176349765203 0.00811051203051569 0.013361025528167791 0.022721354166664584 0.015253631161970434 0.008923855633802 0.0072449017018772705 0.0054412411971826 0.005231257335680272 0.004711340962440883 0.005366967429576973 0.0060931998239431035 0.008936693075116553 0.0149088541666653 0.03310776115023171 0.03837202904929226 0.6787934639083886
0.014226466049359846 0.017184284979396246 0.010545267489694983 0.008294753086406419 0.006574717078178732 0.006108539094640386 0.006526491769536833 0.012233153292161405 0.017200360082276878 0.027166923868269084 0.03596000514397511 0.05864197530854771 0.06286972736615408 0.08820408950603105 0.048000257201568926 0.041779192386764114 0.022103266460869818 0.020447530864164662 0.010513117283933717 0.010513117283933717 0.007796424897106809 0.009837962962947148 0.01033629115224676 0.016750257201619163 0.01847029320984685 0.411715534978762
0.023597635417298084 0.025412838141705626 0.012288761806829838 0.006891344856379086 0.005349225727678871 0.005525926877842437 0.005220715800287186 0.009863136927311791 0.010120156782095161 0.013879072158301935 0.017493413866193065 0.028111546616931004 0.025685921737412958 0.06607016642024983 0.01850542954440258 0.026794319861166236 0.010168348004867043 0.020095739895874678 0.008915376212798119 0.012658227848080931 0.007212619674858298 0.013365032448735197 0.013075885112103907 0.023951037717625214 0.04279380582143097 0.5469543147199336
0.03475244072523195 0.03693863319385044 0.007458158995813299 0.003716875871686291 0.002991631799162137 0.002486052998604433 0.0018549511854944719 0.0025278940027885187 0.0027998605299850766 0.003929567642955394 0.0040655509065536735 0.0074686192468593204 0.011739888423984749 0.013294979079493272 0.005233612273359402 0.006631799163177604 0.003992329149231523 0.007144351464432656 0.003936541143652742 0.007050209205018462 0.006722454672243123 0.012182705718266323 0.018145048814498556 0.041743375174322965 0.0671757322175498 0.6840167364014351
0.03794895833332938 0.03425520833332976 0.007048958333332599 0.0031677083333330035 0.0019197916666664667 0.0015187499999998418 0.0013260416666665284 0.0013114583333331967 0.001487499999999845 0.0017031249999998226 0.0019052083333331348 0.0025197916666664043 0.003399999999999646 0.003439583333332975 0.0017156249999998212 0.001619791666666498 0.0010947916666665526 0.001591666666666501 0.0011260416666665494 0.0014979166666665106 0.0018802083333331375 0.003673958333332951 0.009068749999999055 0.046283333333328514 0.054977083333327605 0.7725187499999195
0.027552726337404267 0.025446887860041397 0.01257073045265469 0.007957175925913135 0.005915637860072795 0.007265946502045933 0.00879308127570603 0.011043595678994593 0.014789094650181987 0.022714120370333858 0.028260030864152103 0.04554076646083214 0.045010288065771266 0.04552469135795151 0.025945216049341007 0.02187821502054096 0.012056327160474447 0.010480967078172452 0.006815843621388221 0.007024819958836444 0.005754886831266469 0.0076517489711811154 0.008777006172825397 0.019981352880626316 0.031571502057562414 0.5336773405341215
0.03036145833333017 0.027761458333330442 0.006931249999999278 0.0036885416666662826 0.0030687499999996802 0.002829166666666372 0.002327083333333091 0.0031697916666663366 0.0033114583333329886 0.004684374999999512 0.004783333333332835 0.007386458333332564 0.00720624999999925 0.011694791666665448 0.005894791666666053 0.007336458333332569 0.005043749999999475 0.006973958333332607 0.004353124999999547 0.0067218749999993 0.006314583333332675 0.010764583333332212 0.018617708333331394 0.04917916666666154 0.07488333333332553 0.6847124999999287
0.035379629629625535 0.02648032407407101 0.011337962962961651 0.006901620370369572 0.005201388888888287 0.0048287037037031445 0.004376157407406901 0.005062499999999414 0.00560763888888824 0.006810185185184397 0.00847685185185087 0.011185185185183891 0.014431712962961293 0.01335879629629475 0.009089120370369318 0.00814120370370276 0.006234953703702982 0.0063969907407400006 0.005409722222221596 0.005868055555554876 0.00591319444444376 0.007922453703702786 0.01184722222222085 0.034039351851847914 0.04319560185184685 0.6965034722221416
0.029558333333330255 0.02294374999999761 0.007802083333332521 0.0048614583333328265 0.0042583333333328895 0.0034062499999996452 0.0025947916666663965 0.00297812499999969 0.003399999999999646 0.004538541666666194 0.0056781249999994085 0.009053124999999057 0.010761458333332212 0.011831249999998768 0.006006249999999374 0.0058614583333327225 0.003958333333332921 0.005323958333332779 0.003734374999999611 0.006147916666666026 0.006878124999999283 0.012458333333332036 0.025656249999997327 0.06623958333332643 0.12901979166665323 0.605049999999937
0.014346874999998505 0.011896874999998761 0.004892708333332824 0.004746874999999506 0.00553541666666609 0.004983333333332814 0.003767708333332941 0.007316666666665904 0.007979166666665835 0.01297187499999865 0.013784374999998563 0.02691145833333053 0.027541666666663796 0.04214270833332894 0.01863124999999806 0.024672916666664095 0.01507187499999843 0.023031249999997602 0.014119791666665197 0.025268749999997366 0.02024479166666456 0.029197916666663624 0.029936458333330213 0.03946458333332922 0.19131979166664673 0.38022291666662705
0.03219629629629232 0.02786543209876199 0.01004320987654197 0.005516049382715368 0.0038148148148143437 0.0039925925925921 0.004262962962962437 0.005904938271604209 0.006987654320986791 0.009737037037035835 0.011996296296294815 0.017630864197528687 0.020640740740738194 0.022277777777775027 0.015388888888886988 0.013906172839504455 0.010019753086418516 0.008897530864196432 0.0065716049382707935 0.006788888888888051 0.006664197530863375 0.009387654320986495 0.014662962962961153 0.03522962962962528 0.04474074074073522 0.6448753086418957
0.045206971677487495 0.043957452261880116 0.014433551198233958 0.006616045110844201 0.0033160322952657376 0.0027873894655856923 0.002899525823396611 0.0039087530436948785 0.0038446751249457825 0.003764577726509412 0.003604382929636671 0.005110214020240436 0.004757785467120406 0.005734973728044126 0.0036524413686984934 0.004245162117127635 0.0024349609124656624 0.0038927335640076047 0.0022587466359056474 0.0037004998077603156 0.003604382929636671 0.006936434704589683 0.014305395360735766 0.0354350890682503 0.0398244265025634 0.7297673971537714
0.034599609374966214 0.038427734374962476 0.01221679687498807 0.006269531249993877 0.0035937499999964904 0.0036328124999964522 0.002968749999997101 0.003203124999996872 0.0031054687499969674 0.004580078124995527 0.005312499999994812 0.012333984374987955 0.01836914062498206 0.017207031249983195 0.006650390624993506 0.006855468749993305 0.00400390624999609 0.006181640624993963 0.0032128906249968624 0.004531249999995575 0.004365234374995737 0.008613281249991589 0.015156249999985199 0.03544921874996538 0.04267578124995832 0.6964843749993198
0.025596361348969216 0.02469315011044226 0.009064369929502646 0.005387009886928619 0.003838647763739555 0.003306398283893314 0.0034031709165926304 0.007354720085148055 0.007048273414933552 0.011661102240267639 0.012290124352813197 0.018451315301336348 0.023999612909430493 0.043692843663741404 0.01308043418652428 0.01712875598777902 0.008661150626588827 0.022660924823756614 0.006709569200485944 0.01466105385394645 0.006322478669688678 0.017144884759895573 0.014257834551032631 0.028273737520316974 0.08548249221772958 0.5658295833929036
0.024405164364557124 0.02337486718821698 0.0099488071090345 0.006906210760155017 0.005618339289729839 0.004877813194235362 0.0063427669918440024 0.013748027946788775 0.012798222737350207 0.019768827071026483 0.020042499758491834 0.041034804726422236 0.04216169226304427 0.0944653723556868 0.028365369136114548 0.02960494542639878 0.010753726778050237 0.01733796967059896 0.006970604333676277 0.010399562123683313 0.005409060175785748 0.011268875366220309 0.009594642454667577 0.021926011783988657 0.03665604172697663 0.4862197752656457
0.020463605967045294 0.023244598765394732 0.012168852880638875 0.011365097736607245 0.011027520576113961 0.011236496913562185 0.008584104938257805 0.01615547839503576 0.012683256172819117 0.018293467078159893 0.018132716049353566 0.03697273662545497 0.04473701131680051 0.05420524691349311 0.019000771604907728 0.022280092592556776 0.013744212962940868 0.020286779835358336 0.011670524691339263 0.017119984567873715 0.01387281378598593 0.021010159464986803 0.017345036008202572 0.02731159979419478 0.05867412551430897 0.4584137088469997
0.01598118344527253 0.01660947593959272 0.00787782127493777 0.005396871425570865 0.0047685789312506745 0.004091956245059701 0.003367003366997943 0.012517519694533021 0.013677444299431834 0.021216954231274118 0.024616177726185916 0.04829797174287001 0.045849242021416964 0.11384982198360986 0.037214247740503574 0.042723889613772936 0.01660947593959272 0.027950960965270003 0.009972129589338404 0.015304560759081558 0.00700787782126366 0.01480514877641679 0.011615356112945056 0.020057029626375306 0.04122565366577864 0.4173956470600464
0.036325095148566224 0.02954826484233504 0.012301071124580782 0.010293716176052587 0.009619244913347112 0.00836665542546552 0.007001654060466346 0.008719949896406481 0.009972539384288076 0.012108365049522075 0.016524545936284104 0.023991906344808994 0.030784795490628406 0.030431501019687442 0.01657272245504878 0.014388720271050105 0.009394421159111955 0.009426538838288406 0.006471712354054903 0.008430890783818422 0.008222125869171489 0.013633954810403503 0.014388720271050105 0.02678614443316024 0.038444861974212 0.587849881966585
0.028384353741448324 0.02469387755097841 0.011632653061204706 0.0071938775510081735 0.006768707482981686 0.004659863945570306 0.005051020408154675 0.00906462585032472 0.010170068027193589 0.014166666666642574 0.016054421768680178 0.025255102040773376 0.02998299319722792 0.043537414965912354 0.021377551020371807 0.025680272108799862 0.013741496598616086 0.024540816326488874 0.010272108843519945 0.016853741496569978 0.00976190476188816 0.018775510204049703 0.015391156462558859 0.02678571428566873 0.05231292516997906 0.5278911564616873
0.04195761891592316 0.026164097068580302 0.018377523506634522 0.01463259356563211 0.010583748156340658 0.008133699760323312 0.006658773506636209 0.006729351032447408 0.006900753595131749 0.008423211651916191 0.010988488661502841 0.02015492487094105 0.035340615781705824 0.021372027101766833 0.011144047289821404 0.008855318952801084 0.006925239675515227 0.007185944413715779 0.006343335176990237 0.007945012905603576 0.009635992809733126 0.014122706950587937 0.019541332503684502 0.02842257789453868 0.0901476654682761 0.5533133987831061
0.0337806908031592 0.02983874323761654 0.004692051602163474 0.0026893466500205274 0.0028963795255927075 0.0025759467332498362 0.0017675821889303197 0.0035674157303367073 0.0037161880982101835 0.006301498127340169 0.005240324594256634 0.011154806491883983 0.011197461506449105 0.02572513524760448 0.009096962130669049 0.013857677902620281 0.006883062838118302 0.013312526009153837 0.0060226799833535145 0.012985851019557534 0.00999999999999896 0.0170630461922579 0.0192103620474387 0.04182792342904267 0.12444340407822259 0.5801529338326488
0.024210416666664146 0.019952083333331254 0.008762499999999087 0.006291666666666011 0.005308333333332781 0.004898958333332823 0.004187499999999564 0.006278124999999346 0.006627083333332643 0.009444791666665682 0.009930208333332299 0.014829166666665122 0.014032291666665204 0.02283124999999762 0.010491666666665574 0.014167708333331858 0.009520833333332342 0.014443749999998496 0.009017708333332394 0.01603124999999833 0.014260416666665181 0.022371874999997668 0.027131249999997175 0.045449999999995265 0.13693020833331906 0.5225989583332789
0.01945225331241018 0.01796493636680369 0.00768174686192364 0.005482097716177775 0.005081666230822181 0.004803815812412177 0.004855572262900315 0.005889339260808124 0.007608198221756286 0.010127920153415636 0.015294031119244779 0.025307542276844532 0.03288441422593694 0.022993484135282783 0.014215317730123586 0.00939651978730695 0.005907045414922487 0.0049032426778236 0.003746894612970201 0.003889905857740056 0.003829977336122212 0.005295502092049488 0.007990923552997516 0.019418203016036407 0.2701836536784848 0.46579579628654744
0.028558549856678325 0.029411764705835005 0.007550146495367606 0.0041050903119802555 0.003589941723810184 0.002575742940850356 0.0018674136321165083 0.00500660034127788 0.00442705817958655 0.007839917576213272 0.008773624392271525 0.015824720692849376 0.019398564023279243 0.04414179464882298 0.010914710711853385 0.01951125277694145 0.007260375414521941 0.02860684503681927 0.008081393476917992 0.01965613831736428 0.00817798383719988 0.02228017643835558 0.012556746836645486 0.02826877877583266 0.12363566116081709 0.527979007694182
0.034462962962959774 0.03208055555555259 0.01153703703703597 0.005246296296295811 0.0029648148148145406 0.002167592592592392 0.0018361111111109413 0.0018601851851850133 0.0020694444444442532 0.002619444444444202 0.003687037037036696 0.00663333333333272 0.012987037037035836 0.024655555555553276 0.006687037037036419 0.009711111111110213 0.004133333333332951 0.012793518518517335 0.0035527777777774492 0.007930555555554821 0.0037203703703700265 0.011212962962961925 0.01228518518518405 0.046322222222217935 0.1175990740740632 0.6192444444443872
0.030446540880483996 0.025704402515707103 0.007176100628926305 0.0037610062893058105 0.0031257861635200467 0.0036100628930794904 0.0034402515723248803 0.005503144654084589 0.005553459119493362 0.008471698113202218 0.009666666666660587 0.016742138364769343 0.022050314465394936 0.029415094339604143 0.014603773584896475 0.014062893081752162 0.007949685534586194 0.010226415094333191 0.005528301886788976 0.006949685534586824 0.005188679245279756 0.007402515723265784 0.010716981132068731 0.029955974842748454 0.03952830188676759 0.6732201257857401
0.023772907855914755 0.024173394848096608 0.01006023324360813 0.008714596949877107 0.00813789568113524 0.009051006023309863 0.008089837242073418 0.014033064206052106 0.013664616173244801 0.018999102909107075 0.018438421120052482 0.033304498269842844 0.03570742022293395 0.04815455593994593 0.021001537870016337 0.027008842752744122 0.013119953863877484 0.022315135204372814 0.011277713699840963 0.015875304370088626 0.008474304754567995 0.01792579777005971 0.017012687427885087 0.028114186851166036 0.05861527617573591 0.48495770857284864
0.04522936370062853 0.03448497716008093 0.014829826931713906 0.011371678569112507 0.009988419224071949 0.008347809303209889 0.005790387955983738 0.0063372579296044245 0.0067554526153143606 0.011001737116369103 0.013124879366896472 0.021488773081095206 0.02644277166565907 0.028662420382119504 0.015601878659178406 0.013398314353706815 0.007221900533990829 0.008363893714198732 0.004873576529619646 0.007752686096622672 0.006675030560370142 0.009843659525172355 0.013189217010851847 0.031010744386490686 0.03414720452931521 0.6040661390970146
0.01431354554088085 0.018483633611846136 0.005651354876095813 0.0050234265565296116 0.004765814938246042 0.005731858506809429 0.006858909336800047 0.008984205187639498 0.013862725208884602 0.028933004878473438 0.044969328116625656 0.07805632033992166 0.08328905633630668 0.07583442013222587 0.04627348693418623 0.035292791704849065 0.016004121785866774 0.015649905810726866 0.006681801349230092 0.006955513693656386 0.0034455553945427464 0.005667455602238536 0.005876765042093937 0.012445861308324967 0.015311790561729682 0.4356373472436593
0.029443908710978073 0.03007071681126636 0.01189328190290599 0.00687881710059968 0.004355512696875031 0.00343940855029984 0.002828672452583046 0.006927033108314164 0.006782385085170713 0.010253937640613543 0.009707489553182727 0.0183863709417898 0.02155255544837423 0.03187078109927375 0.007698489231745904 0.012439729990336806 0.005239472838307233 0.01620057859206654 0.0075538412086024525 0.014802314368346508 0.008502089360320634 0.018723882995791186 0.01491481838634697 0.03224043715841813 0.08220829315319478 0.5850851816126887
0.036320118229074855 0.03395874831325265 0.014023645826617581 0.00926877851312525 0.005638373064310161 0.005863265437245609 0.0044014650131651975 0.005252843282135108 0.006200603996648782 0.00811218916660009 0.010441431600574373 0.016722354301842955 0.020898926942072706 0.018810640621957832 0.009718563258996147 0.00727687463855414 0.004064126453762025 0.005429544432298674 0.003100301998324391 0.004658484867948566 0.0037749791171307347 0.006570070037899874 0.009718563258996147 0.0290914348132926 0.055821499710762994 0.6648621731018042
0.008908271789549933 0.008172035217284377 0.00491619110107375 0.004739761352538611 0.0053033828735346514 0.005502700805663539 0.004809379577636261 0.01060009002685446 0.01271533966064332 0.021801948547361203 0.020871162414548793 0.048955917358393775 0.047711372375483736 0.09846687316893593 0.03162670135497746 0.04666137695312055 0.023232460021970443 0.03675460815429337 0.015872001647947706 0.031959533691403204 0.0183324813842756 0.03279590606689141 0.021701812744138557 0.025124549865720262 0.11861324310301605 0.2938508987426478
0.03353437499999651 0.027246874999997162 0.010774999999998877 0.005556249999999421 0.004270833333332888 0.003555208333332963 0.0027895833333330426 0.0032281249999996636 0.0034270833333329763 0.004162499999999567 0.0043624999999995456 0.006332291666666007 0.006954166666665942 0.009624999999998997 0.005080208333332804 0.005952083333332713 0.004474999999999534 0.005410416666666103 0.004118749999999571 0.006101041666666031 0.006870833333332617 0.010965624999998858 0.02034374999999788 0.051484374999994635 0.08675937499999097 0.6666187499999305
0.03553453267162577 0.031091811414388847 0.01205438378825351 0.006975806451612182 0.0047218775847803224 0.003893713813068249 0.0037644747725388995 0.004486145574854788 0.005285359801488287 0.006802109181140736 0.00895574855252182 0.013009718775846463 0.017473118279568087 0.011499172870139423 0.007349048800660944 0.005935690653431976 0.004254549214226194 0.0038988833746894233 0.003014888337468671 0.0033012820512817098 0.0036279983457399062 0.005524193548386526 0.010224358974357917 0.03624483043837508 0.04264888337468542 0.7084274193547655
0.030647916666663475 0.022411458333331 0.013964583333331879 0.012556249999998692 0.009715624999998987 0.007801041666665854 0.007183333333332585 0.008347916666665798 0.009364583333332357 0.012404166666665375 0.01751666666666484 0.030061458333330203 0.04363749999999546 0.0377989583333294 0.02234062499999767 0.015373958333331732 0.010282291666665595 0.00936666666666569 0.0073437499999992354 0.008627083333332435 0.009534374999999007 0.012794791666665334 0.01649999999999828 0.027764583333330442 0.03535208333332965 0.5613083333332749
0.02133333333330173 0.017999999999973332 0.015629629629606474 0.014548148148126595 0.011851851851834294 0.009925925925911221 0.010296296296281043 0.015288888888866238 0.015481481481458545 0.02176296296293072 0.023911111111075686 0.044148148148082746 0.05453333333325254 0.05691851851843419 0.03242962962958158 0.027822222222181003 0.021140740740709422 0.02564444444440645 0.01814814814812126 0.01757037037034434 0.012844444444425415 0.01684444444441949 0.015748148148124818 0.020014814814785162 0.037022222222167375 0.4211407407401168
0.03138791000270225 0.031208999728915367 0.010501490918945377 0.005546218487393455 0.004293846570885255 0.003748983464352467 0.0038899430740027404 0.004695039306043726 0.005801030089453565 0.007701274058008213 0.009924098671724065 0.01221469232854101 0.013537544049874346 0.01278937381403828 0.008663594470043735 0.007812415288694006 0.005383572783950831 0.005275142314989083 0.0037923556519371664 0.004120357820546457 0.004548658172945365 0.006944971537000015 0.01203307129303008 0.03133369476822138 0.03994849552723233 0.7129032258062583
0.025123690805074338 0.02385465527208145 0.014328856904172831 0.010987598791989033 0.010762706419053584 0.011581957206175574 0.010136220523019122 0.013268650003191433 0.01341322367150708 0.019388935295220414 0.025525284328173352 0.04634389256562625 0.0560624558246224 0.04629570134285437 0.022312536143381235 0.017316712716029498 0.01285099273916846 0.012610036625309051 0.00816038038937197 0.008288890316763655 0.007646340679805233 0.008063997943828208 0.010778770159977545 0.02261774722093649 0.02663368245192663 0.5156460836591344
0.03159801436417072 0.02492184199408271 0.007831643430501918 0.004367342627798441 0.003335445711871215 0.002657372201098156 0.002169412758766142 0.00284431770173185 0.0036977186311783167 0.005053865652724435 0.007270806928600837 0.01171947613012128 0.01625158428390196 0.012377482044781118 0.007000422475706907 0.005302070130966909 0.0032562315166874464 0.0034790874524711153 0.0024450781580056566 0.003312209547950643 0.0038582594000840876 0.006480777355301386 0.014801436417404435 0.048334389522597346 0.07745035910434332 0.688183354457046
0.022907855952801953 0.02072920671533268 0.009259259259244427 0.007417019095207905 0.006199538638975074 0.004517493271811295 0.0038126361655712346 0.010044213763920857 0.00954760989361536 0.01776560297318697 0.019511726259099846 0.03783801102134141 0.037870049980715956 0.07187940535679886 0.03210303729329728 0.040112777136934334 0.016227732923208657 0.022555427399681926 0.00981994104829902 0.01220684352170286 0.005895168524916866 0.013904908368553914 0.012078687684204666 0.025326797385580344 0.043284634115014604 0.48718441624937975
0.03886523736599711 0.03610719754976476 0.015485451761100232 0.008222052067380059 0.004635528330780301 0.0031531393568142185 0.0026248085758035795 0.0028346094946396882 0.0035803981623271698 0.0050045941807036745 0.008652373660029303 0.015640122511483057 0.022246554364468263 0.016096477794790797 0.008745788667686256 0.0058192955589577615 0.0034670750382843085 0.0032358346094941448 0.0022986217457883155 0.0025375191424192134 0.002765696784073083 0.005113323124042096 0.010802450229707381 0.03604134762633445 0.039101071975491716 0.696923430321486
0.03197083333333 0.0316656249999967 0.013773958333331898 0.00786874999999918 0.0054229166666661015 0.004315624999999551 0.00377708333333294 0.004168749999999566 0.004937499999999486 0.006694791666665969 0.009997916666665625 0.01699687499999823 0.025172916666664043 0.018199999999998103 0.011088541666665511 0.007980208333332501 0.005342708333332777 0.005153124999999463 0.004112499999999571 0.004764583333332837 0.005611458333332749 0.008768749999999086 0.01604687499999833 0.03610312499999624 0.03965937499999587 0.6704052083332634
0.008743961352642925 0.0129307568437795 0.006859903381631466 0.007053140096607 0.008566827697248685 0.010370370370353672 0.008502415458923506 0.016086956521713224 0.01602254428338805 0.024460547503986376 0.029049919484655313 0.05090177133647198 0.05694041867945742 0.08410628019310128 0.032302737520076806 0.03885668276966368 0.020161030595780737 0.025990338164209356 0.013091787439592445 0.0205636070853131 0.01190016103057665 0.019645732689179313 0.014621578099815425 0.016231884057944877 0.049162640901692166 0.39687600644058474
0.039224100563498135 0.03374945817078091 0.010358690940614396 0.005602514087558994 0.004005201560467706 0.0034731252709142312 0.0033387516254872844 0.0034319462505414573 0.003926094495014746 0.004856957087125612 0.006136757693974194 0.008151278716947534 0.010199393151277611 0.009134156913739798 0.0058864325964449625 0.005174469007368317 0.004043129605547893 0.0038729952319024844 0.003184872128304813 0.0035034677069783805 0.0037386215864755375 0.0054042045947111615 0.00995773732119528 0.03755093194624647 0.044285869094056754 0.727808842652717
0.02658516236679087 0.0277884738800735 0.018097805159770733 0.012706969580264557 0.009754845334344509 0.007203824926185336 0.00673854447438272 0.008872416891270581 0.01007572840455321 0.01344500064174457 0.017696701322009855 0.03147862918747356 0.0590103966113801 0.04227634449999635 0.01641316904117505 0.013380824027702829 0.008920549351801886 0.009032858426374931 0.007877679373623608 0.009738801180834073 0.011407393145919318 0.01366961879089066 0.01392632524705762 0.024868437941174323 0.03783211397760584 0.5412013862139949
0.033430555555509125 0.023749999999967013 0.013930555555536208 0.010902777777762634 0.010652777777762983 0.01144444444442855 0.011569444444428376 0.01249999999998264 0.011666666666650463 0.014722222222201774 0.01943055555552857 0.029736111111069812 0.036166666666616436 0.03454166666661869 0.020333333333305094 0.017444444444420216 0.010694444444429591 0.012402777777760552 0.009194444444431675 0.010430555555541069 0.009874999999986285 0.012208333333316378 0.012694444444426814 0.021624999999969963 0.03320833333328721 0.555444444443673
0.024231621543462388 0.023252079519505326 0.01210778173874794 0.00989176863536967 0.009265504062675812 0.008542891094182896 0.007129781289130087 0.010453800944197492 0.011353052638322007 0.016218646626174296 0.022497350419079395 0.03736711950406692 0.04269839740494798 0.0492019141213842 0.02103606641612706 0.019622956611074247 0.011850852683283793 0.019285737225777554 0.009249445996709302 0.01493400134885356 0.011593923627819646 0.019141214632078973 0.018097440344255873 0.03067090599603258 0.0675241673891712 0.472781578185964
0.03585461847389271 0.0335124497991941 0.0139453815261033 0.0069975903614452216 0.0040987951807225625 0.003311646586345116 0.002997590361445543 0.0033710843373491273 0.0038738955823290067 0.005559036144577867 0.008210441767067615 0.013154216867468824 0.0176594377510026 0.014249799196786005 0.008363855421686077 0.005804819277107968 0.004003212851405301 0.0037630522088350393 0.0031236947791162153 0.0035036144578310443 0.004394377510039808 0.0070546184738950165 0.013620883534135453 0.03620321285140272 0.040224899598390346 0.7031437751003452
0.03539583333332964 0.03167395833333003 0.00898541666666573 0.004664583333332847 0.0031749999999996694 0.002482291666666408 0.0022499999999997656 0.002434374999999746 0.0027687499999997115 0.0034364583333329752 0.004456249999999536 0.005858333333332723 0.007501041666665886 0.007259374999999244 0.004337499999999548 0.003998958333332917 0.003057291666666348 0.0033562499999996503 0.0026718749999997218 0.0033739583333329817 0.003698958333332948 0.006119791666666029 0.012298958333332052 0.04194999999999563 0.04915937499999488 0.7436354166665892
0.026297250859103706 0.0210771048109943 0.007798539518899506 0.005016108247422142 0.004776632302404985 0.004294458762886136 0.003753221649484133 0.005111683848796702 0.006003006872851589 0.008247422680411485 0.009103307560136479 0.013763960481098179 0.014206400343641085 0.0192289518900323 0.011118986254294338 0.012285223367696276 0.008792955326459536 0.009945231958761819 0.006982388316150453 0.01081615120274798 0.01106958762886479 0.017670747422678514 0.027657860824739297 0.05030283505154099 0.10349441580754902 0.5811855670102468
