0.04772499999999503 0.03688437499999616 0.011735416666665444 0.0075177083333325505 0.005930208333332716 0.0051354166666661314 0.0049729166666661485 0.005183333333332794 0.005346874999999443 0.005962499999999379 0.006446874999999328 0.008463541666665785 0.011203124999998834 0.009831249999998976 0.006478124999999326 0.006369791666666003 0.005261458333332785 0.0058427083333327245 0.0054968749999994276 0.006491666666665991 0.0075593749999992126 0.010785416666665543 0.016397916666664958 0.03556770833332963 0.05714895833332738 0.6642614583332641
0.03557655954624655 0.029168241965918395 0.006332703213598615 0.0029300567107695082 0.0018147448015088568 0.0018714555765560086 0.0021172022684269997 0.0034404536861938743 0.0026275992438513657 0.004990548204149356 0.0047448015122783654 0.007448015122859267 0.007712665406412641 0.04742911153110127 0.0035916824196529458 0.017466918714522748 0.002230623818521303 0.03005671077499044 0.001531190926273098 0.015689981096378657 0.002268431001886071 0.01903591682416061 0.009527410207921498 0.027637051039645297 0.1862759924382112 0.5264839319460747
0.02697542533076186 0.02865784499049403 0.007977315689966017 0.006351606805280999 0.0035916824196529458 0.0028922495274047405 0.003270321361052419 0.0052551984877027315 0.005028355387514124 0.006389413988645767 0.007826086956506944 0.010245746691852088 0.009451795841191962 0.04886578449896244 0.006748582230611061 0.021020793950810926 0.0036483931947000974 0.03130434782602778 0.004612476370501678 0.018336483931912406 0.006465028355375302 0.02215500945175396 0.012589792060467694 0.03194706994322883 0.1573724007558462 0.5110207939498846
0.027052910052902897 0.0232486772486711 0.011912698412695261 0.007896825396823308 0.0077619047619027085 0.007304232804230872 0.006415343915342218 0.008690476190473891 0.008740740740738428 0.012544973544970226 0.012063492063488872 0.021949735449729644 0.02469576719576066 0.03102910052909232 0.012812169312165923 0.016224867724863434 0.009486772486769978 0.014198412698408942 0.008775132275129953 0.013436507936504381 0.01113492063491769 0.01895767195766694 0.023955026455020116 0.039476190476180034 0.08607671957669681 0.5341587301585888
0.028109640831704898 0.023345935727744148 0.011531190926254193 0.011474480151207042 0.007202268430988275 0.005576559546303258 0.004650283553866446 0.006275992438551463 0.005973534971633321 0.007674858223047873 0.008601134215484686 0.013894139886552186 0.018431001890324327 0.04869565217382099 0.007769376181459793 0.01848771266537148 0.0055576559546208736 0.027901701323198674 0.005614366729668026 0.01754253308125228 0.007315689981082579 0.022948960302414084 0.01136105860111274 0.02364839319466229 0.18822306238149675 0.46219281663428696
0.054154545454520836 0.045927272727251854 0.008240909090905345 0.0042090909090889955 0.0024772727272716014 0.0018045454545446342 0.001022727272726808 0.0008499999999996137 0.0009499999999995682 0.0010454545454540703 0.0013999999999993636 0.0017818181818173718 0.0023909090909080043 0.0035227272727256713 0.001318181818181219 0.00214545454545357 0.001213636363635812 0.0024136363636352667 0.0012818181818175993 0.002281818181817145 0.0021272727272717605 0.004122727272725398 0.006995454545451365 0.04090909090907231 0.05214545454543084 0.7532681818178394
0.00783926645091609 0.007346278317151311 0.002541531823084947 0.0018295577130526613 0.0014595469255661857 0.0013505933117582147 0.001357065803667599 0.0020086299892122968 0.0022588996763751607 0.0037680690399132938 0.004023732470333978 0.007704422869470582 0.013029126213590828 0.02417475728155079 0.005225458468176351 0.009889967637539385 0.004180151024810768 0.014324703344119274 0.0033311758360298456 0.00959439050701083 0.004512405609492501 0.011535059331174592 0.0068640776699021725 0.01292880258899537 0.6523365695792177 0.18458576051777945
0.04416958121365652 0.03932935138080837 0.013419217841567863 0.007026140079940863 0.004495310228923781 0.002958075944767022 0.0023477243822671084 0.0022313317587206137 0.002488247183865926 0.0028587163880809895 0.004263944404069162 0.008642862009446448 0.014522108920782822 0.00898920103560919 0.0037486941315401654 0.0031866029251448966 0.0023647574491275714 0.00249108602834267 0.002343466115551993 0.003321448037790226 0.0046741574309586385 0.007494549418603587 0.014060796693311957 0.03684536246365756 0.043608909429499625 0.7181183571038224
0.048629908103572 0.04372180451125993 0.012368421052626413 0.005505430242270048 0.0032957393483695504 0.00230158730158634 0.0019005847953208436 0.0017794486215531415 0.0016583124477854393 0.0018212197159557973 0.002385129490391652 0.003416875522137253 0.0049665831244757866 0.0060317460317435125 0.0034001670843761904 0.004126984126982403 0.002660818713449181 0.0033876357560553936 0.0025104427735996196 0.0035087719298230956 0.004482038429404978 0.008036758563070996 0.01347953216373706 0.038717627401821754 0.04327067669171125 0.7326357560565027
0.02513039727047627 0.024097023412678126 0.013441703596216823 0.010059218008547382 0.009082709125846291 0.009202321659671124 0.009300364720183281 0.010512176948113551 0.012433820934151843 0.016394760578843013 0.02218518373269105 0.034709204282514075 0.049094082120857856 0.0376093180124637 0.02379505078630068 0.018265422173414984 0.013039727048116977 0.01087885799442902 0.00869641946742839 0.008414055453153376 0.007898348954859425 0.009347425389229117 0.012716184948426856 0.022787168124235698 0.05254519785088581 0.5283638574060692
0.038676748582157514 0.03440453686193874 0.007807183364824561 0.0037051039697472495 0.0023818525519803744 0.001531190926273098 0.0013421550094492587 0.0028922495274047405 0.0017580340264617051 0.0034026465028291065 0.0024574669187099104 0.004706994328913598 0.004725897920595981 0.03368620037800815 0.003232514177687651 0.01362948960299881 0.0019281663516031603 0.02119092627595238 0.002003780718332696 0.013837429111505033 0.004366729678630687 0.018941398865748693 0.01204158790167856 0.03334593572772524 0.06300567107738562 0.6689981096395671
0.04377066023406509 0.025533815777712514 0.02114937907620362 0.019905297954073996 0.017417135709814745 0.015357812918785099 0.014290181363348904 0.014466630930042332 0.014940141159650018 0.01697489502367172 0.019791387474309884 0.023554900384163416 0.02715313142141804 0.026646118109526794 0.02217010631644283 0.019518895738403572 0.017330027695877482 0.017283123380680495 0.01633386938264622 0.017274189225404878 0.017988921647454213 0.01952112927722248 0.020325203252027982 0.021723398552661994 0.04274323237736917 0.46683641561679917
0.021455576559505755 0.018979206049113462 0.003534971644605794 0.0017013232514145533 0.000756143667295357 0.0010964083175782676 0.0008884688090720445 0.002306238185250839 0.001776937618144089 0.003553875236288178 0.002306238185250839 0.004858223062372669 0.004196597353489232 0.05353497164451128 0.002967863894134276 0.019716446124726433 0.004461247637042606 0.037882797731497386 0.0039319470699358565 0.020056710775009343 0.0026843100188985174 0.021947069943247736 0.006899810964070133 0.02017013232510365 0.3760680529293458 0.36226843100120554
0.028950691553934912 0.023140771331944324 0.011055514004508443 0.010081322624002093 0.008641714360041039 0.008788723768643179 0.009258205428372596 0.010637519510925399 0.011623227757543438 0.014364241892125285 0.019252135362468347 0.03290097663024404 0.05215785423169956 0.04418750541969871 0.024836460501212333 0.018978440426637634 0.01425178308185821 0.013140744233436502 0.01052980293964549 0.010549449358306606 0.009589484694761752 0.011612388354144201 0.015515928503294129 0.030653155350327442 0.0726192605358952 0.48268269814426146
0.035860113421482306 0.028733459357223566 0.00737240075612973 0.004499054820407374 0.0017580340264617051 0.0016446124763674014 0.0011720226843078033 0.0031947069943228834 0.0019659735349679282 0.004120982986759695 0.003969754253300624 0.008506616257072766 0.00896030245744998 0.04164461247629179 0.0067296786389286775 0.016502835538721165 0.0034026465028291065 0.023383742911108917 0.0037240075614296334 0.01792060491489996 0.004933837429102204 0.02177693761810628 0.012741020793926765 0.02746691871450384 0.13066162570863768 0.5773534971633698
0.037779866332493965 0.03152986633249462 0.014792188805345155 0.010394736842104178 0.007908312447785306 0.006266708437760415 0.0053968253968248335 0.005620300751879113 0.006417084377610023 0.008322890559731795 0.011888053466999594 0.02230889724310544 0.03689849624059765 0.02380639097744112 0.01212823725981494 0.008657059314953149 0.0061633249791138095 0.005732038429406252 0.005198412698412156 0.0057915622389300555 0.006644736842104569 0.008907685881369162 0.013115079365077996 0.03163533834586136 0.0395770676691688 0.6271188387635102
0.03559112548827854 0.027069854736326063 0.014146423339842671 0.010980987548827289 0.009467315673827404 0.00931396484374929 0.009592437744139894 0.010640716552733563 0.012697601318358407 0.016017913818358154 0.02109832763671714 0.028215789794919725 0.03420333862304427 0.0259269714355449 0.01758270263671741 0.013536071777342718 0.011019897460936661 0.010065460205077358 0.00898056030273369 0.0091857910156243 0.009646606445311765 0.010277557373046092 0.013626098632811461 0.02679595947265421 0.036188507080075365 0.5681320190429254
0.033751546462605135 0.027555672653954998 0.011718749999998323 0.007851161565248142 0.0065209173387087436 0.006480823863635436 0.006649789222872948 0.008317964167887371 0.010484443731670052 0.014957730021991992 0.021819441898823854 0.033486643145156494 0.04198789177052185 0.03745589717741399 0.024435541147357204 0.017603899376830323 0.012099638013194748 0.009925998900291834 0.007619192173752574 0.007275533815981363 0.007218257423019494 0.008985234145893141 0.01282275247433834 0.02584024468474703 0.035396810850434814 0.5617382239735266
0.040037807183289156 0.03570888468802323 0.006578449905469606 0.002759924385628053 0.001474480151225946 0.0017958412098264729 0.0014366729678611783 0.0024385633270275265 0.0017013232514145533 0.0036105860113353296 0.002514177693757062 0.004782608695643133 0.00457466918713691 0.03642722117195382 0.003799621928159169 0.015425330812825282 0.0026086956521689814 0.024461247637004798 0.002003780718332696 0.012930056710750605 0.0039319470699358565 0.017466918714522748 0.009962192816616328 0.03597353497157661 0.06954631379949046 0.6560491493371341
0.015254166666665077 0.014130208333331862 0.005844791666666058 0.005268749999999451 0.004605208333332854 0.004611458333332853 0.005242708333332787 0.008244791666665807 0.010639583333332226 0.01765624999999816 0.02888854166666366 0.06857499999999285 0.12958541666665316 0.11972708333332086 0.04044062499999579 0.023831249999997518 0.011802083333332105 0.009320833333332362 0.005735416666666069 0.005720833333332737 0.0048843749999994916 0.006856249999999286 0.008595833333332439 0.017362499999998192 0.051581249999994624 0.3755947916666275
0.03924435254764834 0.028821480938412296 0.012317288306449849 0.009492130223605679 0.008524159182550098 0.008409606396626362 0.008502680535189398 0.009616706378297743 0.010826670179617219 0.013117725898091964 0.015851241752197143 0.01963291559750452 0.023202666788852983 0.02337879169721073 0.018888322489000228 0.016810621334308443 0.013717696114367538 0.012961647727270872 0.010729300311582042 0.010229563782989738 0.010041983596039618 0.011526874083576062 0.014128654233868944 0.027091733870963863 0.04178599248533126 0.5811491935483039
0.0390541666666626 0.029255208333330285 0.01591874999999834 0.011661458333332118 0.009571874999999003 0.00876770833333242 0.008055208333332495 0.00860729166666577 0.009172916666665712 0.010886458333332199 0.01380937499999856 0.022187499999997688 0.03277083333332992 0.02777395833333044 0.017786458333331482 0.015531249999998381 0.013178124999998627 0.013189583333331959 0.011310416666665489 0.011312499999998822 0.010747916666665547 0.012784374999998668 0.01718749999999821 0.029914583333330216 0.042346874999995586 0.5572177083332753
0.03990915937840986 0.016385895879124892 0.01670650230303754 0.018697003232962663 0.01758173350343512 0.017560214574462954 0.016601725613161176 0.018108178730075548 0.01827290100780294 0.020765894547000664 0.023691956531763175 0.03655374352510751 0.049977584448986694 0.037959006440307544 0.02507608478457983 0.022304626057373277 0.020082156196682754 0.02042697141568909 0.01925944143008629 0.020397126710626504 0.0203138689497223 0.021642150458301677 0.020937789801052112 0.022197671856827108 0.06011120675079466 0.37847940587261336
0.044719747053738226 0.037867203219305014 0.013061224489792163 0.00634665133658915 0.00434320206955897 0.0032624317332557453 0.002845645300372853 0.0029376257545263187 0.00303248059787208 0.0037913193446381744 0.00537223340040087 0.010583501006033174 0.01704225352112186 0.012244897959180153 0.00553032480597714 0.004941075021556498 0.0032624317332557453 0.003871802242022457 0.0033457890198323238 0.004357574015520449 0.004826099453864666 0.007384305835007938 0.012532336878409735 0.03302673181947886 0.0828830123598497 0.6665881000285523
0.03965973534964148 0.03597353497157661 0.008487712665390383 0.0047448015122783654 0.0038752362948887044 0.0031190926275933475 0.0023629489602979906 0.0038752362948887044 0.003043478260863812 0.004555765595454526 0.0037429111531120172 0.0037051039697472495 0.0036294896030177135 0.030340264650226198 0.0025708884688042137 0.01092627599241791 0.0018336483931912406 0.02047258979202179 0.003478260869558642 0.012797731568973916 0.0058601134215390165 0.01839319470695956 0.015274102079366211 0.03553875236288178 0.08769376181457902 0.6340453686188392
0.03126654064266301 0.029962192816578522 0.00650283553874007 0.0044423440453602225 0.002948960302451892 0.00255198487712183 0.0024007561436627583 0.006030245746680472 0.006238185255186695 0.008317580340248928 0.007145557655941124 0.013856332703187417 0.02476370510392294 0.043024574669105815 0.006767485822293445 0.014990548204130453 0.004669187145548829 0.026124763705054583 0.004820415879007901 0.017258979206016524 0.006162570888457159 0.020926275992399004 0.011965973534949024 0.029432892249471772 0.08355387523613694 0.5838752362937922
0.03209463198671654 0.026041505257331156 0.012786939679025304 0.0102910902047587 0.008646375207525809 0.007685113447702951 0.007345877144437889 0.008664637520752149 0.010248478140563904 0.013967349197564254 0.01834919756502389 0.0320304371887088 0.04846485888212239 0.03780464858881916 0.017231876037630482 0.01409961261759745 0.010087991145544544 0.01142722744880955 0.008494189263972968 0.010223574986164349 0.010200332042058098 0.01371167681239548 0.015758716104038974 0.026638627559489397 0.0625893746541194 0.5251156613170711
0.04246589716683813 0.0374469287270936 0.011262410202598171 0.005660666720477387 0.003533779966098674 0.0027120832997011295 0.002132536927919757 0.0020744208572118757 0.0018306562272982622 0.0022665267576073723 0.002212446525143094 0.004079425296633782 0.0066244248930497525 0.00894180321252652 0.0026418597142624394 0.003736379045927538 0.00233352167245118 0.005300669949148011 0.0027540560174345993 0.004517717329889054 0.005043183469206148 0.00920816853660431 0.014036645411250786 0.03651384292517262 0.08438049882960011 0.6962894503187751
0.0392443339029898 0.0344670613606727 0.00959014892578003 0.00605773925781173 0.004341125488280698 0.0037155151367182777 0.0033988952636714426 0.0033887227376297774 0.0036710103352859914 0.004440307617186935 0.006080627441405477 0.010725657145180928 0.018508911132810148 0.013460795084633706 0.007249196370441787 0.0058898925781242515 0.004539489746093172 0.004795074462890015 0.003927866617838042 0.004816691080728555 0.005222320556639961 0.0074272155761709304 0.012447357177732793 0.04032007853189591 0.05153401692707678 0.690739949544183
0.00939548022598764 0.009525423728812482 0.005285875706214092 0.004031638418078641 0.0031242937853103816 0.003369491525423348 0.003256497175140875 0.0033807909604515953 0.00359209039547982 0.004637288135592697 0.005642937853106707 0.011597740112993039 0.019036158192088246 0.02885310734462951 0.008292655367230702 0.010767231638416863 0.005160451977400547 0.014067796610167903 0.004574011299434511 0.00979209039547912 0.006663276836157439 0.012625988700563546 0.009609039548021513 0.01444971751412266 0.5740711864406131 0.21519774011297002
0.027563194444442534 0.02570486111110933 0.008284722222221647 0.005154861111110754 0.00435972222222192 0.004365277777777475 0.005085416666666314 0.006490277777777328 0.008463888888888303 0.01182638888888807 0.01733819444444324 0.027890277777775842 0.03564583333333086 0.02885833333333133 0.01793333333333209 0.012252083333332484 0.008564583333332739 0.006496527777777327 0.005086805555555202 0.0047472222222218925 0.004367361111110808 0.0052374999999996365 0.008263194444443872 0.02686805555555369 0.030843055555553417 0.6523090277777326
0.024045368619992354 0.021455576559505755 0.008393194706978463 0.004914933837419821 0.004272211720218767 0.004310018903583535 0.0038941398865710887 0.00790170132323648 0.0067296786389286775 0.008317580340248928 0.010189035916804935 0.01652173913040355 0.03215500945173506 0.05875236294884924 0.009678638941380569 0.01773156899807612 0.0040831758033949275 0.024971644612429164 0.005519848771256106 0.018979206049113462 0.007069943289211588 0.021947069943247736 0.012986767485797756 0.025066162570841086 0.1847448015119381 0.4553686200369464
0.04589792060482817 0.030793950850603415 0.015500945179554818 0.011115311909241747 0.007769376181459793 0.006786389413975829 0.005727788279762329 0.0073345935727649626 0.006143667296774776 0.0071833648393058915 0.007882797731554097 0.010869565217370756 0.011625708884666113 0.040491493383666366 0.010945179584100292 0.020642722117163247 0.009546313799603882 0.02890359168236502 0.009017013232497132 0.021304347826046684 0.012362948960279087 0.024933837429064395 0.017863894139852808 0.027221172022632852 0.067504725897793 0.5346313799611822
0.026257088846831273 0.025803402646454057 0.004801512287325517 0.0023440453686156067 0.0017013232514145533 0.0019659735349679282 0.0018525519848736247 0.004517958412089758 0.004631379962184061 0.009640831758015802 0.009716446124745337 0.012419659735326239 0.012268431001867168 0.054612476370407156 0.00737240075612973 0.02056710775043371 0.003289224952734803 0.03323251417763094 0.0030812854442285797 0.01850661625705386 0.005236294896020347 0.021228733459317146 0.008468809073707999 0.023761814744756592 0.18563327032101015 0.4970888468799677
0.032400756143606046 0.02899810964077694 0.006654064272199141 0.0021550094517917675 0.001247637051037339 0.0013232514177668748 0.000756143667295357 0.003289224952734803 0.0017202268430969371 0.0039319470699358565 0.002419659735345142 0.004196597353489232 0.0031190926275933475 0.04534971644603904 0.002287334593568455 0.017315689981063677 0.002079395085062232 0.030491493383685273 0.002230623818521303 0.016049149338343952 0.002495274102074678 0.02100189035912854 0.007920604914918864 0.024782608695605324 0.1931947069939637 0.5425897920594658
0.020784723157751532 0.0164367506399019 0.005360366428667294 0.003402263235888226 0.0027111679913779667 0.0025319951502086402 0.0021487269298125994 0.0029139162063853623 0.00315371143742401 0.00499528492523205 0.005517311060217869 0.012265930216892615 0.017791324262426394 0.01651960123938997 0.005906641519600842 0.005575239121648554 0.0030095648659569578 0.004644348646099647 0.0023912164892898836 0.003639364138488237 0.0028990973999728615 0.0050370470160309155 0.00547824329785764 0.013541694732586991 0.5030775966589989 0.32826687323182485
0.03835822254596979 0.03450342985490101 0.015407788502392017 0.010729678868447334 0.008362168396767301 0.006628270503245224 0.005292751775630846 0.004799520427364172 0.004469434832754937 0.005740454076365211 0.006093304194740601 0.009177897165054492 0.012004492199351968 0.018188854489157184 0.004643962848295452 0.006670005463483173 0.0026634492806400386 0.008491167364775508 0.002356128209796957 0.005842894433312905 0.0034829721362215887 0.008961634189276027 0.012179020214892483 0.04150352091299342 0.046143689673994515 0.6773052874397965
0.0290034965034942 0.023560076287347145 0.010990146217418072 0.008347902097901436 0.00781865861411254 0.008466306420851203 0.00903210425937627 0.010385410044500129 0.011836458995548966 0.014198188175459776 0.016599650349649032 0.025890813731720766 0.037132867132864185 0.030944055944053486 0.016845994914175395 0.014496980292433688 0.01134297520661067 0.012226636999363301 0.008771455816909666 0.009519230769230013 0.008689605848696068 0.010689764780673024 0.01203035600762778 0.02437698664971199 0.06796805467259473 0.5588358232675971
0.03625572201414521 0.0322284644194723 0.009534956304618234 0.006189138576778382 0.004574490220557161 0.003793175197669185 0.0033260507698706487 0.0038566375364124162 0.004763836870577948 0.0066208905534741345 0.009557844361214153 0.016738451935079408 0.02704223886807875 0.01945796920515819 0.011667707032874359 0.00808676654182188 0.005474406991260354 0.004925093632958289 0.00387848522679943 0.004371618809820602 0.005115480649187982 0.00732937994173873 0.011086142322096225 0.0320734498543454 0.037605076987095545 0.684446525176791
0.04371502481257425 0.04116249604053396 0.011712068419382401 0.004698553479040044 0.0023571956498779547 0.001863583570900152 0.00162865589694815 0.0019427726744794787 0.0019665294055532766 0.002655474606693418 0.003587266392143494 0.006564776686726174 0.010891141378943382 0.009127864005910378 0.004730229120471774 0.004138950480412802 0.0028772040967155322 0.0031570055960291527 0.002507654946678675 0.0032784288881841203 0.003951536268608396 0.006907929468903255 0.012477563087315891 0.03431791785449416 0.04141062189841584 0.7363715552737999
0.033780718336420074 0.029508506616201306 0.008941398865767596 0.005897920604903784 0.00457466918713691 0.003761814744794401 0.003913043478253472 0.0048960302457374365 0.004272211720218767 0.005519848771256106 0.005500945179573722 0.008506616257072766 0.008922495274085212 0.0430434782607882 0.006616257088834373 0.016786389413956927 0.005803402646491865 0.02476370510392294 0.005973534971633321 0.0101134215500754 0.005274102079385115 0.012930056710750605 0.012684310018879614 0.030529300567050038 0.039017013232440424 0.6584688090724793
0.046707213049611854 0.04211507227070199 0.01240053282854477 0.005383788457716846 0.0035405054860297436 0.001954288919268893 0.0011275867306992419 0.001156798822168134 0.0010779261752021248 0.0013349925801283769 0.0015453196387044013 0.002328203690070714 0.003619378132995753 0.0038443112373062233 0.002094506958319576 0.0024099975461836128 0.001875416272302884 0.0025531367943811847 0.002033161566234902 0.0032308573164594855 0.004378892511186952 0.007606828618499548 0.012964326193894392 0.03659690819222824 0.04404599151679577 0.7520740584940723
0.032230623818464595 0.03461247637044497 0.012287334593549552 0.006446124763692918 0.003780718336476785 0.003572778827970562 0.0029867674858166603 0.003686200378064865 0.0031379962192757314 0.0066729678638815255 0.006011342154998088 0.012797731568973916 0.016748582230592158 0.04911153119083344 0.013043478260844909 0.020775047258939933 0.005803402646491865 0.026805293005620404 0.003497164461241026 0.015879017013202497 0.005368620037797035 0.021984877126612505 0.012344045368596703 0.029584120982930843 0.07604914933823052 0.5747826086945657
0.050644439471906326 0.033316178115902144 0.02376146788990294 0.017390915193551713 0.010899530096215955 0.007359588274780183 0.006269859028864115 0.005620944282836066 0.005565003356454338 0.0059230252852974 0.006439919445064569 0.010035802192882068 0.017413291564104406 0.010745133139402384 0.005882747818302555 0.006149026627879582 0.00540389348847496 0.006417543074511878 0.006571940031325448 0.008447079883640983 0.01049451778921224 0.015524725889457256 0.021499216827025845 0.03163795032445029 0.04912508391137858 0.621461176996952
0.04138028169013786 0.03813073311664586 0.008362585771035873 0.004111231491512885 0.0022889129649691377 0.0017320332249908465 0.0013318887685083906 0.0016663055254603348 0.0016410256410255225 0.0024073672806065437 0.0026175514626216962 0.0058439869989161545 0.008781509570241331 0.010775009028529377 0.0033911159263269493 0.004059227157818414 0.0024853737811482497 0.0048342361863485134 0.002234019501624974 0.0034864572047668125 0.003276995305164083 0.006503430841458541 0.010179126038280233 0.037645359335497466 0.07718598772119342 0.7136482484650983
0.03801512287327407 0.035179584120916485 0.012930056710750605 0.005992438563315704 0.0031379962192757314 0.002835538752357589 0.0018147448015088568 0.003553875236288178 0.0024007561436627583 0.0040831758033949275 0.003251417769370035 0.005519848771256106 0.00544423440452657 0.03444234404530351 0.0034404536861938743 0.01502835538749522 0.003913043478253472 0.02287334593568455 0.0032136105860052673 0.015614366729649122 0.0049527410207845885 0.019867674858185504 0.01546313799619005 0.03519848771259887 0.06400756143655197 0.6378260869553161
0.04350150150149497 0.03129279279278809 0.016888888888886355 0.012507507507505629 0.009879879879878397 0.008839339339338012 0.008246246246245008 0.008528528528527249 0.00956606606606463 0.0115315315315298 0.01448498498498281 0.020439939939936872 0.030048048048043535 0.02406456456456095 0.016548048048045563 0.013668168168166116 0.010620120120118525 0.010085585585584072 0.009569069069067633 0.011066066066064405 0.01204954954954774 0.01379129129128922 0.016893393393390858 0.028546546546542262 0.0431846846846782 0.564157657657573
0.03676454647935929 0.02508779916753212 0.01364342156607608 0.011396277748871931 0.010266947407214013 0.009894342915365268 0.010466121444674978 0.012377243756502804 0.01487233892646448 0.019504151491500588 0.026452886533123426 0.037435234564687024 0.048989361125560335 0.04429589945369107 0.0320629552549406 0.023266779396460446 0.016905404526533715 0.01442521353624599 0.011926731052722052 0.011073128035032203 0.01061380831598957 0.01169300641692602 0.014192843825874863 0.022751907734996725 0.044239670048557535 0.4654019792750292
0.038448383084567155 0.032892827529013034 0.018695584577109584 0.01467920812603268 0.011302860696514485 0.010126451077940992 0.008392931177443929 0.008268553067991223 0.009157338308455339 0.011396144278604012 0.01575715174128945 0.028728752072961047 0.04328617330015462 0.027155887230507058 0.013178897180759437 0.009631529850743772 0.007750310945271624 0.00767775704809088 0.007245024875620013 0.009069237147593006 0.009862147595353995 0.012463723051406389 0.014388992537309705 0.02758343698175073 0.05637437810943813 0.5464863184078186
0.037448015122802554 0.03568998109634085 0.013799621928140266 0.008827977315673292 0.00553875236293849 0.003686200378064865 0.0023440453686156067 0.004631379962184061 0.004328922495265919 0.006238185255186695 0.005897920604903784 0.007599243856318338 0.009035916824179516 0.04854442344036192 0.009168241965956203 0.019716446124726433 0.005803402646491865 0.03153119092621639 0.007088846880893972 0.01848771266537148 0.007013232514164436 0.0239886578449452 0.01593572778824965 0.033024574669124715 0.06179584120971305 0.5728355387512801
0.031077504725839172 0.029111531190871245 0.005822306238174249 0.003553875236288178 0.001739130434779321 0.0023440453686156067 0.001266540642719723 0.003270321361052419 0.002533081285439446 0.004801512287325517 0.0039886578449830085 0.005066162570878892 0.005141776937608427 0.035897920604847075 0.005160680529290812 0.017258979206016524 0.0026465028355337496 0.02206049149334204 0.002287334593568455 0.012514177693738159 0.002287334593568455 0.017977315689947114 0.00824196597351939 0.027939508506563442 0.15873345935697783 0.5872778827966214
0.04587022569443449 0.027003038194438583 0.021788194444439715 0.016039496527774297 0.012259114583330673 0.00961588541666458 0.007803819444442751 0.007927517361109391 0.00829861111110931 0.009563802083331258 0.0120855034722196 0.020635850694439965 0.025299479166661178 0.02334852430555049 0.01233072916666399 0.01006944444444226 0.00743489583333172 0.007098524305554015 0.00618706597222088 0.007100694444442904 0.008678385416664783 0.012165798611108471 0.019101562499995856 0.02927083333332698 0.04287326388887958 0.5901497395832053
0.03689981096401342 0.03485822306231596 0.009130434782591436 0.004253308128536383 0.0016257088846850175 0.0018714555765560086 0.001266540642719723 0.0025897920604865976 0.0018714555765560086 0.0031568998109581157 0.0033081285444171867 0.0047448015122783654 0.006465028355375302 0.031474480151169236 0.006011342154998088 0.011134215500924131 0.005576559546303258 0.019017013232478227 0.005973534971633321 0.011001890359147445 0.005992438563315704 0.011304347826065587 0.010094517958393015 0.03347826086950193 0.03962192816627671 0.6972778827964135
0.04595208333332855 0.03289479166666324 0.011444791666665474 0.009756249999998984 0.00871041666666576 0.008568749999999107 0.008847916666665744 0.009726041666665653 0.010723958333332216 0.012717708333332009 0.014973958333331774 0.019388541666664646 0.024442708333330787 0.021529166666664424 0.015681249999998367 0.013265624999998619 0.011061458333332181 0.010685416666665554 0.008987499999999064 0.009230208333332372 0.00886770833333241 0.009262499999999035 0.011081249999998845 0.03141874999999673 0.05099062499999469 0.5797906249999396
0.02540069126275819 0.02180773249738592 0.00972027972027894 0.0068909251667866826 0.006116871634112522 0.006554939313559477 0.006105618519411132 0.008553170966963383 0.0094389518527442 0.01470139056345835 0.01703158910055325 0.03075878144843415 0.03842536773570948 0.0386986576641718 0.020193714331643745 0.020641427537977604 0.013546338718751424 0.01516437585402981 0.010020094847680251 0.012083433807570768 0.010098866650589977 0.013445060686438918 0.01546097580580215 0.03025319508077886 0.082813278675341 0.5160742705569877
0.03395425712498125 0.030373894398277857 0.015864826230676345 0.011015813454835384 0.00782855356025913 0.0065286339676569 0.005326990083086455 0.005519074421512213 0.006039488966316886 0.00811221299025996 0.012273295809878435 0.024459483605819607 0.046589386223522156 0.03282632002143464 0.012780309121769681 0.00763646922183337 0.004989725721431924 0.004706066291431094 0.0035803627267033903 0.0040538729563110755 0.003792548914499287 0.00486464754757329 0.005863039399623456 0.011344143661214298 0.23539712320194867 0.4542794603769199
0.04749730157587627 0.039236525868889746 0.01122976181909684 0.005668129812189274 0.003297834064905858 0.002279628696840881 0.001678060012952315 0.0015816363243864446 0.0014348420522413878 0.00206087644815413 0.0017046844642727421 0.0030769230769228557 0.003188457940562482 0.00738360797294327 0.0026099158091672588 0.00406058861624782 0.0019579765416995066 0.004265668849391648 0.0023623803698638295 0.0039396992156577725 0.004003022235014464 0.007569979132186259 0.012622868244944045 0.03977045405482912 0.08069943153197952 0.7048197452687124
0.03301770833332989 0.028236458333330394 0.012439583333332038 0.008560416666665774 0.006480208333332659 0.004811458333332832 0.003430208333332976 0.0036864583333329494 0.00371354166666628 0.004677083333332846 0.005071874999999472 0.008526041666665778 0.011979166666665418 0.01267499999999868 0.005295833333332781 0.006317708333332675 0.00390416666666626 0.007173958333332586 0.005185416666666127 0.010587499999998896 0.014324999999998507 0.022851041666664285 0.035902083333329594 0.053092708333327805 0.1517406249999842 0.5363187499999441
0.014445632798563675 0.013340463458101005 0.0013832442067726323 0.001311942959000847 0.0010409982174680635 0.001076648841353956 0.0008556149732614221 0.002245989304811233 0.0021176470588220196 0.003999999999997148 0.0033368983957195457 0.007051693404629553 0.008192513368978116 0.04660249554363879 0.005568627450976422 0.018081996434924717 0.005055258467019569 0.030288770053454338 0.004256684491975574 0.0175900178252994 0.005782531194291777 0.022367201426009006 0.009454545454538714 0.021461675579307334 0.4610338680923629 0.2920570409980092
0.027296786389362386 0.028733459357223566 0.012684310018879614 0.006616257088834373 0.005463137996208955 0.004877126654055053 0.004669187145548829 0.006483931947057686 0.008752362948943757 0.01353497164458689 0.018223062381818103 0.02604914933832505 0.03190926275986407 0.06710775047246294 0.017599243856299435 0.027920604914881058 0.008998109640814747 0.035387523629422706 0.00606805293004524 0.02047258979202179 0.007977315689966017 0.02432892249522811 0.012967863894115372 0.026483931947019878 0.060132325141663265 0.48926275992346074
0.03376181474473769 0.029432892249471772 0.006351606805280999 0.0024385633270275265 0.0014177693761787944 0.0010775047258958837 0.0006238185255186695 0.0024385633270275265 0.0013043478260844907 0.0031379962192757314 0.002495274102074678 0.0050472589791965075 0.005803402646491865 0.047863894139796095 0.002759924385628053 0.016578449905450703 0.0021172022684269997 0.030888468809015333 0.001209829867672571 0.015822306238155344 0.0024385633270275265 0.019999999999962194 0.00818525519847224 0.028052930056657745 0.1836862003777246 0.5450661625698581
0.04047222222220616 0.036976190476175806 0.020420634920626818 0.013869047619042115 0.008984126984123418 0.007146825396822561 0.006230158730156258 0.005579365079362865 0.005599206349204127 0.006341269841267325 0.007781746031742943 0.012178571428566596 0.017396825396818492 0.013861111111105611 0.007126984126981299 0.00626587301587053 0.00467460317460132 0.005297619047616945 0.0046309523809505435 0.006658730158727516 0.00803968253967935 0.012920634920629793 0.019884920634912744 0.031424603174590705 0.08226190476187212 0.6079761904759492
0.03646502835531859 0.03313799621921902 0.004612476370501678 0.0019281663516031603 0.001039697542531116 0.001247637051037339 0.0006805293005658213 0.0026275992438513657 0.0014366729678611783 0.003534971644605794 0.002079395085062232 0.005028355387514124 0.004120982986759695 0.03914933837421711 0.005066162570878892 0.014820415878988998 0.0039319470699358565 0.02638941398860796 0.003780718336476785 0.012514177693738159 0.0020415879016974637 0.016880907372368845 0.007712665406412641 0.03328922495267809 0.12465028355363961 0.6118336483920381
0.03523629489596364 0.031247637050980628 0.007882797731554097 0.004517958412089758 0.002948960302451892 0.0028922495274047405 0.002306238185250839 0.004763705103960749 0.004120982986759695 0.005274102079385115 0.0058601134215390165 0.009357277882780042 0.00809073724006032 0.03625708884681237 0.004517958412089758 0.014461247637023703 0.0031001890359109636 0.024574669187099104 0.002797731568992821 0.014461247637023703 0.003969754253300624 0.01850661625705386 0.009962192816616328 0.03344045368613716 0.0706616257087511 0.6387901701311176
0.031999371954929204 0.028185901339826125 0.008309702344700595 0.005399046513397653 0.00427974649817245 0.004278557018878907 0.004498610688184605 0.005745184987819048 0.007487772152861472 0.010541165499389733 0.016193571102312326 0.03119647343178679 0.05353489456454905 0.031396305953102235 0.015024312956758261 0.01005823690621074 0.006957264387940707 0.005962859698537658 0.004784085718635241 0.004552137256394099 0.004579495280145619 0.005575089448842212 0.008403671208890596 0.02844401834652524 0.03655864608708457 0.626053878654006
0.042819172697211916 0.03719735549003011 0.016255695523984575 0.010450728133652628 0.007571696596085148 0.006010452961671131 0.005474403645134129 0.005516840882693309 0.005959081568836335 0.006309747163404291 0.007471187349234461 0.011176628249796485 0.01824354507280929 0.012105780398460622 0.006977575270256639 0.006327615473955524 0.005076833735369187 0.00552800857678783 0.004795407844187261 0.006155632984899902 0.008221656392386263 0.011616635397120607 0.01810283212721833 0.03389841865450864 0.04399401411595551 0.6567430536941266
0.03270503247737483 0.031635099860365584 0.0134462453712084 0.010756237479507847 0.007516086930125236 0.004993018879376482 0.004017938444726212 0.004215230984032882 0.0046211983245292975 0.006305773083224706 0.009720451648147832 0.02509029927759626 0.056714016876078764 0.0480521155830571 0.009329660656828852 0.012129697080065817 0.005531779275175465 0.015969313421957152 0.004624992411823656 0.010464092757842202 0.00582392399684111 0.014975262550835087 0.012596369817271977 0.03103563406785686 0.08117070357551708 0.5365598251682538
0.039589649029590335 0.02832765571771911 0.016192143013404978 0.012423039659966181 0.00936337781666885 0.007717911054160122 0.007225677407255801 0.006822514610743691 0.007449135856485382 0.008641435134542514 0.01063380941963143 0.01460293152482817 0.030096571553578446 0.017150045316745764 0.010121261368251692 0.008567990749131392 0.006800637559770166 0.007292871206674486 0.006542800887582189 0.007397568522047786 0.0084648560802562 0.011685470512858755 0.016518736131509747 0.03152639309934814 0.044172891208543896 0.6246726255585485
0.043781368319088715 0.03969358105132524 0.013352998150917198 0.006892225059433193 0.004241877256316756 0.0030840010566163855 0.0023817909659235754 0.0021748701241520265 0.0023707845381697695 0.0028770802148448365 0.003478031170202633 0.005972087699215028 0.008296645240818813 0.007761732851983851 0.003918288280354865 0.0037708021484538674 0.0024236153913880375 0.002888086642598642 0.002212291978514966 0.0034560183146950217 0.004431187813682216 0.008078717971293458 0.015034780311698725 0.036801091837625075 0.04178480232454834 0.7288412432859186
0.035435466946481926 0.03123093066429646 0.014201307611589782 0.009102429574621915 0.006731778190329589 0.0057631770118649 0.004915650980708297 0.005182016304786086 0.0054984260230845515 0.006687383969649957 0.00886996529179039 0.01730567438856911 0.029931390749856332 0.021105819678745575 0.00827911857292693 0.007451771732988341 0.005414480587617612 0.007758495439502159 0.004986681733795707 0.006485592057469814 0.006956977964322629 0.011229316329000628 0.01569941076761517 0.03191056582451918 0.080920171119535 0.6109460004842513
0.03843645833332933 0.03341562499999652 0.012642708333332016 0.008668749999999097 0.00658541666666598 0.005390624999999438 0.0047999999999995 0.005744791666666069 0.007151041666665922 0.009943749999998964 0.014765624999998462 0.02543437499999735 0.03561249999999629 0.03278020833332992 0.019567708333331296 0.013896874999998553 0.00924895833333237 0.007999999999999167 0.006817708333332623 0.007237499999999246 0.007723958333332529 0.009988541666665626 0.014482291666665158 0.030991666666663437 0.041788541666662314 0.5888843749999386
0.027826086956469136 0.02345935727783845 0.006937618147434901 0.003553875236288178 0.0021550094517917675 0.0021739130434741513 0.0026275992438513657 0.005236294896020347 0.007051039697529204 0.010775047258958836 0.011398865784477507 0.01637051039694448 0.019659735349679283 0.06213610585999596 0.011587901701301346 0.021020793950810926 0.00746691871454165 0.03272211720220657 0.005614366729668026 0.01708884688087507 0.00871455576557899 0.021077504725858075 0.011568998109618962 0.02277882797727263 0.1893383742907574 0.44965973534886644
0.029603024574613227 0.023894139886533283 0.008884688090720445 0.006843100189022981 0.005765595463127097 0.004517958412089758 0.0033837429111467227 0.005879017013221401 0.005160680529290812 0.006427221172010535 0.006105860113410007 0.009111531190909052 0.009489603024556731 0.052173913043379636 0.006994328922482052 0.02119092627595238 0.007107750472576356 0.03676748582223673 0.0067296786389286775 0.020982986767446157 0.006124763705092392 0.024593572778781485 0.01449905482038847 0.02844990548198781 0.12542533081261734 0.5238941398855881
