0.06274702585634148 0.05719535248078259 0.06274702585634148 0.10879439355908516 0.1607011699580253 0.15090560293921787 0.1607011699580253 0.10879439355908516 0.010710532114211673 0.009991058685426199 0.010710532114211673 0.014751914093445298 0.017349770955936577 0.016478451931299674 0.017349770955936577 0.014751914093445298 0.001971477842850082 0.0020832634120624 0.0019714778428500824 0.0015352193436191808 0.0014432272615416465 0.0015310264394982163 0.0014432272615416462 0.0015352193436191808 0.000253819560602027 0.0002650849399454515 0.000253819560602027 0.00021157824298281272 0.00020085282684061413 0.00020819594080399845 0.00020085282684061413 0.00021157824298281272
0.06475771891406851 0.07792433473444065 0.06475771891406851 0.11634280296920657 0.13254413115796657 0.172159084975018 0.13254413115796657 0.11634280296920657 0.01075875218926504 0.011756237187462298 0.01075875218926504 0.015011606268359633 0.01583658686251407 0.01759265687489245 0.01583658686251407 0.015011606268359633 0.001361827956213426 0.0012480451282306248 0.001361827956213426 0.0009914881081899089 0.0009835407903346983 0.000909546879991475 0.0009835407903346983 0.0009914881081899089 0.00017430604212685037 0.00016987221434347721 0.00017430604212685037 0.00014534735062833967 0.00014242471663357783 0.00013915535460664683 0.00014242471663357783 0.00014534735062833967
0.06314539221844566 0.04507740954723155 0.06314539221844566 0.09088381221136342 0.14026308223964407 0.11012202067549645 0.14026308223964407 0.09088381221136342 0.014951737369299573 0.013925918830596008 0.014951737369299573 0.01976671793321027 0.02430595442629806 0.023665713797024996 0.02430595442629806 0.01976671793321027 0.012275164370882809 0.012175613160957595 0.01227516437088281 0.010938787330677607 0.010325423287305662 0.010002360083083977 0.010325423287305659 0.010938787330677607 0.001577581655025138 0.0015536644740928942 0.001577581655025138 0.0013747022892936494 0.001296219947256221 0.0012681488741122901 0.001296219947256221 0.0013747022892936494
0.054756753715712994 0.07103441483617257 0.054756753715712994 0.11737883899028644 0.12428233102485063 0.17035497090487647 0.12428233102485063 0.11737883899028644 0.011605886642523607 0.012746425245636621 0.011605886642523607 0.016980821786317796 0.018007208544703432 0.019996659632586237 0.018007208544703432 0.016980821786317796 0.0044431210117227005 0.00432062760735263 0.0044431210117227 0.003813522511265692 0.0036907909145831312 0.003619162118616646 0.003690790914583132 0.003813522511265692 0.0010732493655572096 0.0010702290305864494 0.0010732493655572096 0.0009744258136139575 0.0009467536950628914 0.0009501025917713727 0.0009467536950628914 0.0009744258136139575
0.07269009355655155 0.06792543023292132 0.07269009355655155 0.11415721053609588 0.1536734135146463 0.15592214359766282 0.1536734135146463 0.11415721053609588 0.00901796867284968 0.00838380441087908 0.00901796867284968 0.011421496928411086 0.01317726831077054 0.012970030238083826 0.01317726831077054 0.011421496928411086 0.0007628528376910404 0.0008701911040769046 0.0007628528376910396 0.000655160053928208 0.0005906207280202694 0.0006515003812758984 0.0005906207280202695 0.000655160053928208 0.00012970325656014997 0.00014767031927700425 0.00012970325656014997 0.0001192824422378361 0.0001098633391610661 0.00011936136197590892 0.0001098633391610661 0.0001192824422378361
0.046769948162268093 0.043432116188398484 0.046769948162268093 0.08373738552059384 0.11388075816302395 0.10863505177681752 0.11388075816302395 0.08373738552059384 0.011241002594953767 0.010950838792679874 0.011241002594953767 0.016444037833766984 0.01945993970674775 0.019073054637049225 0.01945993970674775 0.016444037833766984 0.025430035817098157 0.025559836314411458 0.025430035817098164 0.023891987857040577 0.023197085966018823 0.023216118614100594 0.02319708596601883 0.023891987857040577 0.005468004206477844 0.005531871217262449 0.005468004206477844 0.0050375735753638825 0.004834853041864901 0.004815887568843148 0.004834853041864901 0.0050375735753638825
0.067194154080835 0.07436734334048506 0.067194154080835 0.11232034869261256 0.13493587986087993 0.15903550344319564 0.13493587986087993 0.11232034869261256 0.011088008023652096 0.012322094324117733 0.011088008023652096 0.015166733857018297 0.01598344479074838 0.01832943874797907 0.01598344479074838 0.015166733857018297 0.0029430470019981363 0.002663495843680267 0.002943047001998136 0.002331968870747548 0.0023863255775158536 0.0020353319278209143 0.0023863255775158523 0.002331968870747548 0.00037251538358302864 0.00033015195102697076 0.00037251538358302864 0.00029592547760243427 0.00030700269706810534 0.00026593179317156013 0.00030700269706810534 0.00029592547760243427
0.06654695062914068 0.06168033584021756 0.06654695062914068 0.11053568949446016 0.1671816534391106 0.15140110332653414 0.1671816534391106 0.11053568949446016 0.007967862003155789 0.0074239240269592475 0.007967862003155789 0.010539184364658597 0.013084081979052803 0.01210791063943699 0.013084081979052803 0.010539184364658597 0.0019675641470519242 0.002087039100523157 0.0019675641470519242 0.0016923060920957865 0.0014959298667395512 0.0016127099744909694 0.0014959298667395508 0.0016923060920957865 0.00022846313859155074 0.00024572174154758523 0.00022846313859155074 0.00020162524996573603 0.00018191077315031363 0.00019481299594340966 0.00018191077315031363 0.00020162524996573603
0.07569481352516706 0.04413072957448722 0.07569481352516706 0.10944031570970504 0.18980779833180614 0.09617662343740975 0.18980779833180614 0.10944031570970504 0.006474703571229719 0.005511428092680591 0.006474703571229719 0.008591023175361241 0.01073881735282757 0.008285950115769734 0.01073881735282757 0.008591023175361241 0.003513778695110651 0.003610332309417132 0.0035137786951106504 0.003337324972991003 0.0032487449677167115 0.003358629729760923 0.003248744967716713 0.003337324972991003 0.002162102032300632 0.0021861387375051505 0.002162102032300632 0.0021475238603215403 0.002129065841134364 0.00216814393162613 0.002129065841134364 0.0021475238603215403
0.07304354887816139 0.05421068749119443 0.07304354887816139 0.11658153788344511 0.16564433045727345 0.13051951334545367 0.16564433045727345 0.11658153788344511 0.008124997595710419 0.007446494071308209 0.008124997595710419 0.010796598144681528 0.0122352611843212 0.011762483190227222 0.0122352611843212 0.010796598144681528 0.001961291595127753 0.0019350581882962106 0.001961291595127753 0.0017208253764023054 0.0017301521922387577 0.0016719262421273531 0.0017301521922387572 0.0017208253764023054 0.0011138596555943625 0.00111644935284099 0.0011138596555943625 0.0010865162825402076 0.0010890451155304139 0.0010814593964982632 0.0010890451155304139 0.0010865162825402076
0.07095321716221975 0.07348795230876386 0.07095321716221975 0.12187073454152378 0.1392129154953705 0.1440557862701315 0.1392129154953705 0.12187073454152378 0.010227700475454354 0.010962004037071411 0.010227700475454354 0.01438194086545491 0.014833499705150348 0.01570709383928033 0.014833499705150348 0.01438194086545491 0.0016774449135031574 0.0015609666390122984 0.0016774449135031572 0.0013079859417509645 0.0013121729709510866 0.0012202906202271597 0.0013121729709510866 0.0013079859417509645 0.00020225480495405704 0.00019456683980406333 0.00020225480495405704 0.0001732759730380438 0.00017068422431754728 0.00016368529833247106 0.00017068422431754728 0.0001732759730380438
0.07155951445019539 0.08273244966280105 0.07155951445019539 0.115994973671582 0.13503531928942505 0.15659829134281186 0.13503531928942505 0.115994973671582 0.010858520903248032 0.011474229479036103 0.010858520903248032 0.014108039203259152 0.015103399297900456 0.016096322072314182 0.015103399297900456 0.014108039203259152 0.0009763237213530124 0.0009740658331570279 0.0009763237213530119 0.0007745260982291001 0.0007384041343665139 0.0007221725781884815 0.0007384041343665139 0.0007745260982291001 0.00015164020959032264 0.0001499810139054846 0.00015164020959032264 0.00013263329063305343 0.0001293728593835875 0.00012715375945451153 0.0001293728593835875 0.00013263329063305343
0.05682744320040149 0.06541054432666948 0.05682744320040149 0.0951702602312698 0.14339670153213338 0.15237649658032973 0.14339670153213338 0.0951702602312698 0.01327805840130657 0.014687104982982832 0.01327805840130657 0.01844882462299332 0.02203361429863044 0.02385693591883947 0.02203361429863044 0.01844882462299332 0.005561828417712349 0.005264165322415747 0.005561828417712345 0.0045788955870647964 0.0043068586086975145 0.004051998117079547 0.004306858608697513 0.0045788955870647964 0.0009533187436986757 0.000988353080956168 0.0009533187436986757 0.0008730586359365371 0.0008225477529412661 0.0008615816051546715 0.0008225477529412661 0.0008730586359365371
0.06620153452858873 0.06885082304781924 0.06620153452858873 0.11674883913612717 0.1466605917673879 0.1637771263405308 0.1466605917673879 0.11674883913612717 0.009715698276145759 0.009882754489264315 0.009715698276145759 0.013032845181698248 0.014403166829576099 0.015448275943485766 0.014403166829576099 0.013032845181698248 0.0011188524302628868 0.0010943623265040393 0.0011188524302628868 0.0008815709061190527 0.0008420096542817835 0.0007825121900453103 0.0008420096542817838 0.0008815709061190527 0.00013304926698577923 0.00013094675781435055 0.00013304926698577923 0.00011426753115574062 0.00011108017308171015 0.00010618754171453791 0.00011108017308171015 0.00011426753115574062
0.07186113207642655 0.046428450636089406 0.07186113207642655 0.09321698339582193 0.1675985456102087 0.11463694901617145 0.1675985456102087 0.09321698339582193 0.013470226484660954 0.010609541896264658 0.013470226484660954 0.01598718316162139 0.02174733931957811 0.017446905146775948 0.02174733931957811 0.01598718316162139 0.004937818275678721 0.005422141371960959 0.004937818275678721 0.0044397302524025834 0.00377206102008144 0.0042631739776233975 0.003772061020081442 0.0044397302524025834 0.0009702041412780303 0.0010656667559414356 0.0009702041412780303 0.000877239559061795 0.0007642403033529321 0.0008417639988264029 0.0007642403033529321 0.000877239559061795
0.05880990649153899 0.05909248050219691 0.05880990649153899 0.11013643951398264 0.16217866416654778 0.15298354282162008 0.16217866416654778 0.11013643951398264 0.010011835659905578 0.01036023440639754 0.010011835659905578 0.014719370876555116 0.016777308103810937 0.016932194316716723 0.016777308103810937 0.014719370876555116 0.002045661346216957 0.002010322990872414 0.002045661346216957 0.0015424615552601594 0.0015023010765201936 0.0014842094710619642 0.001502301076520193 0.0015424615552601594 0.0002441702101808559 0.00023451274947657003 0.0002441702101808559 0.00019551154033676773 0.00019436812498418546 0.00018650540997761789 0.00019436812498418546 0.00019551154033676773
0.06616948205800609 0.07932815444500821 0.06616948205800609 0.1135900875904812 0.14366647111746644 0.16403966959147073 0.14366647111746644 0.1135900875904812 0.009780330161775612 0.010667398332589586 0.009780330161775612 0.013174714948739724 0.014772886012875859 0.015698074126627472 0.014772886012875859 0.013174714948739724 0.0010428701157162866 0.0010058897397565612 0.001042870115716287 0.0008162074861963967 0.0007501437736216558 0.0007189887163781223 0.0007501437736216556 0.0008162074861963967 0.00014353983151820746 0.00013712754184713873 0.00014353983151820746 0.00012167631732337773 0.00011741776102446013 0.00011304315683158612 0.00011741776102446013 0.00012167631732337773
0.04786888336663953 0.06175048475562037 0.04786888336663953 0.09687541236923115 0.12728276358421492 0.15249527755412973 0.12728276358421492 0.09687541236923115 0.013990953899025445 0.012991600049095057 0.013990953899025445 0.019076201426869662 0.02411519355458655 0.022489138334725923 0.02411519355458655 0.019076201426869662 0.0109057609415599 0.011303401485775164 0.010905760941559898 0.009600229001369594 0.008762987229249718 0.009112624762907775 0.008762987229249721 0.009600229001369594 0.0017854764394168996 0.0018618918772750081 0.0017854764394168996 0.0015626853644892325 0.001427704084481339 0.0014870786582029838 0.001427704084481339 0.0015626853644892325
0.06563133744558629 0.06695051598859894 0.06563133744558629 0.10071781480511673 0.15069270427596304 0.16047503685280184 0.15069270427596304 0.10071781480511673 0.010026044917845619 0.010246177999862873 0.010026044917845619 0.012960312704473015 0.015492833116560334 0.016174651689480502 0.015492833116560334 0.012960312704473015 0.003820008611691413 0.0037015779653345447 0.003820008611691416 0.0034281486975425504 0.0033925546615102293 0.003232579689196845 0.003392554661510228 0.0034281486975425504 0.0009180999751795789 0.0008921936876249002 0.0009180999751795789 0.0008393568356213481 0.0008412917608704043 0.0008062505111784875 0.0008412917608704043 0.0008393568356213481
0.05946687186206659 0.0750963035384896 0.05946687186206659 0.11748331961490156 0.1453136815139375 0.17036431826473356 0.1453136815139375 0.11748331961490156 0.008989313739059316 0.010145501308954209 0.008989313739059316 0.012756245919519132 0.014334039461261716 0.01563967007475908 0.014334039461261716 0.012756245919519132 0.0015561213210325952 0.0014858777019985281 0.001556121321032595 0.0012563380248824846 0.0011430204868107753 0.0011183784806684358 0.0011430204868107753 0.0012563380248824846 0.0002138338408160961 0.0002209092444205523 0.0002138338408160961 0.00019033444491091923 0.00017202581526384614 0.000178749297050946 0.00017202581526384614 0.00019033444491091923
0.05752428490666819 0.08195860843236501 0.05752428490666819 0.11176622619911225 0.1397134810193406 0.18767320149584152 0.1397134810193406 0.11176622619911225 0.008279062583553605 0.009470875075524474 0.008279062583553605 0.011735500595584107 0.013385831585873937 0.01492541336888453 0.013385831585873937 0.011735500595584107 0.0024223826139767707 0.0023934812617382372 0.0024223826139767694 0.002107681138988416 0.0019806665860172138 0.001976700829907703 0.001980666586017214 0.002107681138988416 0.0005096907767073911 0.0005091047554965989 0.0005096907767073911 0.0004599913128139286 0.0004426075106129163 0.000437801121743203 0.0004426075106129163 0.0004599913128139286
0.05808140134459176 0.0512925960276288 0.05808140134459176 0.1031713644627238 0.15608541127400322 0.1395026315223994 0.15608541127400322 0.1031713644627238 0.01265893914565074 0.011783320577238701 0.01265893914565074 0.017020840073243466 0.021318726455267074 0.019984964570527057 0.021318726455267074 0.017020840073243466 0.004305027397287682 0.004433080944184584 0.004305027397287681 0.003812792443054952 0.003453910875498473 0.0035611512649058505 0.0034539108754984764 0.003812792443054952 0.001265950627834061 0.0012755037407932333 0.001265950627834061 0.0011871044240884493 0.0011434217327822985 0.00115697084027039 0.0011434217327822985 0.0011871044240884493
0.06683229213961611 0.08191026336003783 0.06683229213961611 0.11730166088652559 0.13099038911165145 0.16308414706535312 0.13099038911165145 0.11730166088652559 0.011197739128984117 0.011126213470956539 0.011197739128984117 0.014615773254804914 0.01606775805538814 0.016275433430889264 0.01606775805538814 0.014615773254804914 0.0016754951377812948 0.0019138151059718562 0.0016754951377812937 0.0014155588727332571 0.0012685446866130008 0.0014664895226331341 0.0012685446866130016 0.0014155588727332571 0.00020243479239490146 0.00021816750868845292 0.00020243479239490146 0.00017769449602022828 0.00016857153518419783 0.00017764634007547416 0.00016857153518419783 0.00017769449602022828
0.07766196121595607 0.06084730245855779 0.07766196121595607 0.11066842124035202 0.1515019990532782 0.13407071651402563 0.1515019990532782 0.11066842124035202 0.011060285729399407 0.009748933464492597 0.011060285729399407 0.01351746696287084 0.015595418703482078 0.014811658194838317 0.015595418703482078 0.01351746696287084 0.002331523975944594 0.002347517677029181 0.0023315239759445945 0.0020723347388916192 0.002064298089998786 0.0019668405072236625 0.0020642980899987858 0.0020723347388916192 0.00045074545477160515 0.0004032544991032478 0.00045074545477160515 0.0003842858016365099 0.00041754314450263033 0.00035120846256086525 0.00041754314450263033 0.0003842858016365099
0.051797526894120385 0.07141494517786645 0.051797526894120385 0.11185136776088722 0.14234929652308265 0.17753306587056947 0.14234929652308265 0.11185136776088722 0.009048817057175002 0.012095181467471459 0.009048817057175002 0.014927824644041863 0.01541653318893609 0.019648761359788467 0.01541653318893609 0.014927824644041863 0.0037502599805716115 0.0031987588313018007 0.0037502599805716115 0.002856465878517332 0.0029066726424460316 0.0023964781267904636 0.0029066726424460316 0.002856465878517332 0.0005825664755076578 0.0005095408619634522 0.0005825664755076578 0.0004596430729397669 0.0004554616284407771 0.0003983968109156506 0.0004554616284407771 0.0004596430729397669
0.06878840520619607 0.05512324266483166 0.06878840520619607 0.1062395585785406 0.18858676835046745 0.13495124345185927 0.18858676835046745 0.1062395585785406 0.005759167930223862 0.005622843400871534 0.005759167930223862 0.007184623582244294 0.009726398054917863 0.00856991680648287 0.009726398054917863 0.007184623582244294 0.0020686214306075918 0.002039484948460135 0.002068621430607591 0.0019368136975314884 0.0018452416977302688 0.0018493905920831336 0.0018452416977302684 0.0019368136975314884 0.0009711526823097552 0.0009746490167438486 0.0009711526823097552 0.0009366717727284942 0.0009277879618587037 0.0009268072279546371 0.0009277879618587037 0.0009366717727284942
0.06861906550216505 0.08960364617341926 0.06861906550216505 0.10780364569525419 0.1401279046982791 0.16579033739915716 0.1401279046982791 0.10780364569525419 0.008827467254413532 0.010748871779943239 0.008827467254413532 0.01191443636074526 0.012934589629220235 0.014957353246452441 0.012934589629220235 0.01191443636074526 0.0022061878862370665 0.0019280383698981815 0.002206187886237066 0.0018159187196459547 0.0018904092192589316 0.0015988946345098206 0.0018904092192589313 0.0018159187196459547 0.00042920547771094084 0.0003787440434265092 0.00042920547771094084 0.0003658140823306727 0.00039477020903297736 0.0003352848846054892 0.00039477020903297736 0.0003658140823306727
0.06118140526895335 0.08624387150163422 0.06118140526895335 0.11476142361713658 0.12298518314731424 0.1653282982289414 0.12298518314731424 0.11476142361713658 0.012673237740060087 0.014886458092253441 0.012673237740060087 0.017752467760329148 0.01831661667420652 0.02098608762352195 0.01831661667420652 0.017752467760329148 0.0022285702311292017 0.002016410171750896 0.0022285702311292013 0.0017090931471396124 0.001686025212735026 0.001542694459194231 0.0016860252127350265 0.0017090931471396124 0.000342385617858817 0.0003142737784397876 0.000342385617858817 0.00028580966174647005 0.00028474225247171757 0.0002679854821025997 0.00028474225247171757 0.00028580966174647005
0.05807579026425681 0.07260184933180233 0.05807579026425681 0.11330095108100081 0.14177175173381032 0.16143091379893107 0.14177175173381032 0.11330095108100081 0.011176902752011258 0.012415535254792514 0.011176902752011258 0.016047708100920446 0.017752940014326434 0.018815037453470053 0.017752940014326434 0.016047708100920446 0.0023751001081167558 0.0022655998513859727 0.002375100108116756 0.001879618400289534 0.0017949851636619013 0.0017546693313757289 0.0017949851636619026 0.001879618400289534 0.0003245171900857743 0.00033345772576358546 0.0003245171900857743 0.00028532050269114336 0.0002667227855011251 0.00027832105913413346 0.0002667227855011251 0.00028532050269114336
0.06418916113636663 0.045915792768108095 0.06418916113636663 0.10279248697740095 0.1680179872516545 0.12179244723233157 0.1680179872516545 0.10279248697740095 0.012837930481754285 0.011573886584251078 0.012837930481754285 0.017039660541750608 0.020982612862528196 0.019214032205314226 0.020982612862528196 0.017039660541750608 0.00386414839443847 0.003925913387877204 0.0038641483944384684 0.00316830555005639 0.002861295655285377 0.0028714761321350243 0.0028612956552853766 0.00316830555005639 0.0004520690564059098 0.0004537057918459259 0.0004520690564059098 0.000385538676869205 0.00035721034015143713 0.0003559320488128524 0.00035721034015143713 0.000385538676869205
0.06359487768877572 0.08805668927933491 0.06359487768877572 0.11941550755773077 0.13216981015379153 0.1891907211457778 0.13216981015379153 0.11941550755773077 0.008008574476726829 0.00936012726631535 0.008008574476726829 0.011215074809223692 0.011651756502168006 0.014031505539596142 0.011651756502168006 0.011215074809223692 0.0008987328394406631 0.0008209346132877633 0.0008987328394406631 0.0007023495797526122 0.0007071830933963743 0.0006240892966722818 0.0007071830933963739 0.0007023495797526122 0.00016254476865135145 0.00014990724012800771 0.00016254476865135145 0.00014106205178355416 0.00015095717466576445 0.00012916422667396866 0.00015095717466576445 0.00014106205178355416
0.04704925210329231 0.09813621452496946 0.04704925210329231 0.12424419461825749 0.10245731364012158 0.21035038899601324 0.10245731364012158 0.12424419461825749 0.009852400972054575 0.014784774693566996 0.009852400972054575 0.01698170076628365 0.014992924593414779 0.022278502536972247 0.014992924593414779 0.01698170076628365 0.003037433750269718 0.0024766590309292925 0.003037433750269718 0.0022113545264604356 0.002391952647347954 0.0018900361952710108 0.002391952647347954 0.0022113545264604356 0.0005362706861449745 0.0004614346753715763 0.0005362706861449745 0.0004237472320962862 0.0004402791318859204 0.0003843400116469911 0.0004402791318859204 0.0004237472320962862
0.05724452191296207 0.09464924406294747 0.05724452191296207 0.11667661158030311 0.1301809544570069 0.2027793770357416 0.1301809544570069 0.11667661158030311 0.006981254255573865 0.008638982731824688 0.006981254255573865 0.010031686629562409 0.010530988528024232 0.012836770571730074 0.010530988528024232 0.010031686629562409 0.0018915989165825182 0.0018172314719536997 0.0018915989165825184 0.00167263503889758 0.0016953673098985278 0.0016378640892373824 0.0016953673098985271 0.00167263503889758 0.0005014139529485545 0.0004944866597203643 0.0005014139529485545 0.00045851074888264066 0.0004734634599820186 0.00046802979559589213 0.0004734634599820186 0.00045851074888264066
0.06972471311873982 0.06120489631700331 0.06972471311873982 0.10569355921330228 0.15605256879672497 0.14446128966454014 0.15605256879672497 0.10569355921330228 0.010781634030916344 0.010340717028547887 0.010781634030916344 0.013957945783527053 0.01663519260095436 0.01626478569034576 0.01663519260095436 0.013957945783527053 0.0026655037238231477 0.002676611643203742 0.0026655037238231473 0.002236849752325138 0.0020747211680203644 0.0020785960098188313 0.002074721168020364 0.002236849752325138 0.00046528999087349325 0.000465657346003811 0.00046528999087349325 0.00039918124755513955 0.0003776192166756595 0.0003778890136609962 0.0003776192166756595 0.00039918124755513955
0.06931421939411216 0.07922568736623492 0.06931421939411216 0.10992254404349092 0.13495625351668297 0.1629432106632834 0.13495625351668297 0.10992254404349092 0.009847916861403854 0.011809733803596768 0.009847916861403854 0.01372052613521247 0.014289312751646828 0.017760405940913323 0.014289312751646828 0.01372052613521247 0.003127946134655104 0.0026162039119854365 0.003127946134655104 0.0024576094735189033 0.002638974441142621 0.0019938640114162665 0.0026389744411426217 0.0024576094735189033 0.0004753699398506777 0.00036338676189885227 0.0004753699398506777 0.0003485159699636327 0.0004011142260430487 0.0002869017652246206 0.0004011142260430487 0.0003485159699636327
0.05544976506608655 0.06908670371719432 0.05544976506608655 0.10342126778838509 0.1483006078180389 0.17439580803514293 0.1483006078180389 0.10342126778838509 0.009652316827097536 0.01096889795066557 0.009652316827097536 0.01379287216696564 0.01615140683868513 0.0180252919869262 0.01615140683868513 0.01379287216696564 0.004116604236926334 0.004027553048887419 0.004116604236926334 0.003574307591170563 0.003322222665999533 0.0032861514112153003 0.003322222665999534 0.003574307591170563 0.0006383156239754696 0.0006572938323264603 0.0006383156239754696 0.0005695309722651335 0.0005169588983025705 0.0005399470298450041 0.0005169588983025705 0.0005695309722651335
0.06037407293608686 0.08240081864495409 0.06037407293608686 0.11939415384972597 0.13712304299156297 0.18135594514813308 0.13712304299156297 0.11939415384972597 0.008224017987021617 0.00973577657112129 0.008224017987021617 0.01186547128486415 0.012808223940821269 0.014757943731015162 0.012808223940821269 0.01186547128486415 0.0015827389347871812 0.0014852839612752614 0.0015827389347871819 0.0012796266894601529 0.0011853069396165288 0.0011288692997948968 0.0011853069396165288 0.0012796266894601529 0.000204422633247122 0.0002013327995340601 0.000204422633247122 0.00017791371001844215 0.00016541298604032291 0.00016522007766717268 0.00016541298604032291 0.00017791371001844215
0.042826875234889185 0.06422830565836016 0.042826875234889185 0.08741851981124467 0.1209176304221176 0.1963516258419677 0.1209176304221176 0.08741851981124467 0.014967495604648159 0.018695489189576697 0.014967495604648159 0.02253394895906251 0.025932465141355006 0.03300768017592075 0.025932465141355006 0.02253394895906251 0.00765447385347019 0.007007246416715271 0.007654473853470188 0.006159809413708989 0.005747245182038708 0.00519224868724955 0.005747245182038706 0.006159809413708989 0.0010482447574601287 0.0009721836899520852 0.0010482447574601287 0.0008693983018979053 0.0008173548765760262 0.0007582972233194727 0.0008173548765760262 0.0008693983018979053
0.058713343715439924 0.07212261604302865 0.058713343715439924 0.11012018058745446 0.15854180802087792 0.16407276493558323 0.15854180802087792 0.11012018058745446 0.009074410312066603 0.010369175970075495 0.009074410312066603 0.012996101618259703 0.015001307214416422 0.015801095514855455 0.015001307214416422 0.012996101618259703 0.0012040063823791978 0.0010758036666348957 0.0012040063823791985 0.0008907483527668593 0.0008416504234485641 0.0007708928210793058 0.000841650423448564 0.0008907483527668593 0.00014772170519103316 0.00013675042320165952 0.00014772170519103316 0.00012173108719531847 0.00011667215974463119 0.00011153746705998376 0.00011667215974463119 0.00012173108719531847
0.04851303908294859 0.07012136452265244 0.04851303908294859 0.10138403562644946 0.10486149607865679 0.16256972006930767 0.10486149607865679 0.10138403562644946 0.00785744230774811 0.010405569049679462 0.00785744230774811 0.013201230839633834 0.012601305471794678 0.017476357423381494 0.012601305471794678 0.013201230839633834 0.012593425875721315 0.012220124411543286 0.012593425875721313 0.01170013560233083 0.011752289988178085 0.011293188394540417 0.011752289988178085 0.01170013560233083 0.008521652898112471 0.0084020005899841 0.008521652898112471 0.008289545142855534 0.008383759256897067 0.008192959196257607 0.008383759256897067 0.008289545142855534
0.07938969365099256 0.06073534920104582 0.07938969365099256 0.12086252387446889 0.1415114582721423 0.1309193571973389 0.1415114582721423 0.12086252387446889 0.011268509817720379 0.009934085902965684 0.011268509817720379 0.014313016669474796 0.015502887882481107 0.01490873103604381 0.015502887882481107 0.014313016669474796 0.0020995885531910315 0.0022022172426204266 0.002099588553191031 0.0017814474238779048 0.0016925080267045716 0.0017343995724506 0.0016925080267045712 0.0017814474238779048 0.000369761042858739 0.00038711044419664607 0.000369761042858739 0.0003286301779245116 0.00030876695048751674 0.0003211647186894764 0.00030876695048751674 0.0003286301779245116
0.07128850153987759 0.07204154348363133 0.07128850153987759 0.11058810492410973 0.14601961704493543 0.14618193418161463 0.14601961704493543 0.11058810492410973 0.011668423459228621 0.011817808736117423 0.011668423459228621 0.014859089121596432 0.0169671733786558 0.017058397138359323 0.0169671733786558 0.014859089121596432 0.001294257567850605 0.0013162174842200986 0.0012942575678506045 0.0010558460970076314 0.0009496722349039519 0.0009840474096623755 0.0009496722349039519 0.0010558460970076314 0.0001676007337810182 0.00016736836715398678 0.0001676007337810182 0.00014819292577287747 0.00013978585603509233 0.00014015343173130157 0.00013978585603509233 0.00014819292577287747
0.05219236154670739 0.06916837732417133 0.05219236154670739 0.09865509249489358 0.1438446797121044 0.1780669186672792 0.1438446797121044 0.09865509249489358 0.011673104833406093 0.014214191347187344 0.011673104833406093 0.01752368771493843 0.019702884997950323 0.023174215520370328 0.019702884997950323 0.01752368771493843 0.0038594558188043654 0.0033534048847119326 0.0038594558188043667 0.0028677016469460383 0.002881874736753542 0.0024473292328522794 0.0028818747367535423 0.0028677016469460383 0.0004800834415402821 0.0004101830933109434 0.0004800834415402821 0.0003663642056864262 0.00037378619655043687 0.0003232252375540101 0.00037378619655043687 0.0003663642056864262
0.07717658883399996 0.0706447023767907 0.07717658883399996 0.11235611136960016 0.16024241389968974 0.14127330251528802 0.16024241389968974 0.11235611136960016 0.007574259005950317 0.007105899767545107 0.007574259005950317 0.009331561939254033 0.011224384548473899 0.010332959239153543 0.011224384548473899 0.009331561939254033 0.0015057088105514917 0.001532858596407489 0.0015057088105514913 0.0013673397445653987 0.0013146580569458363 0.0013285821042160779 0.001314658056945836 0.0013673397445653987 0.00046620812255690204 0.0004639563274945876 0.00046620812255690204 0.00044197455361957735 0.00044004766614641537 0.000435225970396959 0.00044004766614641537 0.00044197455361957735
0.056172060110757746 0.057680946375137265 0.056172060110757746 0.08969808005667705 0.14244492879012355 0.1433151865248953 0.14244492879012355 0.08969808005667705 0.009322745864769586 0.008203277960495005 0.009322745864769586 0.012526876615520153 0.016308102520692598 0.014258162078785788 0.016308102520692598 0.012526876615520153 0.010995005158102067 0.01137717753629037 0.010995005158102067 0.010395746762126078 0.009938560484915773 0.010375240641936859 0.009938560484915775 0.010395746762126078 0.0050026479611279175 0.005010668099628147 0.0050026479611279175 0.004850983023285676 0.004821432916254046 0.004825000254126778 0.004821432916254046 0.004850983023285676
0.05698918217670101 0.05481503802605471 0.05698918217670101 0.11114986727590621 0.15027789853349988 0.15874651231274237 0.15027789853349988 0.11114986727590621 0.010432258582473115 0.011300509788294557 0.010432258582473115 0.016247244452562894 0.017506255582818556 0.019550419902571767 0.017506255582818556 0.016247244452562894 0.004047174145058125 0.0037738202816400526 0.004047174145058124 0.0030624422627864205 0.0030877287032140995 0.0028274357566724926 0.0030877287032141008 0.0030624422627864205 0.0005048397760034403 0.0004569315920585712 0.0005048397760034403 0.00038721423776522524 0.000395096787813814 0.00035492730675995956 0.000395096787813814 0.00038721423776522524
0.07613367101837175 0.07603474444361495 0.07613367101837175 0.1199411709389863 0.14956143619741927 0.1565156618896779 0.14956143619741927 0.1199411709389863 0.006856080400363476 0.006674014552812692 0.006856080400363476 0.008662621902785106 0.009785621723635488 0.009826517840324166 0.009785621723635488 0.008662621902785106 0.0009075806186743361 0.0009227893999642901 0.0009075806186743361 0.0008172589126485443 0.0007791191939955056 0.000780697577779134 0.0007791191939955055 0.0008172589126485443 0.0003126144395392351 0.00031179345677329756 0.0003126144395392351 0.0002882797050785487 0.0002818560133680914 0.00027915870932213976 0.0002818560133680914 0.0002882797050785487
0.056325419596737744 0.0701888544265308 0.056325419596737744 0.10648931260245635 0.14196276058684115 0.15540624751999488 0.14196276058684115 0.10648931260245635 0.012035274743224942 0.013275974110560893 0.012035274743224942 0.01720461000042497 0.01964673832980039 0.02098389563014584 0.01964673832980039 0.01720461000042497 0.004250746247476103 0.0039785523042131805 0.0042507462474761 0.0034086333665953894 0.0033549066398757647 0.0029950104061339223 0.0033549066398757647 0.0034086333665953894 0.0005573570818368572 0.0005123594641002242 0.0005573570818368572 0.0004453198447238716 0.00044572617876033696 0.0004054957008125707 0.00044572617876033696 0.0004453198447238716
0.0499551682951084 0.09104695143214606 0.0499551682951084 0.11991725184546448 0.12579920261296829 0.20056038596541048 0.12579920261296829 0.11991725184546448 0.008437611364653952 0.012429503088947509 0.008437611364653952 0.014206009730955156 0.013570625202545344 0.018586206137008173 0.013570625202545344 0.014206009730955156 0.0018844560697782117 0.001385951509469093 0.0018844560697782117 0.0012739149124500909 0.0014373716461667661 0.0010419955468602131 0.0014373716461667657 0.0012739149124500909 0.000313364133900597 0.00023035088719566789 0.000313364133900597 0.00021992981912513063 0.0002481845104511633 0.0001924751458276688 0.0002481845104511633 0.00021992981912513063
0.05989736015640103 0.049296029666657575 0.05989736015640103 0.10071685683315483 0.15610034533944497 0.1222684688341752 0.15610034533944497 0.10071685683315483 0.01361123977500828 0.012390241958903325 0.01361123977500828 0.018229796731579196 0.022618806760240907 0.02033044880528435 0.022618806760240907 0.018229796731579196 0.006237338294482014 0.006433521248926088 0.006237338294482015 0.005463403443838547 0.004975400184700377 0.005186400118160122 0.004975400184700377 0.005463403443838547 0.0011018230228858619 0.0011444809135312001 0.0011018230228858619 0.001030664476411856 0.0009813002724019884 0.0010217378732624003 0.0009813002724019884 0.001030664476411856
0.08380240959409914 0.06225542836721053 0.08380240959409914 0.11190528123662413 0.14829887869571767 0.13469893241382105 0.14829887869571767 0.11190528123662413 0.01148736195469324 0.009920691438737594 0.01148736195469324 0.013708703966446776 0.015912368966555124 0.014882073932982942 0.015912368966555124 0.013708703966446776 0.0009591643420565739 0.00106991985676128 0.0009591643420565745 0.0007973216653814742 0.0006935185878293211 0.0007637886456863915 0.000693518587829321 0.0007973216653814742 0.00017242359501715097 0.0001811044218406713 0.00017242359501715097 0.00015541325428326211 0.00014640021196091722 0.00014956878163005266 0.00014640021196091722 0.00015541325428326211
0.06345349084126178 0.06351583472256553 0.06345349084126178 0.12148145273582364 0.14877134029363062 0.15693931832515615 0.14877134029363062 0.12148145273582364 0.007442657169916171 0.007457530461678495 0.007442657169916171 0.010248813521123728 0.011578361860577516 0.011749342743795238 0.011578361860577516 0.010248813521123728 0.0029288412438075073 0.0029718617263514093 0.002928841243807508 0.002718509153716938 0.0026105062408853176 0.0026566999079726886 0.002610506240885318 0.002718509153716938 0.001544281683253627 0.0015487261195209123 0.001544281683253627 0.0015229269534118837 0.0015190739638582633 0.0015201746704256477 0.0015190739638582633 0.0015229269534118837
0.09648202425350311 0.05079903728120705 0.09648202425350311 0.11647535242288366 0.16079551746486376 0.10694775017784101 0.16079551746486376 0.11647535242288366 0.009663283752791546 0.007061078425062626 0.009663283752791546 0.010808666781537636 0.013217873303550062 0.010583524435120914 0.013217873303550062 0.010808666781537636 0.0010976721367872181 0.0012717771186588796 0.0010976721367872177 0.000999111047980347 0.0008529461481048698 0.0009825683710663884 0.00085294614810487 0.000999111047980347 0.0002069308588376777 0.00022742191044636595 0.0002069308588376777 0.00019227042622469343 0.00017599721050736206 0.00019155066545259493 0.00017599721050736206 0.00019227042622469343
0.0723974964187909 0.07174166924640579 0.0723974964187909 0.11560895050795537 0.13019347919617058 0.13554628141870134 0.13019347919617058 0.11560895050795537 0.011757978279819016 0.011299500087425767 0.011757978279819016 0.015435393962606302 0.016337214096585465 0.016771312526227964 0.016337214096585465 0.015435393962606302 0.004375346040336676 0.004364017789496724 0.0043753460403366745 0.003815636780283243 0.0038375524943233237 0.0036165830131506278 0.0038375524943233255 0.003815636780283243 0.0012371530584160385 0.0012598624909639275 0.0012371530584160385 0.0010968150446231779 0.0010846315384061942 0.001045478590995262 0.0010846315384061942 0.0010968150446231779
0.08067414248715042 0.05236370114878898 0.08067414248715042 0.11132670101068921 0.1694291848504695 0.13871142267237493 0.1694291848504695 0.11132670101068921 0.007315773499818519 0.006406079666338826 0.007315773499818519 0.00920237403152543 0.011349884858131284 0.010506207930951653 0.011349884858131284 0.00920237403152543 0.0015707037121654476 0.0016028652242694303 0.001570703712165447 0.001379127781916952 0.0012564328451273082 0.0012987827170227847 0.0012564328451273089 0.001379127781916952 0.00028422282000849073 0.00028976793680658014 0.00028422282000849073 0.00025515114667987025 0.0002425912113846636 0.0002485921933125306 0.0002425912113846636 0.00025515114667987025
0.07051965244631453 0.08012844403121713 0.07051965244631453 0.11419812663420034 0.14508683525464686 0.15483681237080088 0.14508683525464686 0.11419812663420034 0.010063779221017696 0.010571716726338993 0.010063779221017696 0.012888675923116493 0.014512627231723163 0.014824565501190767 0.014512627231723163 0.012888675923116493 0.00065826903427427 0.0006339932155422915 0.0006582690342742701 0.0005153376298728562 0.00047975393985415525 0.00046736006554902644 0.00047975393985415514 0.0005153376298728562 9.491602086475174e-05 9.3968522769153e-05 9.491602086475174e-05 8.409496560352175e-05 7.97483280005957e-05 7.950630761326858e-05 7.97483280005957e-05 8.409496560352175e-05
0.08295143068913448 0.05815301997058683 0.08295143068913448 0.1077191651481051 0.16190117057322076 0.131749727779599 0.16190117057322076 0.1077191651481051 0.010124107258043422 0.008825495455206412 0.010124107258043422 0.01207871526123738 0.014862077850709894 0.013814723941338907 0.014862077850709894 0.01207871526123738 0.0010675656194204697 0.0010922359352353844 0.0010675656194204695 0.0008754179018873383 0.000751463282520333 0.0007454349750539704 0.0007514632825203331 0.0008754179018873383 0.0001326929626034203 0.0001364519716688861 0.0001326929626034203 0.00011738820418250807 0.00010632024444118206 0.00010787998029805434 0.00010632024444118206 0.00011738820418250807
0.056226810880163874 0.08764767377193107 0.056226810880163874 0.11077959443567868 0.13262163918470776 0.19779057281522494 0.13262163918470776 0.11077959443567868 0.008584101297437332 0.010297255154579308 0.008584101297437332 0.012288398920901758 0.013595307189799925 0.01603428558589712 0.013595307189799925 0.012288398920901758 0.0024347734670839265 0.002374889026659444 0.002434773467083928 0.0020475813962776033 0.001931508653539844 0.0019001317816642559 0.0019315086535398444 0.0020475813962776033 0.0004028216792060874 0.0004146933608944088 0.0004028216792060874 0.00035500525490913317 0.00033140502956707633 0.00034260372460351686 0.00033140502956707633 0.00035500525490913317
0.061418345219911026 0.06679850732976741 0.061418345219911026 0.09618758951068648 0.1603230809335575 0.17066047010145385 0.1603230809335575 0.09618758951068648 0.010001302170621831 0.010635517575815098 0.010001302170621831 0.012896112540329976 0.016353713277271958 0.01712029709662904 0.016353713277271958 0.012896112540329976 0.002605486964608812 0.0024653344260513006 0.0026054869646088114 0.0021704991389330597 0.002019126798319737 0.001898028041528064 0.0020191267983197384 0.0021704991389330597 0.00035067566535936163 0.0003353172532350018 0.00035067566535936163 0.0002986700018465273 0.0002825901496720086 0.00027214343328355956 0.0002825901496720086 0.0002986700018465273
