0.08356647650635964 0.09549191875526866 0.08356647650635964 0.12322921006160285 0.14174561375684253 0.15408123099065074 0.14174561375684253 0.12322921006160285 0.005382027119056554 0.006013412162753072 0.005382027119056554 0.006618794581248293 0.006998883496194354 0.007587509710363105 0.006998883496194354 0.006618794581248293 0.0002205537525394952 0.0001828129444026937 0.00022055375253949525 0.00017585019468391587 0.00018313068435760237 0.00015311125224495538 0.00018313068435760232 0.00017585019468391587 3.448650736880592e-05 3.061467503084054e-05 3.448650736880592e-05 2.9767657552720184e-05 3.0741348665742636e-05 2.831817634096321e-05 3.0741348665742636e-05 2.9767657552720184e-05
0.08746416810928613 0.08855569417081438 0.08746416810928613 0.12062983758246573 0.13613417307424827 0.1521326187537501 0.13613417307424827 0.12062983758246573 0.006736883906257172 0.007610488491166122 0.006736883906257172 0.008569120825525233 0.008377051016197198 0.009786875731249083 0.008377051016197198 0.008569120825525233 0.0008052847584370577 0.0006403215219272054 0.0008052847584370575 0.0006093160303136308 0.000689205611669356 0.000521598986280084 0.0006892056116693561 0.0006093160303136308 0.00010438050506526768 8.633692703441094e-05 0.00010438050506526768 8.419978269944093e-05 9.070922434930145e-05 7.740456475114208e-05 9.070922434930145e-05 8.419978269944093e-05
0.08316009228996393 0.08022204442349827 0.08316009228996393 0.10659320467731384 0.17220354611118432 0.15294812171459943 0.17220354611118432 0.10659320467731384 0.00419386260713705 0.004489642668604675 0.00419386260713705 0.00475760092945036 0.006423002230983846 0.006160958841136526 0.006423002230983846 0.00475760092945036 0.00018730103777540717 0.00017034773153531055 0.00018730103777540722 0.00017049811105409156 0.0001395126131437252 0.00013719799670164728 0.0001395126131437252 0.00017049811105409156 2.936954171966062e-05 2.7001099236606198e-05 2.936954171966062e-05 2.744138679968914e-05 2.467419062599049e-05 2.4474070383587227e-05 2.467419062599049e-05 2.744138679968914e-05
0.07625601741583536 0.06761186479398211 0.07625601741583536 0.11884693636611102 0.15637222824296457 0.14325967230612024 0.15637222824296457 0.11884693636611102 0.007931996882176096 0.007532861773775098 0.007931996882176096 0.010539093662648422 0.011528522807081809 0.01138012533717875 0.011528522807081809 0.010539093662648422 0.0009464756752562431 0.000911900257727893 0.0009464756752562433 0.0007281447001487194 0.0007322079162208749 0.0006768786361325528 0.000732207916220875 0.0007281447001487194 0.00012146441551802304 0.00011873827603273877 0.00012146441551802304 0.00010094488003329824 0.00010115185598797831 9.75889790858176e-05 0.00010115185598797831 0.00010094488003329824
0.06180693510752436 0.08946393226921097 0.06180693510752436 0.12720927304131843 0.1352322995612848 0.19627226378853493 0.1352322995612848 0.12720927304131843 0.0056482445425873 0.0070337671550700625 0.0056482445425873 0.008387761094733982 0.008332491406890876 0.010522864672027336 0.008332491406890876 0.008387761094733982 0.0004627497335230364 0.0004076438893937458 0.00046274973352303635 0.00034810250152021195 0.0003455090815205767 0.00030588282642872206 0.00034550908152057656 0.00034810250152021195 6.305353790907688e-05 5.883732052306803e-05 6.305353790907688e-05 5.3085015838475494e-05 5.3133560930549284e-05 4.953170764784775e-05 5.3133560930549284e-05 5.3085015838475494e-05
0.07609412745342589 0.08145685105931974 0.07609412745342589 0.1255110700293492 0.14755858596491916 0.16472254821586285 0.14755858596491916 0.1255110700293492 0.0052262395650230385 0.005580782560081565 0.0052262395650230385 0.00711701679789221 0.007362606649213072 0.007985944835874744 0.007362606649213072 0.00711701679789221 0.0003101578413867161 0.0002737449787199344 0.0003101578413867161 0.00023355191027399287 0.0002521598971063185 0.0002136229286849987 0.0002521598971063186 0.00023355191027399287 5.990114725617502e-05 5.448783115289946e-05 5.990114725617502e-05 5.178843037418387e-05 5.521570387341462e-05 4.7174810116656307e-05 5.521570387341462e-05 5.178843037418387e-05
0.08837324148570974 0.09132588202664316 0.08837324148570974 0.1276674918371468 0.14006117884207406 0.1520633055777736 0.14006117884207406 0.1276674918371468 0.0044950326180031065 0.004676889639329282 0.0044950326180031065 0.005661517431374754 0.005824093711984044 0.006182332561715048 0.005824093711984044 0.005661517431374754 0.0001962205845735163 0.00017304370391055588 0.00019622058457351634 0.00015654414840121606 0.00016398752246494884 0.0001491384146879047 0.00016398752246494895 0.00015654414840121606 3.24520918045603e-05 2.85963976146694e-05 3.24520918045603e-05 2.7161320864399974e-05 2.848047787030135e-05 2.6007533782907723e-05 2.848047787030135e-05 2.7161320864399974e-05
0.07632835014809738 0.08063344010941366 0.07632835014809738 0.11003006357089856 0.16102281897182702 0.16510675323294213 0.16102281897182702 0.11003006357089856 0.004928774738477325 0.0053550031188086145 0.004928774738477325 0.006295642454854772 0.007544467229559304 0.008145435449581238 0.007544467229559304 0.006295642454854772 0.001038817061113887 0.0009598072702403642 0.0010388170611138866 0.0008792164942806156 0.0008587562389168025 0.0007691071855188379 0.0008587562389168024 0.0008792164942806156 0.00016569506319028134 0.00015119072167399147 0.00016569506319028134 0.00014128212610598477 0.000142306443153109 0.0001268818308709337 0.000142306443153109 0.00014128212610598477
0.08195926706033456 0.09437838591621128 0.08195926706033456 0.12007515730799224 0.1468146895271968 0.16904810779180296 0.1468146895271968 0.12007515730799224 0.003562856150178059 0.004410621906165819 0.003562856150178059 0.004944513475173068 0.004939607744736628 0.006073818792371596 0.004939607744736628 0.004944513475173068 0.00020142193252906573 0.00014002783077718438 0.00020142193252906576 0.00013228110183516778 0.0001658222119576291 0.00011108114376086567 0.0001658222119576291 0.00013228110183516778 3.5652684867663866e-05 2.9695512669016414e-05 3.5652684867663866e-05 2.8619717188190653e-05 3.175073009300278e-05 2.4981818077135273e-05 3.175073009300278e-05 2.8619717188190653e-05
0.06476891865170976 0.07267269976500172 0.06476891865170976 0.10616243646768254 0.1658961202350986 0.18572422112064962 0.1658961202350986 0.10616243646768254 0.005780099967239209 0.006806738386602331 0.005780099967239209 0.007923294502240549 0.009389686654949055 0.010941391344140789 0.009389686654949055 0.007923294502240549 0.0005737133437908619 0.00044581408126531403 0.000573713343790862 0.00040164585528234344 0.000402421645508254 0.0003026175199220326 0.00040242164550825403 0.00040164585528234344 7.448072173550225e-05 6.489147495625343e-05 7.448072173550225e-05 6.114179703874428e-05 6.0250671731326305e-05 5.320527944838468e-05 6.0250671731326305e-05 6.114179703874428e-05
0.06752061718904454 0.08561686537939223 0.06752061718904454 0.1250055415554859 0.1481253432515846 0.18629163221291792 0.1481253432515846 0.1250055415554859 0.004134212322364913 0.004788614324579639 0.004134212322364913 0.00594741312746859 0.006403739295741102 0.007456672358692275 0.006403739295741102 0.00594741312746859 0.00021671778623157372 0.00019150962955756968 0.00021671778623157367 0.0001560009246009633 0.00015303246651373034 0.00013049680923596949 0.00015303246651373026 0.0001560009246009633 2.8764785944578717e-05 2.6179045355361683e-05 2.8764785944578717e-05 2.3421130163137384e-05 2.3442596980480786e-05 2.1537376020796793e-05 2.3442596980480786e-05 2.3421130163137384e-05
0.08142760612482353 0.11729131709866569 0.08142760612482353 0.12189726048020504 0.13513828903979855 0.16421209976070705 0.13513828903979855 0.12189726048020504 0.004114258248016125 0.005249271307513395 0.004114258248016125 0.005235127578756461 0.00545875940979049 0.00630249211523217 0.00545875940979049 0.005235127578756461 5.5116154928710674e-05 3.7326825153013275e-05 5.51161549287107e-05 3.7552836021091746e-05 4.054310487590239e-05 2.9297758729248518e-05 4.054310487590239e-05 3.7552836021091746e-05 9.597368169375244e-06 8.503055643944962e-06 9.597368169375244e-06 8.350799339157093e-06 8.437744672277798e-06 7.894299562001377e-06 8.437744672277798e-06 8.350799339157093e-06
0.07194074168600578 0.08424344975128363 0.07194074168600578 0.11933367096390585 0.15088817383735748 0.1621564266485904 0.15088817383735748 0.11933367096390585 0.006239661188472024 0.006819594316905387 0.006239661188472024 0.008147169962161034 0.009102315743267616 0.009542923926258415 0.009102315743267616 0.008147169962161034 0.0006876370469513963 0.0006506912536871283 0.0006876370469513958 0.0005701927756836152 0.0005394345073023281 0.0005215510432865048 0.0005394345073023283 0.0005701927756836152 0.00015892134689670086 0.00015396185310065846 0.00015892134689670086 0.00014231553432489619 0.00013742612035664426 0.00013607978151713572 0.00013742612035664426 0.00014231553432489619
0.07658189894113966 0.10135277070443796 0.07658189894113966 0.13764413821534102 0.1262319968246161 0.16923979500126315 0.1262319968246161 0.13764413821534102 0.004190293899665882 0.005189522384203984 0.004190293899665882 0.006042975772218453 0.005538624727462851 0.006814956157464232 0.005538624727462851 0.006042975772218453 0.0005571171298176135 0.0004947900586478776 0.0005571171298176139 0.00046652312464256124 0.0004882228128396635 0.00043832168342308536 0.0004882228128396636 0.00046652312464256124 0.00013472370526812713 0.00012377899128630402 0.00013472370526812713 0.00011880726962841824 0.00012121665788902027 0.00011298685821452343 0.00012121665788902027 0.00011880726962841824
0.06076572178205655 0.12099111986135866 0.06076572178205655 0.13695105575959773 0.10432283715112617 0.20149585964896327 0.10432283715112617 0.13695105575959773 0.005637298559302205 0.008969825361616657 0.005637298559302205 0.009580706445818037 0.007632932444157115 0.012011187423899013 0.007632932444157115 0.009580706445818037 0.0009025193229959659 0.000666989807062748 0.0009025193229959661 0.0006279581450736348 0.0007473849603195537 0.000545874185888636 0.0007473849603195542 0.0006279581450736348 0.000146074614786168 0.0001148478061151774 0.000146074614786168 0.00011045237498945865 0.00012683966769026515 0.00010073344927021688 0.00012683966769026515 0.00011045237498945865
0.07230077588916149 0.08859860327982964 0.07230077588916149 0.11734831230386927 0.1466465049893804 0.1783805964252054 0.1466465049893804 0.11734831230386927 0.004713784006891336 0.005011176430722641 0.004713784006891336 0.006310652021811604 0.006809506896441673 0.0074725550945873 0.006809506896441673 0.006310652021811604 0.0012716545893978017 0.0013108967205665055 0.001271654589397802 0.0011391262333067076 0.0011584700820884103 0.0011790661114347957 0.0011584700820884103 0.0011391262333067076 0.0003431088197686269 0.00036804392965060696 0.0003431088197686269 0.0003129733172921233 0.000316091708026998 0.00033714029313032393 0.000316091708026998 0.0003129733172921233
0.09292815895872732 0.097496288110355 0.09292815895872732 0.1289501639734071 0.13035438055565876 0.14407012190525217 0.13035438055565876 0.1289501639734071 0.005812878705742436 0.005958587021192114 0.005812878705742436 0.007023605998971615 0.006943222001352055 0.007347546807426702 0.006943222001352055 0.007023605998971615 0.00013586064096766001 0.00012043016598283042 0.00013586064096766001 9.887329586604766e-05 0.00011442577960412902 9.612154451360495e-05 0.00011442577960412902 9.887329586604766e-05 2.5243594085885834e-05 2.3984371640428788e-05 2.5243594085885834e-05 2.237212739694444e-05 2.3282422254412163e-05 2.1983965568209812e-05 2.3282422254412163e-05 2.237212739694444e-05
0.10101280747759488 0.07218461166381954 0.10101280747759488 0.117236076788496 0.16347274142061283 0.12491319296202463 0.16347274142061283 0.117236076788496 0.004035468345096653 0.00320419237994508 0.004035468345096653 0.004408958950344162 0.005287188238112125 0.004480933702397067 0.005287188238112125 0.004408958950344162 0.0004107956053882849 0.0004255866543818969 0.0004107956053882849 0.00039347452209328326 0.0003849167500907374 0.00039129565905221986 0.0003849167500907375 0.00039347452209328326 0.00014437216948164007 0.0001453105523950713 0.00014437216948164007 0.00013692640024606277 0.00013521372184613353 0.00013699564717893555 0.00013521372184613353 0.00013692640024606277
0.08497915768329732 0.07984711120147173 0.08497915768329732 0.12685672075683638 0.15041983518461868 0.14549044101066075 0.15041983518461868 0.12685672075683638 0.004232650026772083 0.004112116840797872 0.004232650026772083 0.005694413884094926 0.005992376558502612 0.005810960704928679 0.005992376558502612 0.005694413884094926 0.0009373988132663926 0.0009704856383881029 0.0009373988132663928 0.0008089631288739237 0.000808027847663676 0.0008609874987788507 0.0008080278476636761 0.0008089631288739237 0.00018859989004929158 0.00021131278106790606 0.00018859989004929158 0.00016884105301473624 0.00016653294879151082 0.00018954877234311508 0.00016653294879151082 0.00016884105301473624
0.06596658067241142 0.06774413017516982 0.06596658067241142 0.10844365858832407 0.16435323410614813 0.16482847226819397 0.16435323410614813 0.10844365858832407 0.005257309255957611 0.005378859022721694 0.005257309255957611 0.007086723848822174 0.008609787934495485 0.008746660538850962 0.008609787934495485 0.007086723848822174 0.004100891966689379 0.004042840614252619 0.004100891966689378 0.0038767336113303724 0.0038572737337794903 0.0037452361540476816 0.0038572737337794903 0.0038767336113303724 0.000287185312221254 0.00020183358769018585 0.000287185312221254 0.00034608460403028665 0.0003500961962449707 0.00024084797816380905 0.0003500961962449707 0.00034608460403028665
0.07271945416647387 0.08826202983872897 0.07271945416647387 0.11227779053253917 0.15586652852151178 0.1857029507810552 0.15586652852151178 0.11227779053253917 0.0031556512117314243 0.003566226706603055 0.0031556512117314243 0.004022980164555123 0.00484212853855255 0.005485203794818111 0.00484212853855255 0.004022980164555123 0.0007623562258131537 0.0007524947483823645 0.0007623562258131537 0.000743538398767168 0.000734771547455195 0.0007250390014743503 0.0007347715474551947 0.000743538398767168 0.0006651456435578822 0.0006609181046149872 0.0006651456435578822 0.0006551310602937893 0.0006532727813368978 0.0006476394391468901 0.0006532727813368978 0.0006551310602937893
0.0765551098927938 0.08619581195142649 0.0765551098927938 0.11556261634983439 0.15483888432879392 0.17587919555887788 0.15483888432879392 0.11556261634983439 0.0036660285707501316 0.004011812987417502 0.0036660285707501316 0.004680037647493165 0.005482311945503344 0.0060385066488037615 0.005482311945503344 0.004680037647493165 0.00046969191056114623 0.0004548088100448607 0.00046969191056114623 0.00044507345940343065 0.0004374099076100988 0.0004215254937366986 0.0004374099076100989 0.00044507345940343065 0.0003490237079309489 0.0003430036395157945 0.0003490237079309489 0.0003382896976889106 0.0003379198005661786 0.0003305404723181165 0.0003379198005661786 0.0003382896976889106
0.07574842386006406 0.08610624484181437 0.07574842386006406 0.11529133862399657 0.15765759076882263 0.1743734468115057 0.15765759076882263 0.11529133862399657 0.003518023210686397 0.003760411644094392 0.003518023210686397 0.004412609457540933 0.005259471556885087 0.005620938500862509 0.005259471556885087 0.004412609457540933 0.00047810893569177605 0.00047012564435831313 0.0004781089356917761 0.0004535850752661861 0.0004478937153479598 0.0004392955091718294 0.0004478937153479598 0.0004535850752661861 0.0003460278223493518 0.00034154605039268116 0.0003460278223493518 0.0003325541938765993 0.00033410942595855686 0.00032851770482781906 0.00033410942595855686 0.0003325541938765993
0.07839983791027365 0.08166069070466406 0.07839983791027365 0.11956428653131225 0.1585407795147815 0.16629017760704312 0.1585407795147815 0.11956428653131225 0.003312813033704703 0.0034817640678034456 0.003312813033704703 0.004200417439502322 0.004957777291325884 0.0052062203067233465 0.004957777291325884 0.004200417439502322 0.0003938050835418008 0.0003847904461760199 0.00039380508354180076 0.00037599657824760255 0.00036898464315209873 0.00035998802630624456 0.0003689846431520987 0.00037599657824760255 0.00030435880691210947 0.00030142785742735947 0.00030435880691210947 0.00029740990456825466 0.00029529811328455284 0.0002914112826428951 0.00029529811328455284 0.00029740990456825466
0.09119719669468425 0.09529794126433443 0.09119719669468425 0.1353721836072177 0.12966388127044523 0.14269393276506598 0.12966388127044523 0.1353721836072177 0.005274513852743533 0.005366005887041381 0.005274513852743533 0.006578188737753263 0.006274421327286868 0.006667563791871734 0.006274421327286868 0.006578188737753263 0.0001479731976215857 0.0001445839575575098 0.00014797319762158574 0.0001193281847709784 0.00013014614328772176 0.00012090807520747878 0.00013014614328772173 0.0001193281847709784 2.5701053346196523e-05 2.560660234252892e-05 2.5701053346196523e-05 2.289356231210996e-05 2.3786473989745784e-05 2.3029445660642002e-05 2.3786473989745784e-05 2.289356231210996e-05
0.07784039946183897 0.07902761992096675 0.07784039946183897 0.11188334137794567 0.1616411647203704 0.15960472172436732 0.1616411647203704 0.11188334137794567 0.004272434906731709 0.004253832889257297 0.004272434906731709 0.005157832117905097 0.006403137928039931 0.006351890472784338 0.006403137928039931 0.005157832117905097 0.0011052826199417348 0.0010996118628479417 0.001105282619941735 0.0010776812292884316 0.0010661802640567482 0.0010544900362075324 0.0010661802640567482 0.0010776812292884316 0.0009755469466511639 0.0009718015509828433 0.0009755469466511639 0.0009615462307202342 0.0009587710233891191 0.000949393888827473 0.0009587710233891191 0.0009615462307202342
0.07012860967603649 0.0805605882529893 0.07012860967603649 0.11980090342960258 0.1557816041496462 0.18092749252102386 0.1557816041496462 0.11980090342960258 0.0032052170047142388 0.003484990258541231 0.0032052170047142388 0.004286634167200156 0.004964276968027282 0.005521106215838344 0.004964276968027282 0.004286634167200156 0.0009144506567574045 0.0009008079430215677 0.0009144506567574045 0.0008847774487604528 0.0008757204597284001 0.0008580935196524243 0.0008757204597284 0.0008847774487604528 0.0007700238753054023 0.0007627373654500119 0.0007700238753054023 0.0007548003440348723 0.0007529163710431905 0.0007443148217700408 0.0007529163710431905 0.0007548003440348723
0.0880167654968919 0.07108346857718952 0.0880167654968919 0.11862344228545355 0.16293322389272208 0.13575222018146016 0.16293322389272208 0.11862344228545355 0.005648516959539723 0.004614501214349518 0.005648516959539723 0.006624538720945529 0.007947092734412005 0.006530413757305494 0.007947092734412005 0.006624538720945529 0.0002851612238334454 0.0003591730040423743 0.00028516122383344535 0.0002386252049965309 0.00021972132229672154 0.0002824194138158063 0.00021972132229672154 0.0002386252049965309 3.944526907102776e-05 4.648258403721829e-05 3.944526907102776e-05 3.576002022897058e-05 3.356408109204079e-05 3.9606844832823e-05 3.356408109204079e-05 3.576002022897058e-05
0.09046730148430655 0.06437036153110647 0.09046730148430655 0.10836055429211196 0.17224990994542191 0.13487407923030595 0.17224990994542191 0.10836055429211196 0.005047478013627736 0.004199485537331395 0.005047478013627736 0.0057298315732731125 0.00731708359497289 0.006342529718657256 0.00731708359497289 0.0057298315732731125 0.001079774924160369 0.0010985373881990767 0.0010797749241603692 0.0010170367471965382 0.0010029905911195915 0.0010059984444282751 0.0010029905911195915 0.0010170367471965382 0.000464539228941419 0.00046575876470114115 0.000464539228941419 0.00043418150959293063 0.00043626926867750525 0.0004293470384653809 0.00043626926867750525 0.00043418150959293063
0.08972161568534062 0.08341299692812823 0.08972161568534062 0.10864703511473135 0.1560613272192205 0.15099277511666773 0.1560613272192205 0.10864703511473135 0.005772613320817494 0.0059867174147837585 0.005772613320817494 0.006625663441724608 0.007591495952024175 0.00791059636475498 0.007591495952024175 0.006625663441724608 0.0003418397611921859 0.0003076638449132703 0.0003418397611921857 0.00028687871439414384 0.00028622075653438826 0.00025703675993800134 0.00028622075653438826 0.00028687871439414384 6.23512166881194e-05 5.929469782626145e-05 6.23512166881194e-05 5.667153141851472e-05 5.601629536012187e-05 5.346085409526948e-05 5.601629536012187e-05 5.667153141851472e-05
0.08114048641430556 0.07839001024898742 0.08114048641430556 0.11375614573781552 0.16101364007178526 0.15520708594286098 0.16101364007178526 0.11375614573781552 0.0050274644806488755 0.005088224955951285 0.0050274644806488755 0.006266426354140049 0.007457283685486571 0.007493751966813189 0.007457283685486571 0.006266426354140049 0.0005846547171817461 0.00052713961655677 0.0005846547171817465 0.0004732563349024036 0.00046372839858302103 0.00040127776225708776 0.0004637283985830209 0.0004732563349024036 7.572395010638761e-05 6.811672385588895e-05 7.572395010638761e-05 6.313306910134072e-05 6.19187195011371e-05 5.666891560171847e-05 6.19187195011371e-05 6.313306910134072e-05
0.07817776645575472 0.07191466208208072 0.07817776645575472 0.1106797311799119 0.17268210266899603 0.16085258062591093 0.17268210266899603 0.1106797311799119 0.00328329494806306 0.0031799716642962237 0.00328329494806306 0.004029986713846663 0.00504999057404694 0.004954216563647401 0.00504999057404694 0.004029986713846663 0.0008321352749177982 0.0008185602434867251 0.0008321352749177982 0.0007739057467169633 0.0007961141322601523 0.0007690669369357036 0.0007961141322601523 0.0007739057467169633 0.0006289957786350098 0.0006168812269291775 0.0006289957786350098 0.0005998365285355874 0.0006143059964876338 0.0005977286603683608 0.0006143059964876338 0.0005998365285355874
0.08614826197302476 0.10294292824788727 0.08614826197302476 0.11908169477727658 0.1352793225038472 0.15818800057627777 0.1352793225038472 0.11908169477727658 0.005906031406255098 0.006167504953436982 0.005906031406255098 0.006998989585093669 0.007463512415871319 0.007773235915779771 0.007463512415871319 0.006998989585093669 0.0003728914685821282 0.0003548736475319625 0.00037289146858212805 0.0003099240486611866 0.0003101689436077418 0.0002972729941092933 0.0003101689436077419 0.0003099240486611866 7.35015139969222e-05 6.812830822537348e-05 7.35015139969222e-05 6.428699112827438e-05 6.481974793453766e-05 6.124460619265995e-05 6.481974793453766e-05 6.428699112827438e-05
0.07269150550827835 0.08807511166962335 0.07269150550827835 0.12021874939064621 0.1441677238550165 0.17254203336133572 0.1441677238550165 0.12021874939064621 0.005334241799209077 0.006769547980283459 0.005334241799209077 0.00789146206623355 0.007897472086957168 0.009693727918447076 0.007897472086957168 0.00789146206623355 0.0007567513117711142 0.0006279612282528378 0.0007567513117711139 0.0005853303846107748 0.0006341934241593287 0.0005214112893730445 0.0006341934241593288 0.0005853303846107748 0.00019287983797218046 0.00017477667114876652 0.00019287983797218046 0.00016841412161175555 0.0001787521451118027 0.0001604780183800864 0.0001787521451118027 0.00016841412161175555
0.08264277195960149 0.0900433210631001 0.08264277195960149 0.11404802963549585 0.15481796754191418 0.16858043005228673 0.15481796754191418 0.11404802963549585 0.0033349724138854314 0.003592465164972977 0.0033349724138854314 0.004106033394062273 0.004852372622117562 0.005213358519220154 0.004852372622117562 0.004106033394062273 0.0003621997799302665 0.0003532958102810916 0.0003621997799302665 0.0003457684522674145 0.00034028416538864397 0.0003310876824610501 0.0003402841653886439 0.0003457684522674145 0.00027834007544943416 0.0002752478909147799 0.00027834007544943416 0.000272533967340277 0.0002705222759132004 0.0002672012500309633 0.0002705222759132004 0.000272533967340277
0.07828950151318621 0.08200538827137721 0.07828950151318621 0.11707958759240913 0.1614470335020481 0.16895797961025427 0.1614470335020481 0.11707958759240913 0.002811247716949617 0.0029362599980256366 0.002811247716949617 0.0035681028610719304 0.0044772999312364895 0.004699698391256567 0.0044772999312364895 0.0035681028610719304 0.00045541813023516106 0.00044617322082304655 0.00045541813023516106 0.0004373746379322553 0.00042686421912711093 0.0004160366504377308 0.0004268642191271108 0.0004373746379322553 0.00032562469982472746 0.0003232705222626365 0.00032562469982472746 0.0003174655156535528 0.000316048830728452 0.0003120550347574221 0.000316048830728452 0.0003174655156535528
0.06544350450879777 0.08302557885584541 0.06544350450879777 0.11667235977182065 0.15754107415697033 0.18445175780421708 0.15754107415697033 0.11667235977182065 0.0034403438322487953 0.003927565661786925 0.0034403438322487953 0.004762511112007865 0.005622778933888413 0.006144502927821848 0.005622778933888413 0.004762511112007865 0.0011035750775448838 0.0010863615575415382 0.0011035750775448838 0.0010492835695516316 0.0010385612104595308 0.0010132590725626452 0.0010385612104595308 0.0010492835695516316 0.0008977241745828163 0.0008914688211472137 0.0008977241745828163 0.0008696759761765936 0.0008647423462752552 0.0008472359584285173 0.0008647423462752552 0.0008696759761765936
0.08525420518928882 0.07338421217606034 0.08525420518928882 0.1085495299934687 0.17183907601269247 0.15123129045137373 0.17183907601269247 0.1085495299934687 0.004046027029685772 0.003650687915355134 0.004046027029685772 0.004540279389588984 0.00594555592154277 0.0054412822060704415 0.00594555592154277 0.004540279389588984 0.00043034823931772 0.0004408512418362806 0.0004303482393177199 0.0004225952087158168 0.000403489430335332 0.0004096633249590683 0.000403489430335332 0.0004225952087158168 0.0003261476906267921 0.00032868461037964926 0.0003261476906267921 0.00032221063765309674 0.0003179178868466097 0.0003185628144397135 0.0003179178868466097 0.00032221063765309674
0.0724453318452613 0.0938041835797405 0.0724453318452613 0.12107355496046149 0.13617393332909158 0.18851644690929223 0.13617393332909158 0.12107355496046149 0.004918509689608642 0.006068105908632178 0.004918509689608642 0.0070006144857041866 0.007059783248857812 0.0091129134601236 0.007059783248857812 0.0070006144857041866 0.0006560010547033704 0.00055970971551249 0.0006560010547033703 0.0005246889169918384 0.0005549172258702648 0.00042685030885437886 0.0005549172258702648 0.0005246889169918384 9.891792028949557e-05 8.70838342933498e-05 9.891792028949557e-05 8.193473342162862e-05 8.548705823972919e-05 7.735734654858998e-05 8.548705823972919e-05 8.193473342162862e-05
0.07751737039456695 0.08401686931614939 0.07751737039456695 0.1077914081506276 0.15677300996763602 0.178415973165962 0.15677300996763602 0.1077914081506276 0.003801893855879703 0.004106473229115723 0.003801893855879703 0.004654194983597789 0.005694715467356594 0.0062323577153403035 0.005694715467356594 0.004654194983597789 0.0010069298547566296 0.0009899058521183532 0.0010069298547566296 0.000971994602828043 0.0009683088007578898 0.0009495926467944101 0.0009683088007578898 0.000971994602828043 0.0008784066778707637 0.0008712613886735414 0.0008784066778707637 0.0008614186303940632 0.0008627804152025034 0.0008527030828971459 0.0008627804152025034 0.0008614186303940632
0.08803902659658333 0.1041739806220004 0.08803902659658333 0.12680173488472615 0.13239899885278267 0.1530794849065567 0.13239899885278267 0.12680173488472615 0.00505761148148015 0.005613801605833956 0.00505761148148015 0.006208352867536902 0.006275368939876092 0.006874711479813621 0.006275368939876092 0.006208352867536902 8.424275791677411e-05 7.741435560529558e-05 8.424275791677414e-05 6.836634942119645e-05 7.058843307712261e-05 6.057831733750191e-05 7.058843307712257e-05 6.836634942119645e-05 1.4890958199078372e-05 1.4220218094165917e-05 1.4890958199078372e-05 1.3574325368624039e-05 1.3610809603811267e-05 1.3073981614639465e-05 1.3610809603811267e-05 1.3574325368624039e-05
0.07147213627355195 0.0788508529448631 0.07147213627355195 0.11090816869497067 0.16630525170811222 0.1805636638679641 0.16630525170811222 0.11090816869497067 0.0032685278193543207 0.0035402206402169456 0.0032685278193543207 0.004247344081624853 0.005240376828707965 0.005602423308601649 0.005240376828707965 0.004247344081624853 0.0006142470667219374 0.0006103174252534934 0.0006142470667219374 0.0005867853849434966 0.0005702946761244888 0.0005650988504479882 0.0005702946761244888 0.0005867853849434966 0.0004933815076222874 0.0004906351000571539 0.0004933815076222874 0.00047890192497791 0.00047013693515964087 0.0004656820588520429 0.00047013693515964087 0.00047890192497791
0.0800115427337099 0.08479367694322999 0.0800115427337099 0.11171035591333854 0.15372498105111365 0.16643240037425067 0.15372498105111365 0.11171035591333854 0.004122933611350213 0.004284180510915156 0.004122933611350213 0.004919027840233213 0.00588584430195456 0.006223382270579937 0.00588584430195456 0.004919027840233213 0.001215205449675155 0.0012029935506109584 0.001215205449675155 0.0011736966143794205 0.001163380297019865 0.0011466969536513898 0.001163380297019865 0.0011736966143794205 0.0010244629876216594 0.0010212151521844484 0.0010244629876216594 0.0010018754200054156 0.000998633641958928 0.0009915745198563585 0.000998633641958928 0.0010018754200054156
0.08041813804499628 0.08077646334854506 0.08041813804499628 0.11031363728041892 0.164583915956002 0.17017269577228328 0.164583915956002 0.11031363728041892 0.0031853393312039186 0.003273510110827857 0.0031853393312039186 0.003861172546762784 0.004842558945605537 0.005035771196794129 0.004842558945605537 0.003861172546762784 0.00044261993853631865 0.00043309097361203525 0.00044261993853631865 0.000425620228331322 0.0004207992005486169 0.00041031277884171304 0.0004207992005486169 0.000425620228331322 0.0003695875672126485 0.0003650479681808956 0.0003695875672126485 0.0003633545921103902 0.0003623457715319489 0.00035492904439369627 0.0003623457715319489 0.0003633545921103902
0.06859125354749006 0.09124951987339483 0.06859125354749006 0.12350410768462637 0.1373510557295238 0.17427806286682596 0.1373510557295238 0.12350410768462637 0.005382222730698147 0.007021915308094265 0.005382222730698147 0.008098604904497656 0.007989174646086528 0.010264236610492528 0.007989174646086528 0.008098604904497656 0.0017689380404405073 0.0015702258604036255 0.0017689380404405067 0.0014517533376488367 0.001560358700038407 0.0013420347997318868 0.0015603587000384066 0.0014517533376488367 0.00038902478565149863 0.0003826990074078644 0.00038902478565149863 0.00034488361758266674 0.0003446023248145302 0.0003393455754511136 0.0003446023248145302 0.00034488361758266674
0.09063205129265896 0.08113722436141392 0.09063205129265896 0.11491197580812357 0.15809855478121868 0.14411170794114905 0.15809855478121868 0.11491197580812357 0.004178103524565693 0.004008899263515268 0.004178103524565693 0.004915699660514949 0.005857666659498625 0.005629550559903332 0.005857666659498625 0.004915699660514949 0.0005694676864953206 0.0005705437115493057 0.0005694676864953207 0.0005486803630979009 0.0005333827167024176 0.0005351611971027276 0.0005333827167024176 0.0005486803630979009 0.0004433539672862642 0.00044382100360234374 0.0004433539672862642 0.0004387182098334475 0.00043581371296102844 0.0004361551958502575 0.00043581371296102844 0.0004387182098334475
0.07761656619490995 0.0908915837718917 0.07761656619490995 0.11709470962721598 0.14262050429166342 0.16235454259288132 0.14262050429166342 0.11709470962721598 0.006313289490248175 0.007068579162836798 0.006313289490248175 0.00815337916432828 0.008850408049872496 0.009910080609876798 0.008850408049872496 0.00815337916432828 0.001016829224506743 0.000930744975453516 0.0010168292245067428 0.000874462128565163 0.0009043909002348625 0.0007854872270325566 0.0009043909002348631 0.000874462128565163 0.00016030612071930476 0.0001492347280640487 0.00016030612071930476 0.00014019881195563103 0.0001444835699606157 0.00013069178360215276 0.0001444835699606157 0.00014019881195563103
0.08034163528714645 0.08868313814921687 0.08034163528714645 0.12141920851566053 0.15089023918631406 0.17226310612663898 0.15089023918631406 0.12141920851566053 0.0028546068792348433 0.003143675511479183 0.0028546068792348433 0.0038824656860627057 0.0042301564730309466 0.0047149913423708825 0.0042301564730309466 0.0038824656860627057 0.0002989056933792517 0.00028790475978934067 0.0002989056933792517 0.0002765865651107105 0.0002784574972330498 0.0002668658342416261 0.0002784574972330498 0.0002765865651107105 0.00021635259179457328 0.00021216925616622995 0.00021635259179457328 0.00021109159553142482 0.00021094618745049848 0.00020684470419890419 0.00021094618745049848 0.00021109159553142482
0.07426544331519122 0.07513308997533324 0.07426544331519122 0.13287304491696486 0.1550198558149335 0.16533471992551066 0.1550198558149335 0.13287304491696486 0.00253828366136139 0.0026375380271883345 0.00253828366136139 0.003749055696594633 0.003978012837418589 0.004255151881396343 0.003978012837418589 0.003749055696594633 0.000541092114573283 0.0005326801067362358 0.000541092114573283 0.0005189033251394277 0.0005224568206109166 0.0005121737878981263 0.0005224568206109166 0.0005189033251394277 0.0004537314760535448 0.0004487980167282216 0.0004537314760535448 0.00044469313086229964 0.00044740733960408496 0.0004418873805935464 0.00044740733960408496 0.00044469313086229964
0.08940314456578179 0.09600953127590761 0.08940314456578179 0.11427710830100976 0.14083036722614917 0.16199756402677687 0.14083036722614917 0.11427710830100976 0.005222012305302852 0.005755545227273709 0.005222012305302852 0.00609000502926895 0.006667295876652978 0.007620154383288127 0.006667295876652978 0.00609000502926895 0.00042944034612467906 0.0003905073296200262 0.00042944034612467906 0.0003901642268002576 0.0003729226126230193 0.0003243201411510926 0.0003729226126230192 0.0003901642268002576 7.202512633322812e-05 6.864944104713273e-05 7.202512633322812e-05 6.606822627814235e-05 6.574045010591385e-05 6.113959007389267e-05 6.574045010591385e-05 6.606822627814235e-05
0.07443167144658579 0.08447262032747326 0.07443167144658579 0.1112617609745243 0.1578173549415432 0.18443589486230877 0.1578173549415432 0.1112617609745243 0.0033464717294925685 0.0036794183082110047 0.0033464717294925685 0.004232088878927477 0.00512988535043988 0.0057110194479374566 0.00512988535043988 0.004232088878927477 0.0006657936757883536 0.0006509136133917168 0.0006657936757883536 0.0006365175317092448 0.0006263162167095098 0.0006100912377271515 0.0006263162167095098 0.0006365175317092448 0.0005293499668434135 0.000522138012755722 0.0005293499668434135 0.0005141620959501484 0.0005155466317676397 0.0005040653096319189 0.0005155466317676397 0.0005141620959501484
0.07662293916345062 0.08742162201795309 0.07662293916345062 0.11034176309273079 0.15561597007844777 0.17529966146991907 0.15561597007844777 0.11034176309273079 0.004038801939665025 0.00440834900472823 0.004038801939665025 0.004962901600341003 0.0060265351800451 0.006547138732362097 0.0060265351800451 0.004962901600341003 0.0007953736199805676 0.0007764674997561739 0.0007953736199805677 0.0007614282182345537 0.0007480265822008639 0.0007285283509115473 0.0007480265822008639 0.0007614282182345537 0.0006360449462947038 0.0006297619401500255 0.0006360449462947038 0.0006215567257117649 0.000618264804968351 0.0006092590800775644 0.000618264804968351 0.0006215567257117649
0.07605429328474617 0.08220064177744865 0.07605429328474617 0.10610857691415679 0.1638450681698771 0.1713393565354261 0.1638450681698771 0.10610857691415679 0.004763417528992459 0.005116902430371487 0.004763417528992459 0.0057888471042398925 0.007100162060968545 0.007546128279347747 0.007100162060968545 0.0057888471042398925 0.0006998505835489685 0.0006653697828569828 0.0006998505835489685 0.000627478154475823 0.0006051484795130255 0.0005689939456679523 0.0006051484795130257 0.000627478154475823 0.00018856170039115933 0.0001796482391335909 0.00018856170039115933 0.0001674006355090956 0.00016466380549791683 0.00015602216591364834 0.00016466380549791683 0.0001674006355090956
0.08004062778616404 0.08947310975854383 0.08004062778616404 0.11817439937605086 0.14208580277023197 0.15955778140103874 0.14208580277023197 0.11817439937605086 0.006992357029518077 0.0075796060633038995 0.006992357029518077 0.00854147024619922 0.00906467661662625 0.00988518020148648 0.00906467661662625 0.00854147024619922 0.00044593569465968774 0.00040674145580204505 0.0004459356946596878 0.0003720877765102793 0.00037559624862998955 0.0003366030466983515 0.00037559624862998955 0.0003720877765102793 7.703580975233345e-05 7.355278532378669e-05 7.703580975233345e-05 7.027377635178574e-05 6.989205683280341e-05 6.711491274841187e-05 6.989205683280341e-05 7.027377635178574e-05
0.07759149590205343 0.0835413650077901 0.07759149590205343 0.11365289017563344 0.1606675740450243 0.17507559196839637 0.1606675740450243 0.11365289017563344 0.003200730151176392 0.0034111121577436593 0.003200730151176392 0.0039699622285683835 0.00482404064068212 0.005201649778282329 0.00482404064068212 0.0039699622285683835 0.0004352795263243351 0.0004188572641210605 0.0004352795263243351 0.00040295795402496966 0.0004005107668145168 0.0003832551524096709 0.0004005107668145168 0.00040295795402496966 0.00022043829928242652 0.00021414775958845947 0.00022043829928242652 0.00020378794199227548 0.00020685582799345872 0.00020097399252832796 0.00020685582799345872 0.00020378794199227548
0.07108897604252239 0.08407144221199091 0.07108897604252239 0.11409207486112177 0.15077520109656797 0.16799068416462715 0.15077520109656797 0.11409207486112177 0.006766292097553169 0.00776146208453649 0.006766292097553169 0.009030329638465407 0.01016957815597292 0.011156344735669232 0.01016957815597292 0.009030329638465407 0.0007046499448396393 0.0005996191859012755 0.0007046499448396398 0.0005377418943914241 0.0005307266783830935 0.0004555530882768193 0.0005307266783830937 0.0005377418943914241 8.210357941261035e-05 7.378658435965682e-05 8.210357941261035e-05 6.890287263013251e-05 6.776856891961078e-05 6.241708307826269e-05 6.776856891961078e-05 6.890287263013251e-05
0.07282709297171347 0.0938669832250769 0.07282709297171347 0.11826348253791578 0.1450547934193887 0.17599730584652337 0.1450547934193887 0.11826348253791578 0.005351379513574381 0.00633174926889889 0.005351379513574381 0.007066965133046556 0.007633801569932051 0.008808087616182986 0.007633801569932051 0.007066965133046556 0.0003412609542073243 0.000290834841183931 0.00034126095420732423 0.00026338490549605387 0.00026766230699040917 0.00022370779757871286 0.0002676623069904094 0.00026338490549605387 4.761376399477901e-05 4.3766087892907715e-05 4.761376399477901e-05 4.136602172352474e-05 4.104063474408889e-05 3.787785120803191e-05 4.104063474408889e-05 4.136602172352474e-05
0.07334639398104702 0.07976271046855651 0.07334639398104702 0.11269797792512731 0.16019428517418438 0.1744901759503113 0.16019428517418438 0.11269797792512731 0.004470595458844315 0.00496691859897758 0.004470595458844315 0.005874002141037268 0.006793826267816483 0.0074918588719718035 0.006793826267816483 0.005874002141037268 0.0007482560512077362 0.000676098391327349 0.0007482560512077361 0.0006320413743667338 0.0006545129625407735 0.0005951432780217985 0.0006545129625407735 0.0006320413743667338 0.00016823231601427547 0.00014968011108783952 0.00016823231601427547 0.00013776663075042565 0.0001481366510797875 0.00013536046171281748 0.0001481366510797875 0.00013776663075042565
