0.07512995939820023 0.08250498848585043 0.07512995939820023 0.11449769122222898 0.13044038705940497 0.15227371249964244 0.13044038705940497 0.11449769122222898 0.007856454524406422 0.008589676574808948 0.007856454524406422 0.010751694340663724 0.012514060015850264 0.013489232179114522 0.012514060015850264 0.010751694340663724 0.004803888661415293 0.004663401589170104 0.004803888661415294 0.004262176869992699 0.0040162720985301385 0.003916011697759124 0.004016272098530139 0.004262176869992699 0.0008271186379312568 0.0007976214502512167 0.0008271186379312568 0.0007344619207864464 0.000705836305959474 0.0006853534126635036 0.000705836305959474 0.0007344619207864464
0.07558568639868277 0.07553514685819904 0.07558568639868277 0.12135326521263433 0.14167245648154406 0.14681014517088278 0.14167245648154406 0.12135326521263433 0.007699824857452362 0.007637279755627668 0.007699824857452362 0.010151891604884684 0.011568188229529746 0.01161751061632914 0.011568188229529746 0.010151891604884684 0.002598879077949791 0.0026505055211063847 0.0025988790779497913 0.0023576728325075923 0.0022009524971241465 0.002227583446948722 0.0022009524971241465 0.0023576728325075923 0.00042719994230009815 0.00043611583226132284 0.00042719994230009815 0.00038479536343930323 0.00035961047756400533 0.0003648668474192602 0.00035961047756400533 0.00038479536343930323
0.050172826671934914 0.09138954762645747 0.050172826671934914 0.14194717558337971 0.11916836041089567 0.21563100045052197 0.11916836041089567 0.14194717558337971 0.005153278976145736 0.007052075906847047 0.005153278976145736 0.009063144211370226 0.008394074048709859 0.011168658994801389 0.008394074048709859 0.009063144211370226 0.0008920642340665224 0.000804528602592617 0.0008920642340665229 0.0006907335363729203 0.0006951462213635892 0.0006144018859205252 0.0006951462213635894 0.0006907335363729203 0.00014317503314177922 0.00012964153804454536 0.00014317503314177922 0.00011547767695824417 0.00011689089070170556 0.0001054500047327649 0.00011689089070170556 0.00011547767695824417
0.05276825461796273 0.09585204824145424 0.05276825461796273 0.127518033148653 0.11507666687016234 0.22059219948968656 0.11507666687016234 0.127518033148653 0.006415260957124706 0.009916216956714703 0.006415260957124706 0.011601175864852136 0.010631954868931516 0.016042983769129583 0.010631954868931516 0.011601175864852136 0.001382844516918508 0.0010586332850187712 0.0013828445169185067 0.0009275286502591481 0.0009889842594273182 0.000727742894040599 0.0009889842594273186 0.0009275286502591481 0.00018475022767079288 0.00014873167736955347 0.00018475022767079288 0.00013566956806133768 0.00014182667492320384 0.00011554323669254352 0.00014182667492320384 0.00013566956806133768
0.06630266885019431 0.07661068652795462 0.06630266885019431 0.12957775933727825 0.14108919148097668 0.1630634590245857 0.14108919148097668 0.12957775933727825 0.006823140386745732 0.007303619047541189 0.006823140386745732 0.009515995775718484 0.011141939570223898 0.011767339256513397 0.011141939570223898 0.009515995775718484 0.0015580488886749008 0.0015178156358540485 0.001558048888674901 0.0013624231042029965 0.001186424307544085 0.0011418691130726658 0.0011864243075440852 0.0013624231042029965 0.00020593936383451182 0.0002007045910376527 0.00020593936383451182 0.0001850669118696643 0.00016734820019546407 0.000162614448522794 0.00016734820019546407 0.0001850669118696643
0.08142526611564008 0.07891230705895567 0.08142526611564008 0.1262423965170532 0.11042223043364793 0.11570874572202725 0.11042223043364793 0.1262423965170532 0.006780302083505815 0.006804840977346669 0.006780302083505815 0.01020707779166491 0.010371723483573157 0.010621741015730126 0.010371723483573157 0.01020707779166491 0.009120449303171735 0.00916136464443212 0.009120449303171733 0.00859172135642288 0.008429150023846267 0.0084883443079946 0.008429150023846267 0.00859172135642288 0.0035629397708799334 0.0035616585465855903 0.0035629397708799334 0.0033372503639224568 0.0032524630126956524 0.0032550572148798986 0.0032524630126956524 0.0033372503639224568
0.06574522684107438 0.07920190661713143 0.06574522684107438 0.1264778067098453 0.133802393986306 0.16943767215868694 0.133802393986306 0.1264778067098453 0.006058327690936125 0.006981025580115472 0.006058327690936125 0.009064018087170058 0.009638145366383613 0.011206277553523538 0.009638145366383613 0.009064018087170058 0.0036031612113815344 0.0034876024036072013 0.003603161211381536 0.003251586530470999 0.00318873968702315 0.0030524672436958115 0.0031887396870231496 0.003251586530470999 0.0006705596218624693 0.0006545237235186108 0.0006705596218624693 0.0006062737218392104 0.0005955110903063417 0.0005750236305226806 0.0005955110903063417 0.0006062737218392104
0.08193982586307487 0.08848418075601902 0.08193982586307487 0.12740505858546675 0.10217708071628746 0.13326366230447223 0.10217708071628746 0.12740505858546675 0.006356227085939513 0.007543574512177518 0.006356227085939513 0.010079054372379237 0.00978630725075462 0.012045009430506027 0.00978630725075462 0.010079054372379237 0.008201251308184233 0.008016960432304022 0.008201251308184233 0.0075161744135568845 0.0073413889354805644 0.007233864529212333 0.0073413889354805644 0.0075161744135568845 0.0028375472398858895 0.002820464438592096 0.0028375472398858895 0.00268743242357116 0.002647638069160728 0.002642311069232894 0.002647638069160728 0.00268743242357116
0.07138639611437775 0.08435247954064988 0.07138639611437775 0.11895896774221593 0.11798476986526509 0.1707212447350755 0.11798476986526509 0.11895896774221593 0.00770755586307023 0.009497319988181234 0.00770755586307023 0.01189626284721111 0.012747992669487191 0.01598718397066739 0.012747992669487191 0.01189626284721111 0.004531758186778599 0.004307895419926509 0.004531758186778599 0.0038815761351910253 0.0037600973116585805 0.003600624201095904 0.003760097311658578 0.0038815761351910253 0.000805028306859101 0.0007903112019744787 0.000805028306859101 0.000701294344075261 0.0006733459779357059 0.0006728502141780218 0.0006733459779357059 0.000701294344075261
0.06826033407326053 0.08003667801248605 0.06826033407326053 0.12547620599180845 0.12365586599131183 0.16068362809955544 0.12365586599131183 0.12547620599180845 0.007929175439902498 0.008984451822234507 0.007929175439902498 0.012067027064436967 0.012850520283508624 0.014457957771438639 0.012850520283508624 0.012067027064436967 0.00440956904035144 0.004289489562516793 0.0044095690403514395 0.0037982964379990078 0.0036061439132641852 0.0035250664182234453 0.003606143913264183 0.0037982964379990078 0.0005512643592081384 0.000539752587029243 0.0005512643592081384 0.0004708016980856244 0.0004461109777481302 0.0004403451847449364 0.0004461109777481302 0.0004708016980856244
0.0742667298015388 0.07613378058660095 0.0742667298015388 0.11717813046000258 0.1452199914841158 0.14955752447399667 0.1452199914841158 0.11717813046000258 0.006858624068057587 0.006828759879691477 0.006858624068057587 0.008796300016631389 0.010583431320046466 0.01045316518718317 0.010583431320046466 0.008796300016631389 0.00341392497563128 0.0034592511811187654 0.00341392497563128 0.0031778879643917287 0.0029551487098809243 0.0030298920829299374 0.002955148709880923 0.0031778879643917287 0.0007414706002640552 0.0007388148459853262 0.0007414706002640552 0.0006962477389585769 0.0006740189921977812 0.0006749994990598617 0.0006740189921977812 0.0006962477389585769
0.06372087647078992 0.07786961832488132 0.06372087647078992 0.12730544022109652 0.14040073374927609 0.170980154694217 0.14040073374927609 0.12730544022109652 0.006930847369875879 0.007600491936371165 0.006930847369875879 0.010295148297635835 0.011080670379522824 0.011972977660879701 0.011080670379522824 0.010295148297635835 0.0013941592114766923 0.0013712074240882506 0.001394159211476692 0.001185513427699502 0.0011330223360828896 0.0011242659125941014 0.0011330223360828894 0.001185513427699502 0.0003004472990480583 0.00029732337403712804 0.0003004472990480583 0.00026557207967597073 0.000253539068569429 0.00025202085143222056 0.000253539068569429 0.00026557207967597073
0.06948201488327801 0.07884698987462999 0.06948201488327801 0.12813619840734264 0.12918612900303067 0.15355050045801022 0.12918612900303067 0.12813619840734264 0.007153663861986247 0.008044512981582546 0.007153663861986247 0.010636947880938013 0.010960220593022875 0.012234551833332644 0.010960220593022875 0.010636947880938013 0.003918588174113184 0.003819437822013528 0.003918588174113183 0.0035638052447335596 0.0034812912443517507 0.003402809508348978 0.003481291244351751 0.0035638052447335596 0.0009532205484666968 0.0009349060647207809 0.0009532205484666968 0.0008686486177374692 0.0008331672608071165 0.0008185000177448572 0.0008331672608071165 0.0008686486177374692
0.07202088470205659 0.08543071428432623 0.07202088470205659 0.12230908673692295 0.13769158505699283 0.17188414442281752 0.13769158505699283 0.12230908673692295 0.006737532422460134 0.007687441455369804 0.006737532422460134 0.009414195324509033 0.010293943196602443 0.011706623552729375 0.010293943196602443 0.009414195324509033 0.0008281887734073963 0.0007650298946282691 0.0008281887734073962 0.0006509670931288776 0.0005799804314627108 0.0005320711647208967 0.0005799804314627111 0.0006509670931288776 0.00013602178239930334 0.00012834505504282393 0.00013602178239930334 0.00011422281932880439 0.0001058722722183527 0.00010066894738630972 0.0001058722722183527 0.00011422281932880439
0.07393925159365991 0.08179887065747163 0.07393925159365991 0.11491629295056653 0.12924550270876464 0.15212008399172838 0.12924550270876464 0.11491629295056653 0.008141656594585024 0.008572843962512402 0.008141656594585024 0.010926235941401019 0.01313418277263906 0.01350032156642698 0.01313418277263906 0.010926235941401019 0.005232878460893291 0.005261582366958336 0.005232878460893295 0.004708187227776262 0.004312813296866105 0.004384869014411145 0.004312813296866103 0.004708187227776262 0.0007269209862029383 0.0007368696847642887 0.0007269209862029383 0.0006430767835458518 0.0005851226173504094 0.0006003148872247599 0.0005851226173504094 0.0006430767835458518
0.07396482453208923 0.07372298579848321 0.07396482453208923 0.11659393743984516 0.1453153720023365 0.14850754484888784 0.1453153720023365 0.11659393743984516 0.00621861989135554 0.006358716904499891 0.00621861989135554 0.00848952743566154 0.00978872069055477 0.00994917307900918 0.00978872069055477 0.00848952743566154 0.004424322739453957 0.0044143597988943835 0.004424322739453957 0.004168714824196147 0.004054114345715421 0.0040738882046385885 0.00405411434571542 0.004168714824196147 0.0009194413447276339 0.0009233968565233098 0.0009194413447276339 0.0008544924922865785 0.0008182543669219798 0.0008292502987745897 0.0008182543669219798 0.0008544924922865785
0.07764404323862806 0.07472319395931933 0.07764404323862806 0.11939314983749501 0.12657797685439628 0.12672367354730552 0.12657797685439628 0.11939314983749501 0.008931000403764463 0.008265642321785015 0.008931000403764463 0.01228923529261818 0.014536688051717987 0.013520357571160413 0.014536688051717987 0.01228923529261818 0.006732224718327272 0.006941204297857 0.006732224718327273 0.0061693543820641305 0.0057477049915136014 0.0059265918411437165 0.005747704991513601 0.0061693543820641305 0.0010671085924378952 0.0010658864226967405 0.0010671085924378952 0.0009653282273690798 0.0009160080842057529 0.0008938046896568374 0.0009160080842057529 0.0009653282273690798
0.07977119634695022 0.06830990740323166 0.07977119634695022 0.12121855482721729 0.14987299446875865 0.13592124855982154 0.14987299446875865 0.12121855482721729 0.008173576175534953 0.007663317085440527 0.008173576175534953 0.01061413738220727 0.012200012690946829 0.011712433491100686 0.012200012690946829 0.01061413738220727 0.0014981149856858219 0.0014858463720945634 0.001498114985685822 0.0012673931608105898 0.0011705871607314612 0.0011686822107844655 0.0011705871607314616 0.0012673931608105898 0.0003023720701841756 0.00029824852033072516 0.0003023720701841756 0.00026146547967363795 0.00024648756174748673 0.00024653173629928275 0.00024648756174748673 0.00026146547967363795
0.07264896611862617 0.07820220600142036 0.07264896611862617 0.10467112564669427 0.15561860807664998 0.16360471787925843 0.15561860807664998 0.10467112564669427 0.00785467959399805 0.007952042770008515 0.00785467959399805 0.00924880738962614 0.012644670121165701 0.01257268363676321 0.012644670121165701 0.00924880738962614 0.0015010431559492384 0.0015352611770420167 0.0015010431559492388 0.001360148025867751 0.0011190816329929862 0.0011526395157919747 0.0011190816329929864 0.001360148025867751 0.00022775305249978718 0.00023462437066698767 0.00022775305249978718 0.0002087837268880297 0.0001776734672219916 0.0001831446326882809 0.0001776734672219916 0.0002087837268880297
0.06874548001041092 0.07021255758148243 0.06874548001041092 0.11558603903344922 0.1459376943334494 0.15755003751746507 0.1459376943334494 0.11558603903344922 0.0083326659540267 0.008134898324866026 0.0083326659540267 0.01115323186153066 0.014357354928310643 0.014117203256374201 0.014357354928310643 0.01115323186153066 0.0027696104176988135 0.002842107917961217 0.002769610417698811 0.0024367193674385804 0.0020563598763296683 0.0021361559437042066 0.0020563598763296683 0.0024367193674385804 0.0003128022694014133 0.00032431751852835 0.0003128022694014133 0.00028257139988130435 0.0002438228792100162 0.00025401727734388705 0.0002438228792100162 0.00028257139988130435
0.07249391938577349 0.06533169225017514 0.07249391938577349 0.11481737880026768 0.1547730734376314 0.14209532814276843 0.1547730734376314 0.11481737880026768 0.009376836305849907 0.008637388890902454 0.009376836305849907 0.012352594498003489 0.015273152960540975 0.014313279934588216 0.015273152960540975 0.012352594498003489 0.0014642788908205222 0.0015654236129005877 0.001464278890820522 0.001209180112072848 0.0010178199649929591 0.0010974299658778185 0.0010178199649929593 0.001209180112072848 0.00019605157321282813 0.00020569231811344883 0.00019605157321282813 0.0001706068183420417 0.0001525544579942148 0.00015887047366934051 0.0001525544579942148 0.0001706068183420417
0.0606107226848198 0.082766116464648 0.0606107226848198 0.12745277077193604 0.14326645921914452 0.19136442835795434 0.14326645921914452 0.12745277077193604 0.0045310704899029575 0.005607467184562068 0.0045310704899029575 0.007038206112941967 0.00733045429213349 0.008886888259294574 0.00733045429213349 0.007038206112941967 0.0009829354987547817 0.0009520824325909917 0.0009829354987547817 0.0008698421699194232 0.0008410691024266305 0.0008351135377208779 0.0008410691024266305 0.0008698421699194232 0.0004961111307189327 0.0005062778711362844 0.0004961111307189327 0.00045678362953306955 0.000439358175296838 0.0004500593370360332 0.000439358175296838 0.00045678362953306955
0.07128969094034923 0.07518991985786115 0.07128969094034923 0.129246399656752 0.13285459915342276 0.14472075892172678 0.13285459915342276 0.129246399656752 0.007842815348521602 0.008145924476386537 0.007842815348521602 0.011302918388576335 0.012307799642994268 0.012714927262576276 0.012307799642994268 0.011302918388576335 0.003578708832939864 0.003567097583532594 0.0035787088329398632 0.0031750927353522457 0.0028991201062129523 0.0029215411330034205 0.002899120106212951 0.0031750927353522457 0.0005225572273845227 0.000522383292344137 0.0005225572273845227 0.0004593326223218818 0.00041838689785718484 0.00042260436719942276 0.00041838689785718484 0.0004593326223218818
0.07675706575581569 0.08467896149047177 0.07675706575581569 0.12883309719681496 0.1155088786965157 0.14024363703932372 0.1155088786965157 0.12883309719681496 0.007625514182912172 0.008096199026365474 0.007625514182912172 0.011078182379163316 0.01220476805096511 0.01323523807893816 0.01220476805096511 0.011078182379163316 0.006131153445620943 0.006046573420502536 0.006131153445620942 0.005466486403736459 0.005097015269039682 0.005027542038264453 0.005097015269039682 0.005466486403736459 0.0007351296865698427 0.0007283051191386519 0.0007351296865698427 0.0006433186117051508 0.0005957277781257512 0.000590868873025609 0.0005957277781257512 0.0006433186117051508
0.08927143451605304 0.08367841949935671 0.08927143451605304 0.1051385288075046 0.15597952614558214 0.14529488115617223 0.15597952614558214 0.1051385288075046 0.006781682224055679 0.006563456986054861 0.006781682224055679 0.007425892701212488 0.009329522066743642 0.00907841204860151 0.009329522066743642 0.007425892701212488 0.0009085903692680312 0.000896875906046962 0.0009085903692680309 0.0008047075007128036 0.0007222342705208128 0.0007031951622186403 0.0007222342705208133 0.0008047075007128036 0.0001479494892194189 0.00014591417401979556 0.0001479494892194189 0.00013070936908671124 0.00011961746485640947 0.00011805521789775178 0.00011961746485640947 0.00013070936908671124
0.07437577830047608 0.07158008441345828 0.07437577830047608 0.11019080365220389 0.14730323629346467 0.14639385761665114 0.14730323629346467 0.11019080365220389 0.008098868611256046 0.008250834782863899 0.008098868611256046 0.0099130232933611 0.013276796062128582 0.013676136325198708 0.013276796062128582 0.0099130232933611 0.004004084443746104 0.003899455849883954 0.004004084443746104 0.0037342807283701415 0.0032466876570877846 0.0031339991782743906 0.0032466876570877838 0.0037342807283701415 0.000663180708306975 0.0006436582270705812 0.000663180708306975 0.000611272255631439 0.0005331449361793262 0.0005196597221748088 0.0005331449361793262 0.000611272255631439
0.060038486800297615 0.07476619062186034 0.060038486800297615 0.1222768017866648 0.13586729248070795 0.18378656332777818 0.13586729248070795 0.1222768017866648 0.00738849450756043 0.009095076476500158 0.00738849450756043 0.011958243939707375 0.012728380945605952 0.015894645777836565 0.012728380945605952 0.011958243939707375 0.002108069200161736 0.001873993853296795 0.0021080692001617355 0.0016083556456280906 0.0015526286839461227 0.0013644658004158404 0.0015526286839461227 0.0016083556456280906 0.00030686909810746874 0.00028653191478371354 0.00030686909810746874 0.00025919532272897596 0.0002538009053613398 0.00023929359457275647 0.0002538009053613398 0.00025919532272897596
0.0724972613546645 0.07736399468698668 0.0724972613546645 0.11341525649176123 0.13886256530288285 0.15207912812246865 0.13886256530288285 0.11341525649176123 0.006844614399631877 0.0073917560971512395 0.006844614399631877 0.0091762962280779 0.010752000198765987 0.01142622739273441 0.010752000198765987 0.0091762962280779 0.004486915295099289 0.004415906004366325 0.0044869152950992915 0.004177858602890508 0.004067444715938171 0.004022715924131829 0.0040674447159381715 0.004177858602890508 0.0006281989393778949 0.0005755588642895336 0.0006281989393778949 0.0026126946638627044 0.002560073913609533 0.0025623526947463333 0.002560073913609533 0.0026126946638627044
0.07732719439719535 0.06233057706153032 0.07732719439719535 0.12420608234144355 0.15004875647256774 0.11625239446299099 0.15004875647256774 0.12420608234144355 0.008199631080812751 0.0069367895939438946 0.008199631080812751 0.011242601780639617 0.013040023875013577 0.011174852114114456 0.013040023875013577 0.011242601780639617 0.0038368015421970307 0.003918505096555326 0.003836801542197033 0.003516234138178232 0.003424982340141437 0.0034212142000743764 0.003424982340141437 0.003516234138178232 0.0008388729725887809 0.000830917255702999 0.0008388729725887809 0.0007663360045062728 0.0007582446637946003 0.0007232269969297641 0.0007582446637946003 0.0007663360045062728
0.057674593263390084 0.09445780781659117 0.057674593263390084 0.12597500585352853 0.1129758152760093 0.21611976285915016 0.1129758152760093 0.12597500585352853 0.004423307196620877 0.006642512176473952 0.004423307196620877 0.007395816867729304 0.007087670779759003 0.010769046970904797 0.007087670779759003 0.007395816867729304 0.0036190823711618096 0.0034000737829296343 0.0036190823711618096 0.003359587277943927 0.003406329405671987 0.0032151092926832477 0.0034063294056719865 0.003359587277943927 0.0017505407254833484 0.0016981346174465633 0.0017505407254833484 0.0016641303531024854 0.0016974326805341653 0.0016389283819509173 0.0016974326805341653 0.0016641303531024854
0.06903023148506592 0.06942591323052331 0.06903023148506592 0.11899301231021327 0.14188203062887192 0.1515054867451901 0.14188203062887192 0.11899301231021327 0.006996855133233106 0.007110798988926951 0.006996855133233106 0.010070334553101036 0.011667772779313006 0.011936048124482592 0.011667772779313006 0.010070334553101036 0.004576214498592622 0.004598042264926396 0.0045762144985926215 0.004301599296466872 0.004117906951935797 0.004186231421643659 0.004117906951935797 0.004301599296466872 0.0010515668350463627 0.001067765091288828 0.0010515668350463627 0.0009866356677996123 0.000930255183117171 0.0009608834875048029 0.000930255183117171 0.0009866356677996123
0.05036432570395373 0.059502339162696524 0.05036432570395373 0.10038576018936361 0.13352540863716325 0.16756617820853215 0.13352540863716325 0.10038576018936361 0.012422866313852074 0.015008514537323329 0.012422866313852074 0.019824581350855842 0.02168351361224427 0.02635251985939912 0.02168351361224427 0.019824581350855842 0.007149563433859971 0.006473946825088483 0.007149563433859968 0.0056270008584480835 0.005553697791580609 0.004876659525134619 0.00555369779158061 0.0056270008584480835 0.0010688586305206817 0.000947795061298889 0.0010688586305206817 0.0008355005828178926 0.0008292681631028458 0.000731356285001218 0.0008292681631028458 0.0008355005828178926
0.07422850082058542 0.0455298081698396 0.07422850082058542 0.08206768707090592 0.1877224197615733 0.12090899922102552 0.1877224197615733 0.08206768707090592 0.010897326953267747 0.008428336363927385 0.010897326953267747 0.011885949582930037 0.018235427688844546 0.01454379665468097 0.018235427688844546 0.011885949582930037 0.0047001393204621125 0.0050421878639654435 0.0047001393204621125 0.004340787793293018 0.0037771186970531824 0.0040746813747993965 0.0037771186970531816 0.004340787793293018 0.0007821892013521479 0.0008238300193299412 0.0007821892013521479 0.0007078875058713516 0.0006411835948262024 0.0006751243505018019 0.0006411835948262024 0.0007078875058713516
0.07311236416862431 0.06060084643284968 0.07311236416862431 0.07475899728827215 0.1737089653656134 0.13902639471851586 0.1737089653656134 0.07475899728827215 0.008490502265780521 0.0076766904230047076 0.008490502265780521 0.008595006866160215 0.012906176285443821 0.011704231519628853 0.012906176285443821 0.008595006866160215 0.005637632823862512 0.005710874257597664 0.005637632823862513 0.005497999142958426 0.005296440440488495 0.005355105214717908 0.005296440440488495 0.005497999142958426 0.004291737082785628 0.004317014851406284 0.004291737082785628 0.004204703065292105 0.004191303904352432 0.004225185183011082 0.004191303904352432 0.004204703065292105
0.05715507525119155 0.07644379922297863 0.05715507525119155 0.10231017960623706 0.1485794548093933 0.19709159690458866 0.1485794548093933 0.10231017960623706 0.006347903145192816 0.007517721196199709 0.006347903145192816 0.008850947700155674 0.010419423490429314 0.012296952264688917 0.010419423490429314 0.008850947700155674 0.004338623788666475 0.004217964638198013 0.004338623788666477 0.004036031047886286 0.00399910654473503 0.0038862954651191577 0.003999106544735027 0.004036031047886286 0.0008498088572169665 0.0008270513819483891 0.0008498088572169665 0.0007900852199808642 0.0007968889929660948 0.0007715620181756928 0.0007968889929660948 0.0007900852199808642
0.07333407439673303 0.07254485641525271 0.07333407439673303 0.11957163513400577 0.14093856313221806 0.13743921380088586 0.14093856313221806 0.11957163513400577 0.007453794514131793 0.007198780842674757 0.007453794514131793 0.009599678116890858 0.01051822509522373 0.010298943558979567 0.01051822509522373 0.009599678116890858 0.0050795968477719495 0.005023771578254901 0.005079596847771949 0.00480352647684215 0.004864213183506511 0.004663541525223914 0.004864213183506511 0.00480352647684215 0.0013849306812782308 0.0013261836704516448 0.0013849306812782308 0.0012730378802102902 0.001324842119401658 0.0012124734518487027 0.001324842119401658 0.0012730378802102902
0.046862129119421135 0.04286530619077221 0.046862129119421135 0.08928707028850345 0.12053898847017991 0.11302070353033539 0.12053898847017991 0.08928707028850345 0.012968604072534763 0.01137308285818684 0.012968604072534763 0.01876800726546526 0.022561562366221567 0.019515752904943978 0.022561562366221567 0.01876800726546526 0.020655196484467463 0.02157954875010623 0.020655196484467467 0.01911420952055103 0.017964609060826954 0.019664899511195294 0.017964609060826957 0.01911420952055103 0.004505243824371935 0.005041390275118949 0.004505243824371935 0.004163283515477785 0.003816932156519058 0.004527643690260501 0.003816932156519058 0.004163283515477785
0.051622878552196556 0.0829097051255784 0.051622878552196556 0.0961881363937263 0.11546727908841665 0.18886455984819867 0.11546727908841665 0.0961881363937263 0.01140012358617707 0.014291754181703448 0.01140012358617707 0.01686383166261761 0.017947952327262824 0.022945454804691116 0.017947952327262824 0.01686383166261761 0.008211030555921336 0.007775886870735054 0.008211030555921334 0.007194068035267722 0.007147910890652468 0.0066843322891957276 0.007147910890652469 0.007194068035267722 0.0017043926469895998 0.0016305926022889892 0.0017043926469895998 0.0015004823456967885 0.001491215894829117 0.001419110318100393 0.001491215894829117 0.0015004823456967885
0.05948478152525988 0.06278310368978889 0.05948478152525988 0.09600125710956185 0.13780533755034446 0.14666255595034414 0.13780533755034446 0.09600125710956185 0.011060722885516475 0.012362265532422272 0.011060722885516475 0.01582945369520344 0.01753488782516518 0.01973192629854026 0.01753488782516518 0.01582945369520344 0.009200106195755457 0.008780108508374731 0.00920010619575546 0.008126789804793774 0.008197906102850034 0.0076757914095567596 0.008197906102850034 0.008126789804793774 0.0021407906980263455 0.001993988686930221 0.0021407906980263455 0.001847699818847079 0.001904836330287169 0.0017411208408203232 0.001904836330287169 0.001847699818847079
0.04137007601106292 0.07883700184999225 0.04137007601106292 0.11193075673774217 0.11355340143618128 0.18778958574460577 0.11355340143618128 0.11193075673774217 0.007142296056590994 0.010668588028443981 0.007142296056590994 0.012867713001988535 0.012390622975773539 0.017220433630999975 0.012390622975773539 0.012867713001988535 0.01148356456341333 0.010998950271264192 0.011483564563413333 0.010646642054676657 0.010728856613319997 0.010291582377460225 0.010728856613319992 0.010646642054676657 0.0026164772543909648 0.002567174155506812 0.0026164772543909648 0.0024423627246621935 0.0024475843821890986 0.0023859763177434324 0.0024475843821890986 0.0024423627246621935
0.06133551079965459 0.07061538953601822 0.06133551079965459 0.12403591531937577 0.13766747865501577 0.15447031303833603 0.13766747865501577 0.12403591531937577 0.0061775985137034126 0.006728299571517216 0.0061775985137034126 0.008622411312975501 0.008830393058202995 0.009715162541453264 0.008830393058202995 0.008622411312975501 0.0051101724535584985 0.005075379302991993 0.005110172453558499 0.0050464252155651744 0.00503943362671824 0.0049940571605643766 0.005039433626718238 0.0050464252155651744 0.0030669918322838766 0.0030589830661508547 0.0030669918322838766 0.0031194562883785143 0.003084476310318178 0.0030698890114668758 0.003084476310318178 0.0031194562883785143
0.06164611356594073 0.05874770220340954 0.06164611356594073 0.11793169551745183 0.1308251124671395 0.15936689196198942 0.1308251124671395 0.11793169551745183 0.010135114120974573 0.010644369100656373 0.010135114120974573 0.0160414572547936 0.017481486498540758 0.019185095854098024 0.017481486498540758 0.0160414572547936 0.005732739498275473 0.005695661377928396 0.005732739498275474 0.004685531371161457 0.004365908111835415 0.004336628786425779 0.0043659081118354115 0.004685531371161457 0.0006261146904778463 0.0006122213602775128 0.0006261146904778463 0.0005094685040035794 0.00048760529957235017 0.0004747355548806265 0.00048760529957235017 0.0005094685040035794
0.06126751234259983 0.08157910547151348 0.06126751234259983 0.11669879724285469 0.12906432227669165 0.19461592581208986 0.12906432227669165 0.11669879724285469 0.007052543013725151 0.007613458648110111 0.007052543013725151 0.009799257269606934 0.010751202057016837 0.012274807752441887 0.010751202057016837 0.009799257269606934 0.003862750950832151 0.0037570904219453864 0.0038627509508321525 0.003516682258417204 0.0034955574032252677 0.003348539704882271 0.0034955574032252672 0.003516682258417204 0.0007873291608333092 0.0007514503981075131 0.0007873291608333092 0.0006997396920067764 0.0007022495953341897 0.0006637352646216099 0.0007022495953341897 0.0006997396920067764
0.04748603823844297 0.08382907422066341 0.04748603823844297 0.12220707805936334 0.11341516889340941 0.20734063999494146 0.11341516889340941 0.12220707805936334 0.007440956695178654 0.010512518509399505 0.007440956695178654 0.013158123949552456 0.011855932971619458 0.017166695561615746 0.011855932971619458 0.013158123949552456 0.005701526635076263 0.00532169004048173 0.005701526635076264 0.00503375820553031 0.005232286573344881 0.004810033422078855 0.005232286573344884 0.00503375820553031 0.0010878802283780596 0.0010182574068934977 0.0010878802283780596 0.0009501787983093737 0.0009805524468351932 0.0009021274538451186 0.0009805524468351932 0.0009501787983093737
0.07058129436799022 0.04535812538765299 0.07058129436799022 0.0780376656899507 0.14907774379447336 0.10695239712457714 0.14907774379447336 0.0780376656899507 0.010648978072687935 0.00855833238220222 0.010648978072687935 0.012490642737840141 0.016806077259598443 0.013815607897739224 0.016806077259598443 0.012490642737840141 0.015680120875387903 0.01605440957879366 0.01568012087538791 0.01486562212789733 0.014217916871158027 0.014850982665721402 0.014217916871158032 0.01486562212789733 0.003922717940660193 0.004079987847255353 0.003922717940660193 0.003614840532148871 0.003392982930754374 0.0036569507149630917 0.003392982930754374 0.003614840532148871
0.047850503498993516 0.08020088079583461 0.047850503498993516 0.11568796743382452 0.12166953815981107 0.19350956870231975 0.12166953815981107 0.11568796743382452 0.009845775154804993 0.011976327730084824 0.009845775154804993 0.014717823693137028 0.016254681282345102 0.01933258357276828 0.016254681282345102 0.014717823693137028 0.005019985349240203 0.004763306284106613 0.005019985349240206 0.004269223498315429 0.0040223709547401384 0.0038150763847393495 0.00402237095474014 0.004269223498315429 0.0010852351329374702 0.0010484477204497843 0.0010852351329374702 0.0009337163112229542 0.0008897325805798019 0.0008607027097923409 0.0008897325805798019 0.0009337163112229542
0.07456759764194272 0.0608252569846606 0.07456759764194272 0.10121343134261003 0.16695913606667825 0.14612681591875032 0.16695913606667825 0.10121343134261003 0.0076550325044319615 0.006806978026480048 0.0076550325044319615 0.009239928388179766 0.011919198898524656 0.010948422768348011 0.011919198898524656 0.009239928388179766 0.003761517051576706 0.003840526409112695 0.0037615170515767076 0.00344558433595281 0.0032589824727727095 0.003337264062857533 0.0032589824727727087 0.00344558433595281 0.0005599081781091294 0.0005659803304078199 0.0005599081781091294 0.0004915703962879321 0.0004674577833300938 0.0004700653785893949 0.0004674577833300938 0.0004915703962879321
0.0559430782762626 0.0724388986505326 0.0559430782762626 0.07684631224554334 0.1235357657627717 0.14040891789872195 0.1235357657627717 0.07684631224554334 0.008266625737444584 0.009125176982172672 0.008266625737444584 0.010355281151994189 0.012489379236067416 0.013148954630135712 0.012489379236067416 0.010355281151994189 0.01578290633350455 0.01569174921938301 0.015782906333504543 0.015371952089486714 0.01533801344349887 0.015237760846565892 0.015338013443498865 0.015371952089486714 0.008390906271863095 0.00832142756830793 0.008390906271863095 0.008195047822764699 0.008225873008519192 0.00814483144473831 0.008225873008519192 0.008195047822764699
0.07496229269704607 0.0690681388858859 0.07496229269704607 0.07209334593339077 0.1645915811972544 0.16053139827478663 0.1645915811972544 0.07209334593339077 0.010574904769297703 0.009643506003604049 0.010574904769297703 0.011008298431883012 0.015214702014365231 0.014676936024781168 0.015214702014365231 0.011008298431883012 0.004305023665550746 0.004459987226840933 0.004305023665550745 0.004079288101297202 0.003909085322628955 0.004004379459217625 0.003909085322628956 0.004079288101297202 0.0020826292657333107 0.002127542891768578 0.0020826292657333107 0.0019775503867921437 0.0019466177178345603 0.0019974722269669133 0.0019466177178345603 0.0019775503867921437
0.05042939658523538 0.10853223630166504 0.05042939658523538 0.11501789242978304 0.10747850747421138 0.21132644665023767 0.10747850747421138 0.11501789242978304 0.008392459293800609 0.01151128481827402 0.008392459293800609 0.012241145793416477 0.012554525235481478 0.016434473307384578 0.012554525235481478 0.012241145793416477 0.00469193865992316 0.004560355013021792 0.004691938659923162 0.004322245459733484 0.004052501959780163 0.004028255976665537 0.004052501959780163 0.004322245459733484 0.0007102271317872128 0.0006994153542794362 0.0007102271317872128 0.0006508562647803457 0.0006081609651096997 0.0006078180723869743 0.0006081609651096997 0.0006508562647803457
0.04447198973307518 0.07825951809196495 0.04447198973307518 0.10411328983912947 0.11581401659944555 0.18896643220110892 0.11581401659944555 0.10411328983912947 0.00774476863430443 0.008770576880304866 0.00774476863430443 0.012160259734044677 0.012954579843204313 0.014646125540119195 0.012954579843204313 0.012160259734044677 0.012141147772226607 0.012126573938831774 0.012141147772226607 0.011271369335057332 0.011328707549237505 0.011487490000663266 0.011328707549237508 0.011271369335057332 0.002853717847873954 0.0028848956509670517 0.002853717847873954 0.002621522173388427 0.0026021606648489056 0.002703328244367338 0.0026021606648489056 0.002621522173388427
0.050460543214674525 0.09791129676089388 0.050460543214674525 0.09515201282115278 0.1139026237969035 0.221754806476426 0.1139026237969035 0.09515201282115278 0.007804747290944228 0.010626520864191549 0.007804747290944228 0.011304713961981405 0.012793083516595258 0.01707291205867496 0.012793083516595258 0.011304713961981405 0.007866821139395916 0.007679895557157637 0.007866821139395918 0.007249563259225577 0.0071545991504134215 0.006965377435286293 0.0071545991504134215 0.007249563259225577 0.0014349900530630844 0.0014020561676301327 0.0014349900530630844 0.0012816762664099857 0.0012714824067668567 0.0012334209246864815 0.0012714824067668567 0.0012816762664099857
0.05369787544675713 0.07536723476801165 0.05369787544675713 0.10032631109534383 0.1365383019069004 0.17366464834280435 0.1365383019069004 0.10032631109534383 0.009060520780227796 0.009717080257055897 0.009060520780227796 0.013144546016115144 0.015448619199748662 0.015839175535597144 0.015448619199748662 0.013144546016115144 0.007766820128651993 0.007874563473072338 0.007766820128651991 0.0069600255602884735 0.006683214573776611 0.006895296865964114 0.00668321457377661 0.0069600255602884735 0.0015151429673640393 0.001510056306379656 0.0015151429673640393 0.0013700812617994608 0.0013645535863182929 0.0013799194045311949 0.0013645535863182929 0.0013700812617994608
0.06522151321575795 0.07236298239462344 0.06522151321575795 0.08314082466640388 0.15037911186321126 0.16366645035397326 0.15037911186321126 0.08314082466640388 0.00932388749653279 0.010169261882890584 0.00932388749653279 0.011346048788717093 0.01455608122458009 0.015898079005209016 0.01455608122458009 0.011346048788717093 0.007815827751524038 0.007617692471426648 0.00781582775152404 0.007308283818394554 0.007271853837694153 0.006980957564189948 0.007271853837694153 0.007308283818394554 0.001410128686745763 0.0013641368755641058 0.001410128686745763 0.0012811614878553354 0.0012998596717700918 0.0012312744337491595 0.0012998596717700918 0.0012811614878553354
0.06798266853256402 0.05739833281370345 0.06798266853256402 0.12629239036037093 0.15536463038418613 0.12819591760801688 0.15536463038418613 0.12629239036037093 0.007445353053269861 0.007901582323364235 0.007445353053269861 0.011281208358144045 0.011509704966793119 0.011401377253297837 0.011509704966793119 0.011281208358144045 0.003688981373447673 0.0032403346991341296 0.0036889813734476726 0.0030296649021182244 0.003390010510253644 0.0030267843290281396 0.003390010510253645 0.0030296649021182244 0.0012859733928793733 0.0010154750526323655 0.0012859733928793733 0.0009729345162843153 0.0011819158364993275 0.0009693235472016261 0.0011819158364993275 0.0009729345162843153
0.05098204961798062 0.05352656273050628 0.05098204961798062 0.10897324968692941 0.15026289080785835 0.16155002227205956 0.15026289080785835 0.10897324968692941 0.008562051835818396 0.008307160297383731 0.008562051835818396 0.01262615580974887 0.015213957928514155 0.014997219412527973 0.015213957928514155 0.01262615580974887 0.007436266912464987 0.007489398513077729 0.007436266912464987 0.0065991843117045425 0.006410987077597867 0.006402325241324727 0.0064109870775978664 0.0065991843117045425 0.001751940382347547 0.0017484363638447038 0.001751940382347547 0.0016738264412742884 0.0016656825554733504 0.0016623884338505866 0.0016656825554733504 0.0016738264412742884
0.08941125524326016 0.042272897303731675 0.08941125524326016 0.10146106116649384 0.18364717050940144 0.10368324986005165 0.18364717050940144 0.10146106116649384 0.009365235192097103 0.006490560506276431 0.009365235192097103 0.010158555534436479 0.013694882650586545 0.010291942153583936 0.013694882650586545 0.010158555534436479 0.002311307770360521 0.002425485156139341 0.002311307770360521 0.002185371351487468 0.0021128133771509414 0.0021366495504153435 0.002112813377150941 0.002185371351487468 0.0005286915773677881 0.0005238031023221829 0.0005286915773677881 0.0004875869561584462 0.0004892270376176789 0.00046909563464268513 0.0004892270376176789 0.0004875869561584462
0.04026423055650444 0.08948599752690034 0.04026423055650444 0.12311182426025186 0.10270880565668015 0.2003196601517439 0.10270880565668015 0.12311182426025186 0.006314579246413754 0.009709044062413475 0.006314579246413754 0.011855567974927442 0.010541119679681991 0.01539822954714397 0.010541119679681991 0.011855567974927442 0.009273666148208628 0.008896219245196752 0.009273666148208626 0.00862463926517103 0.008767254124002732 0.008328774704922876 0.008767254124002732 0.00862463926517103 0.0031920202963306088 0.0031584972751197743 0.0031920202963306088 0.003082733482789671 0.003087326523809003 0.0030560430570163123 0.003087326523809003 0.003082733482789671
0.061259071617449194 0.06177335849094858 0.061259071617449194 0.11834534370455362 0.14572546952420815 0.14893044085519352 0.14572546952420815 0.11834534370455362 0.010203154041014904 0.010188468304222969 0.010203154041014904 0.013941293907089298 0.015566356508851407 0.0160474097507145 0.015566356508851407 0.013941293907089298 0.003929604208699941 0.003917277559221399 0.003929604208699942 0.003555734314759963 0.0034248507573480377 0.003276290582280454 0.003424850757348039 0.003555734314759963 0.000529896596521964 0.000531960606422384 0.000529896596521964 0.0004863080191547354 0.00047135256476279894 0.0004579223221681219 0.00047135256476279894 0.0004863080191547354
