0.06030163966380672 0.09141867642507893 0.06030163966380672 0.1290954146417727 0.11952794089333463 0.17870765997379462 0.11952794089333463 0.1290954146417727 0.006834197648717928 0.008975364666773799 0.006834197648717928 0.010917308376013271 0.010020078158758829 0.013131169336040175 0.010020078158758829 0.010917308376013271 0.002779359831375524 0.002598854985888 0.002779359831375524 0.0024712797574575527 0.002529314674683038 0.002368898521826118 0.002529314674683038 0.0024712797574575527 0.0017519557675276525 0.0017281975642280897 0.0017519557675276525 0.0017195080650878123 0.0017411959628581743 0.001692791643582608 0.0017411959628581743 0.0017195080650878123
0.042929469413750705 0.11743107753470951 0.042929469413750705 0.1428481964950884 0.08766195917681023 0.23821709180164846 0.08766195917681023 0.1428481964950884 0.0033842713077421034 0.007659062102513218 0.0033842713077421034 0.008499751923938093 0.005114933037453087 0.011766997831768444 0.005114933037453087 0.008499751923938093 0.003517012701356352 0.0030523940574165055 0.0035170127013563523 0.0030038843586652213 0.0033425792940438583 0.00288862284033414 0.0033425792940438587 0.0030038843586652213 0.0023277425922400893 0.002286820163173551 0.0023277425922400893 0.0022770360775755576 0.0023115181731746064 0.002261224564759493 0.0023115181731746064 0.0022770360775755576
0.06155561036142305 0.09529361920755904 0.06155561036142305 0.11394067572648178 0.12814609320070414 0.20447889785513348 0.12814609320070414 0.11394067572648178 0.00623614320939755 0.008344345473624585 0.00623614320939755 0.00922460607503759 0.00922202888392567 0.012443397904470795 0.00922202888392567 0.00922460607503759 0.001936789645100272 0.001748979221972618 0.0019367896451002716 0.0016896345243468751 0.0017383255082017927 0.0015772846307919566 0.001738325508201793 0.0016896345243468751 0.0011122077223565954 0.001087858487739 0.0011122077223565954 0.0010808481049636618 0.001098159239521008 0.0010633728157885777 0.001098159239521008 0.0010808481049636618
0.060366204438004875 0.09967667913388291 0.060366204438004875 0.12306745279804332 0.12088832491344229 0.19052561895555575 0.12088832491344229 0.12306745279804332 0.006523089981246066 0.010795337272475608 0.006523089981246066 0.012008245751238163 0.009893028655426647 0.015733554698302375 0.009893028655426647 0.012008245751238163 0.0024510281747591985 0.0017994585851949954 0.0024510281747591985 0.0017197766404570634 0.0020927955310822556 0.0014070595103871976 0.002092795531082255 0.0017197766404570634 0.00031341923320086856 0.00023525699703083535 0.00031341923320086856 0.0002256381733176569 0.00026625383692417806 0.0001965185928850512 0.00026625383692417806 0.0002256381733176569
0.054871428926633 0.0954470445746791 0.054871428926633 0.13628314366116154 0.11947421741577888 0.19846406919878598 0.11947421741577888 0.13628314366116154 0.005309404025273192 0.007612810314899709 0.005309404025273192 0.00930797296027682 0.008353652689831919 0.011792667103127362 0.008353652689831919 0.00930797296027682 0.0022449163756035136 0.0020293591415707964 0.002244916375603514 0.00191787217801592 0.0020137468479551326 0.0017356764864932738 0.002013746847955132 0.00191787217801592 0.000466876312011609 0.0004206663711765159 0.000466876312011609 0.0003995907158501195 0.00041946770762285764 0.00037312717723836814 0.00041946770762285764 0.0003995907158501195
0.04426832652428591 0.11633133744569996 0.04426832652428591 0.12293369388457062 0.10090754399957433 0.2244774315074346 0.10090754399957433 0.12293369388457062 0.008053973538055025 0.013793876753086744 0.008053973538055025 0.0143786994209296 0.012721908586208296 0.02033711008025609 0.012721908586208296 0.0143786994209296 0.0026271649374614353 0.0019545073299150188 0.002627164937461435 0.0018724189173947214 0.002031878697149691 0.0014442471943854934 0.0020318786971496913 0.0018724189173947214 0.0003168127442142338 0.0002478772755268842 0.0003168127442142338 0.00023802606934282728 0.0002549300012289294 0.00020285777286411255 0.0002549300012289294 0.00023802606934282728
0.044720541760936046 0.10272057605697237 0.044720541760936046 0.1369415954683163 0.10360080727179244 0.22853533998894293 0.10360080727179244 0.1369415954683163 0.005509720882104482 0.009806528156580074 0.005509720882104482 0.011550308679868889 0.008617334134544496 0.015555182593195977 0.008617334134544496 0.011550308679868889 0.002860435578119758 0.0022451371695422274 0.002860435578119758 0.0021111095612471793 0.0025073305588720336 0.0018124305926566719 0.0025073305588720336 0.0021111095612471793 0.0003704149696935434 0.00029376702875727207 0.0003704149696935434 0.00028179717305733823 0.00032177809669537425 0.0002446901428566481 0.00032177809669537425 0.00028179717305733823
0.0492110342992659 0.0936230047015025 0.0492110342992659 0.12415176903014444 0.11569513219702196 0.20844377859865285 0.11569513219702196 0.12415176903014444 0.007431579348802175 0.01050488700133679 0.007431579348802175 0.012047659704002824 0.01187959456558442 0.0167851851869649 0.01187959456558442 0.012047659704002824 0.00360724271502254 0.003203555590840189 0.0036072427150225387 0.003061085728693723 0.0030456988928959407 0.002577086252577389 0.003045698892895941 0.003061085728693723 0.0006504947676776862 0.0005856950674283647 0.0006504947676776862 0.0005569496894580035 0.0005553437671926933 0.0004896381891722366 0.0005553437671926933 0.0005569496894580035
0.042952819354103305 0.11577992048356292 0.042952819354103305 0.13574138133670907 0.10084665518088674 0.24489393577779398 0.10084665518088674 0.13574138133670907 0.004912390756828938 0.008608426268561096 0.004912390756828938 0.00968144271313715 0.007847423338919989 0.013607121097374265 0.007847423338919989 0.00968144271313715 0.001705527851636944 0.0014311166624265347 0.0017055278516369433 0.0013143097108416683 0.0014383026445183844 0.001127833257053115 0.0014383026445183842 0.0013143097108416683 0.00024297564761122686 0.00020404509824416652 0.00024297564761122686 0.00019339919266281183 0.00021264252216174272 0.00016906085494804098 0.00021264252216174272 0.00019339919266281183
0.07919234687942249 0.07905389325715563 0.07919234687942249 0.119719175947904 0.1399274264285232 0.14811806554284238 0.1399274264285232 0.119719175947904 0.008620674162871293 0.008211291666413916 0.008620674162871293 0.011453606473238473 0.011752117374239753 0.011429557119812334 0.011752117374239753 0.011453606473238473 0.0014591459275662955 0.0015603463559350985 0.001459145927566296 0.0011471170691712826 0.0012229225985035512 0.00133031882917387 0.0012229225985035516 0.0011471170691712826 0.00017576462849007573 0.00018987167828045235 0.00017576462849007573 0.00014669252416496902 0.00015287592613448772 0.00016692366992658974 0.00015287592613448772 0.00014669252416496902
0.04495659237199209 0.11042107568102444 0.04495659237199209 0.1399444329333202 0.10058277134806919 0.2287339190817517 0.10058277134806919 0.1399444329333202 0.00547548545999728 0.00959573634329652 0.00547548545999728 0.011169023335179079 0.00884344870102813 0.015024437915338846 0.00884344870102813 0.011169023335179079 0.001983618815325554 0.0014503131531903865 0.001983618815325554 0.00132548552384168 0.0016307142295420719 0.0010501268049364207 0.0016307142295420728 0.00132548552384168 0.0002951935148061209 0.00021842910036217988 0.0002951935148061209 0.0002084030787026818 0.00024996299848170064 0.0001756972995280868 0.00024996299848170064 0.0002084030787026818
0.05020848610454272 0.10185661387637172 0.05020848610454272 0.143390710548457 0.10887265719670769 0.21601270691803004 0.10887265719670769 0.143390710548457 0.004659072790757719 0.006766475474526468 0.004659072790757719 0.0085180030424631 0.006943969592773354 0.01057857849716738 0.006943969592773354 0.0085180030424631 0.0018190968004532743 0.0017320068420770445 0.001819096800453274 0.0015458950003804975 0.0016330792421509954 0.0015153520815810303 0.0016330792421509954 0.0015458950003804975 0.000824883808527651 0.0008140930434718062 0.000824883808527651 0.0007765885202103054 0.0007914158160698479 0.0007564563397864064 0.0007914158160698479 0.0007765885202103054
0.054073230985350114 0.10931101680741992 0.054073230985350114 0.1174550786229263 0.1170412074353603 0.21692170765619245 0.1170412074353603 0.1174550786229263 0.0064636394674885645 0.01041454490043763 0.0064636394674885645 0.010692730773517177 0.009975891007029348 0.015602959260429589 0.009975891007029348 0.010692730773517177 0.0022110675042312736 0.0017368733018058322 0.0022110675042312745 0.0017057992774229208 0.0018504350162435316 0.0013427566648496225 0.0018504350162435324 0.0017057992774229208 0.00025856713433433903 0.00020483259169339549 0.00025856713433433903 0.0002026527304686211 0.00021559679970143525 0.00017351530902375928 0.00021559679970143525 0.0002026527304686211
0.04813571931529476 0.10580268215834455 0.04813571931529476 0.1132755903956382 0.11232576869802248 0.22176466048333793 0.11232576869802248 0.1132755903956382 0.005990276445848772 0.009982926158737773 0.005990276445848772 0.010333884659328428 0.009595103996819947 0.015703919725375052 0.009595103996819947 0.010333884659328428 0.005227095465067321 0.0047337141523231515 0.005227095465067321 0.004658973525963752 0.0048454659872451305 0.0042197689023200325 0.004845465987245136 0.004658973525963752 0.0012127978503150888 0.0011213342324949205 0.0012127978503150888 0.0010933625697227467 0.0011344846870269868 0.0010139469944793569 0.0011344846870269868 0.0010933625697227467
0.05400619862372768 0.09706980706232607 0.05400619862372768 0.13848405401690814 0.11055205269479354 0.21997339523093054 0.11055205269479354 0.13848405401690814 0.004541954686625825 0.00730180167488932 0.004541954686625825 0.009087416538756167 0.00698463700776409 0.011904254966468077 0.00698463700776409 0.009087416538756167 0.001997218138618283 0.0016850187177799318 0.0019972181386182816 0.0015795535051343742 0.0017786083264450993 0.0014144084545146547 0.0017786083264450993 0.0015795535051343742 0.00036962745403951435 0.00032117477549905535 0.00036962745403951435 0.00030872047776937827 0.0003368447102947259 0.00027636675583880116 0.0003368447102947259 0.00030872047776937827
0.069102179166164 0.09903294336052153 0.069102179166164 0.12322000629967303 0.1413521820004109 0.15276635265574504 0.1413521820004109 0.12322000629967303 0.007163126677213132 0.008798809363648978 0.007163126677213132 0.01014314545772943 0.01061470643710878 0.011235220930675253 0.01061470643710878 0.01014314545772943 0.00066535663205966 0.0005911290851935067 0.00066535663205966 0.0004935534931912567 0.0005157758273089907 0.00047791263956382837 0.0005157758273089907 0.0004935534931912567 7.967252337438366e-05 7.27655812348046e-05 7.967252337438366e-05 6.499865915340362e-05 6.603763332851634e-05 6.338476998627083e-05 6.603763332851634e-05 6.499865915340362e-05
0.05172358249092834 0.11479857508197404 0.05172358249092834 0.12739980513765026 0.11006738423198516 0.22349790763698815 0.11006738423198516 0.12739980513765026 0.0054754100303855 0.00894519072158351 0.0054754100303855 0.009817018621987085 0.008377969669941423 0.012745146599326239 0.008377969669941423 0.009817018621987085 0.001669521319236455 0.0015016935876540638 0.0016695213192364558 0.0013576632580786 0.0014311030611561348 0.0013525633756659352 0.0014311030611561348 0.0013576632580786 0.00032866881517960416 0.0003295272442591226 0.00032866881517960416 0.00030584400496262915 0.00030420784533345127 0.0003130387788997939 0.00030420784533345127 0.00030584400496262915
0.044132047791941846 0.10942789519135616 0.044132047791941846 0.14015481589662462 0.09094119630274539 0.23620122346420278 0.09094119630274539 0.14015481589662462 0.0057200198442283814 0.011043918958858054 0.0057200198442283814 0.012689919244015458 0.009059390612391518 0.017443641815372515 0.009059390612391518 0.012689919244015458 0.002778988786287149 0.002017038769973595 0.002778988786287149 0.0018629377597470182 0.0022859836252768673 0.0015414113495683711 0.002285983625276868 0.0018629377597470182 0.00048223623328716187 0.00035485510164674896 0.00048223623328716187 0.00033384249479842136 0.0003978653784030897 0.00029152740952807684 0.0003978653784030897 0.00033384249479842136
0.0966855646868324 0.050520197987996576 0.0966855646868324 0.13141656185343015 0.1634592812517147 0.09906889784664533 0.1634592812517147 0.13141656185343015 0.006764605572721673 0.004755334409448122 0.006764605572721673 0.008470348616267146 0.009537364184218744 0.006878505798097676 0.009537364184218744 0.008470348616267146 0.0007245579691540584 0.0007955027280098217 0.0007245579691540579 0.0005847967903062138 0.0005764194285833716 0.0006381109983136746 0.0005764194285833716 0.0005847967903062138 0.00012677335573909693 0.00012105875858805356 0.00012677335573909693 0.00010529990529539327 0.00010811827592383621 0.00010300769252722242 0.00010811827592383621 0.00010529990529539327
0.04359442471195495 0.11164297451413724 0.04359442471195495 0.11117413902903746 0.09000036445755939 0.2239323899230652 0.09000036445755939 0.11117413902903746 0.006752643269417523 0.011919034849631633 0.006752643269417523 0.012274887616277427 0.010480645013556448 0.018564900890813286 0.010480645013556448 0.012274887616277427 0.008488062202108692 0.007777893650128139 0.008488062202108692 0.0076217424303186895 0.0079151391310433 0.007018136889805279 0.0079151391310433 0.0076217424303186895 0.003000980025537294 0.0028279925706045633 0.003000980025537294 0.002753037642140368 0.0028173659550470936 0.002569813743817219 0.0028173659550470936 0.002753037642140368
0.05463316785290589 0.10082883521477358 0.05463316785290589 0.1268642265643649 0.10058648239478157 0.19643443530496277 0.10058648239478157 0.1268642265643649 0.0088296348284867 0.013098264331738435 0.0088296348284867 0.015120027328884032 0.012291284063983342 0.019359620491899477 0.012291284063983342 0.015120027328884032 0.004318019332283904 0.0036431133629583035 0.004318019332283903 0.0033369884407779935 0.0037423958174054375 0.002917101887231511 0.003742395817405439 0.0033369884407779935 0.0006125424236357099 0.0005353162408727737 0.0006125424236357099 0.0004964663667053727 0.0005341171860752437 0.00045260796498292966 0.0005341171860752437 0.0004964663667053727
0.04641511583981681 0.12618847066005637 0.04641511583981681 0.1306807633034332 0.09552115758788153 0.2530408382630521 0.09552115758788153 0.1306807633034332 0.005277008374861228 0.00941612875473423 0.005277008374861228 0.009780508853243268 0.0077030028101314285 0.013871912293784374 0.0077030028101314285 0.009780508853243268 0.0009307917288921165 0.0006671185404129057 0.0009307917288921166 0.0006391512083651499 0.0007727853571027364 0.0005289109401380187 0.0007727853571027361 0.0006391512083651499 0.00012030387654785791 0.0001015964461647094 0.00012030387654785791 9.987570686413243e-05 0.00010701880708120671 9.005719321594802e-05 0.00010701880708120671 9.987570686413243e-05
0.07126600329543614 0.0835384554461648 0.07126600329543614 0.11552225736368575 0.13621129950245187 0.15431950736587938 0.13621129950245187 0.11552225736368575 0.009466953819840283 0.010555790777434926 0.009466953819840283 0.012609590727111786 0.013177473062873502 0.014638691879984024 0.013177473062873502 0.012609590727111786 0.0024129096101584875 0.0022212950683182953 0.002412909610158486 0.002029498310109985 0.002075755709505064 0.0018639276926299807 0.0020757557095050644 0.002029498310109985 0.00045507498162221686 0.0004278654843076384 0.00045507498162221686 0.00039829555668529753 0.00040359154823029007 0.0003770593098594902 0.00040359154823029007 0.00039829555668529753
0.06681725568218937 0.07008116608699948 0.06681725568218937 0.126361917740942 0.15625627231692094 0.15036188149262247 0.15625627231692094 0.126361917740942 0.006337469929368402 0.007237674015376189 0.006337469929368402 0.01026865697870981 0.01040945713020534 0.010909061131563222 0.01040945713020534 0.01026865697870981 0.0011261114332596662 0.0010156802597412556 0.0011261114332596662 0.0007936779495224986 0.0008652459262250297 0.0008347313711701989 0.0008652459262250299 0.0007936779495224986 0.00015304794890784508 0.0001488919247685372 0.00015304794890784508 0.0001247455562639307 0.00012649397146604106 0.0001302085897969939 0.00012649397146604106 0.0001247455562639307
0.0402257467153966 0.11956889135279455 0.0402257467153966 0.12406183660828418 0.08989226650021762 0.2851634071463755 0.08989226650021762 0.12406183660828418 0.0042765132351073095 0.008647272398165302 0.0042765132351073095 0.009003738854856645 0.007007393251823421 0.014637393452453787 0.007007393251823421 0.009003738854856645 0.0029536187177947345 0.0024974479118744365 0.002953618717794736 0.0023926343155931586 0.0025201573006414504 0.0019248602981255757 0.0025201573006414504 0.0023926343155931586 0.00042822298720166364 0.00035986314225916683 0.00042822298720166364 0.0003415749625362566 0.0003525309152470438 0.0002883955685514505 0.0003525309152470438 0.0003415749625362566
0.07151462989446639 0.08577191865091509 0.07151462989446639 0.13339771804163902 0.13624209450529656 0.1701436828469775 0.13624209450529656 0.13339771804163902 0.005056491474558708 0.005846837339879072 0.005056491474558708 0.007296240778658728 0.007171454673432679 0.008534577143465564 0.007171454673432679 0.007296240778658728 0.0007003550872676641 0.0006327816035281688 0.0007003550872676641 0.0006054655424630008 0.0006358426516598487 0.00057087609727729 0.0006358426516598485 0.0006054655424630008 0.0004151977679353291 0.00040493619033549243 0.0004151977679353291 0.00040304817785204075 0.00041144377922694745 0.0003944253787079414 0.00041144377922694745 0.00040304817785204075
0.05803027898847802 0.08802946779354738 0.05803027898847802 0.12049115963628505 0.12456992284494511 0.20786579053819199 0.12456992284494511 0.12049115963628505 0.0069531478873299975 0.009422094584448648 0.0069531478873299975 0.011234959592078505 0.010476438362009934 0.01485153668198263 0.010476438362009934 0.011234959592078505 0.0020455284219846213 0.001594862359960452 0.0020455284219846217 0.0014854914109351948 0.0017581348547997372 0.0012883024272070476 0.0017581348547997372 0.0014854914109351948 0.0004448319914831805 0.0003154118285091368 0.0004448319914831805 0.0003080582615636963 0.00038099984983804654 0.00027462958269052466 0.00038099984983804654 0.0003080582615636963
0.048232826672166905 0.09863437465632631 0.048232826672166905 0.13029313480718094 0.11094867525354045 0.22751118152314606 0.11094867525354045 0.13029313480718094 0.00636622438769647 0.009460612022583035 0.00636622438769647 0.010996150538528142 0.009804804085718037 0.014745057384582526 0.009804804085718037 0.010996150538528142 0.0021214637665782203 0.0017899339836851787 0.0021214637665782203 0.0016670614624862935 0.0017875809001376703 0.0014421888656376927 0.0017875809001376701 0.0016670614624862935 0.0002822458052019896 0.0002454685890665497 0.0002822458052019896 0.00023434212315732206 0.00024444998938910666 0.00021326339140948498 0.00024444998938910666 0.00023434212315732206
0.0626381250503295 0.08031088167553112 0.0626381250503295 0.125706149439008 0.14050947233333735 0.18346066538295844 0.14050947233333735 0.125706149439008 0.004841413728777371 0.005978517465994722 0.004841413728777371 0.008120216649364428 0.007648911554514999 0.009469136247010445 0.007648911554514999 0.008120216649364428 0.0018128834225791361 0.001653345640330762 0.001812883422579136 0.0015315806619320207 0.001663204695834895 0.0015137973736958593 0.001663204695834895 0.0015315806619320207 0.0010995820596502559 0.0010802472448137271 0.0010995820596502559 0.0010743995982291077 0.001090952886882872 0.0010596248087850015 0.001090952886882872 0.0010743995982291077
0.06409406120443073 0.10065475598931417 0.06409406120443073 0.13511340993365997 0.11248531887918402 0.18580296119831563 0.11248531887918402 0.13511340993365997 0.007607650881703679 0.00996203797895611 0.007607650881703679 0.011864994068429285 0.010413717407937093 0.01409402782729001 0.010413717407937093 0.011864994068429285 0.000888029991961816 0.0006782667412610607 0.0008880299919618158 0.0005908555940973763 0.0007138316939367074 0.0004993591532990629 0.0007138316939367078 0.0005908555940973763 0.00011021983725924232 9.613573124503509e-05 0.00011021983725924232 8.838436750703828e-05 9.516110634644985e-05 8.118544741205058e-05 9.516110634644985e-05 8.838436750703828e-05
0.10959004170484782 0.033215661680035834 0.10959004170484782 0.13515337420859252 0.17307190733924113 0.07277456127857737 0.17307190733924113 0.13515337420859252 0.006723471789510669 0.002461680677065474 0.006723471789510669 0.007773946712267932 0.008902006535533644 0.003934914139327963 0.008902006535533644 0.007773946712267932 0.0005181215265065091 0.0007622356493496049 0.000518121526506509 0.00044290876382780764 0.00043711510661722077 0.0006361479687866431 0.0004371151066172204 0.00044290876382780764 0.0001300043254582247 0.0001431764144758949 0.0001300043254582247 0.00011569716530164726 0.00011523854234307718 0.00012395475228491057 0.00011523854234307718 0.00011569716530164726
0.06532127334626314 0.0811220538663098 0.06532127334626314 0.11991079932130286 0.13726204320347068 0.17457085732402372 0.13726204320347068 0.11991079932130286 0.0077973667703151615 0.008918577761072518 0.0077973667703151615 0.011765486965332748 0.011906039919045167 0.013775357696159639 0.011906039919045167 0.011765486965332748 0.0017728825843443615 0.0016599466816239856 0.0017728825843443615 0.0013481770528588977 0.0014227483308718268 0.0012945100659611864 0.0014227483308718262 0.0013481770528588977 0.00023500768093733578 0.00022425689662074414 0.00023500768093733578 0.00018975110134828826 0.0001941807435392725 0.0001829256689689211 0.0001941807435392725 0.00018975110134828826
0.046051181661586504 0.11125481650929192 0.046051181661586504 0.13904105600222882 0.08861128179005477 0.24227840796515698 0.08861128179005477 0.13904105600222882 0.005545839511996235 0.009590343031013141 0.005545839511996235 0.010818665193364337 0.007888688061357669 0.014863936953902533 0.007888688061357669 0.010818665193364337 0.003218017465335851 0.0027124497711662593 0.0032180174653358507 0.0026269394285825293 0.002928871321475901 0.0022780505479400195 0.0029288713214758997 0.0026269394285825293 0.0005061126751580836 0.0004245712241001979 0.0005061126751580836 0.00041587915868224813 0.0004603433712717783 0.00037167271523945764 0.0004603433712717783 0.00041587915868224813
0.042610125982614724 0.10831153256587592 0.042610125982614724 0.13905803149226137 0.0961525611585959 0.23326761611141272 0.0961525611585959 0.13905803149226137 0.0042455502191563604 0.00832465890086784 0.0042455502191563604 0.009581808914301453 0.006837807648705107 0.013254546014136772 0.006837807648705107 0.009581808914301453 0.004228022743734306 0.0036354216273728973 0.004228022743734306 0.0034899360673921456 0.00381526543172824 0.0032646833228815054 0.00381526543172824 0.0034899360673921456 0.0013180340406448035 0.0012071931318357741 0.0013180340406448035 0.0011898986281184323 0.0012637784888509583 0.00115270669340899 0.0012637784888509583 0.0011898986281184323
0.06384426762657056 0.10311998269574923 0.06384426762657056 0.13583669607722323 0.11486181254212775 0.1807599464023576 0.11486181254212775 0.13583669607722323 0.007491420897601984 0.009874850867716086 0.007491420897601984 0.011534113307014171 0.010221250922958057 0.013333582352153511 0.010221250922958057 0.011534113307014171 0.0006506500668923021 0.0005312752821394195 0.0006506500668923025 0.00047529646671664666 0.0005401125652986956 0.0004327234144983919 0.0005401125652986959 0.00047529646671664666 0.00013820277115951594 0.00012698846795111484 0.00013820277115951594 0.0001251472025898635 0.00013188083510176068 0.00011894795492565579 0.00013188083510176068 0.0001251472025898635
0.07112580268901791 0.1004490902366322 0.07112580268901791 0.12369959678275835 0.11622994837841415 0.1778865188629873 0.11622994837841415 0.12369959678275835 0.009139769656848266 0.011140810511930556 0.009139769656848266 0.012428678994038997 0.011625393374503626 0.014824581749166373 0.011625393374503626 0.012428678994038997 0.0009314966082075144 0.0007776882315657958 0.0009314966082075148 0.0007229664250499136 0.0007869514675632073 0.0006351001214047055 0.0007869514675632076 0.0007229664250499136 0.00012635952029016017 0.00011241150114547545 0.00012635952029016017 0.0001072877768396883 0.00011340605066936124 9.84833367651612e-05 0.00011340605066936124 0.0001072877768396883
0.04805416434564476 0.11391950289080277 0.04805416434564476 0.14429676866163751 0.09742729058484222 0.22465748059737986 0.09742729058484222 0.14429676866163751 0.004356201053263134 0.007399100543757308 0.004356201053263134 0.008550401343076715 0.006587891285694495 0.011257349719461662 0.006587891285694495 0.008550401343076715 0.0019688822071403213 0.0017479512441976146 0.001968882207140321 0.0016923690975788994 0.0018011323738617692 0.0015999318684374571 0.00180113237386177 0.0016923690975788994 0.0012635943748476694 0.0012379946763356256 0.0012635943748476694 0.0012319780369033956 0.0012517746528839385 0.0012157924248781052 0.0012517746528839385 0.0012319780369033956
0.05145937974368141 0.10890177746787603 0.05145937974368141 0.11385384102673789 0.10743699742559379 0.2314680539413017 0.10743699742559379 0.11385384102673789 0.006007760886632852 0.00920637716515009 0.006007760886632852 0.009834480419016614 0.009177602081736888 0.014489445823656816 0.009177602081736888 0.009834480419016614 0.003472799525093621 0.0031873468954794824 0.0034727995250936217 0.003062204123093152 0.003136981186440531 0.0028376897694943463 0.003136981186440532 0.003062204123093152 0.001914592292189243 0.001879685897492123 0.001914592292189243 0.0018589059919381782 0.001885287148258393 0.0018279593387242373 0.001885287148258393 0.0018589059919381782
0.05873871302225275 0.10075466222422205 0.05873871302225275 0.12477554328317153 0.11876652090563658 0.20697569091488174 0.11876652090563658 0.12477554328317153 0.006239445723590099 0.008194395157474527 0.006239445723590099 0.009472313338032822 0.009066839698075327 0.012339463632911617 0.009066839698075327 0.009472313338032822 0.0015156022464355194 0.001385146800640626 0.0015156022464355194 0.001308319010197852 0.0013509498744529531 0.0012253994825858227 0.0013509498744529531 0.001308319010197852 0.0008469832401682647 0.0008280723672636471 0.0008469832401682647 0.0008243606096339877 0.0008389713067736023 0.0008080449031774666 0.0008389713067736023 0.0008243606096339877
0.07105639878933663 0.0747543766269283 0.07105639878933663 0.10061619818385627 0.16423877529400807 0.1532621751243866 0.16423877529400807 0.10061619818385627 0.008444631584841433 0.00885976603490025 0.008444631584841433 0.010636758276842198 0.013416796794993652 0.013379443483502828 0.013416796794993652 0.010636758276842198 0.0016302546865213797 0.0015809192950959033 0.001630254686521379 0.0013871123371972038 0.0012622524729073601 0.00123128395387957 0.0012622524729073593 0.0013871123371972038 0.0002158617386156345 0.00021010670201749828 0.0002158617386156345 0.00019137020851960236 0.0001779366977137019 0.0001732346485828598 0.0001779366977137019 0.00019137020851960236
0.06538088700800486 0.09347733916510152 0.06538088700800486 0.1262877434956181 0.13087976938265444 0.19916950311019316 0.13087976938265444 0.1262877434956181 0.004957770858948031 0.00612647396200472 0.004957770858948031 0.007374100444991211 0.007147632025896806 0.009176088272877504 0.007147632025896806 0.007374100444991211 0.0008572195416752266 0.0007920775410646027 0.0008572195416752266 0.0007298162991158352 0.0007566431378320872 0.0006994244127290952 0.0007566431378320874 0.0007298162991158352 0.00024155044402272822 0.00023354975560209968 0.00024155044402272822 0.00022231138440923247 0.0002203315349187332 0.00021399266425270656 0.0002203315349187332 0.00022231138440923247
0.06598345008825521 0.08961097780309304 0.06598345008825521 0.1235419919518531 0.12925703667953667 0.19130017896393434 0.12925703667953667 0.1235419919518531 0.006442155727434796 0.007876841579168944 0.006442155727434796 0.009522484526548797 0.009002612094316931 0.01206457025447836 0.009002612094316931 0.009522484526548797 0.0014132289725150452 0.0013149902634485937 0.0014132289725150452 0.0011817335525134331 0.0012553346246627734 0.0010925787632331849 0.0012553346246627743 0.0011817335525134331 0.00021117281058717928 0.00020054945947890307 0.00021117281058717928 0.00018264360942186228 0.00018994510894382858 0.0001717334199854757 0.00018994510894382858 0.00018264360942186228
0.057279324821440936 0.11524456815014346 0.057279324821440936 0.14312891235680478 0.09660684437489722 0.21531810878799076 0.09660684437489722 0.14312891235680478 0.005730738496153164 0.009199758210193571 0.005730738496153164 0.01060691168128947 0.007579776619225068 0.013252428838120424 0.007579776619225068 0.01060691168128947 0.000741757603402219 0.0005019596310185153 0.0007417576034022196 0.00044065001865720344 0.0006431718175010317 0.00036430244647443993 0.0006431718175010315 0.00044065001865720344 9.32118419027003e-05 6.937603203194855e-05 9.32118419027003e-05 6.35215193936632e-05 8.186850367549372e-05 5.611859534100057e-05 8.186850367549372e-05 6.35215193936632e-05
0.055720795037288225 0.06933099388091235 0.055720795037288225 0.12807526990305906 0.12655186949467323 0.16398262886453224 0.12655186949467323 0.12807526990305906 0.007209714699833967 0.009443722208464012 0.007209714699833967 0.01289505733161903 0.011555948372658406 0.015434975690832776 0.011555948372658406 0.01289505733161903 0.006007350827392971 0.0054440917981328175 0.006007350827392969 0.005114435102615304 0.005521430813802114 0.0046955564670484035 0.005521430813802108 0.005114435102615304 0.0019565779593300804 0.0017853814087361974 0.0019565779593300804 0.0017053681915199898 0.0018281119321865407 0.0015987903493833425 0.0018281119321865407 0.0017053681915199898
0.0646859820326859 0.08111957994018991 0.0646859820326859 0.1251160170953315 0.13549244693722717 0.17514887858982933 0.13549244693722717 0.1251160170953315 0.005907240462062492 0.007543595375104632 0.005907240462062492 0.009470517259603194 0.009082036804158394 0.011495894441835524 0.009082036804158394 0.009470517259603194 0.0025043418867554514 0.0022127335302778496 0.0025043418867554514 0.002077375989015779 0.0022203808639746276 0.001942893105898683 0.0022203808639746276 0.002077375989015779 0.0009734373477114956 0.0009351460966721691 0.0009734373477114956 0.0009098832698080934 0.0009214877134279474 0.0008789835966677101 0.0009214877134279474 0.0009098832698080934
0.04821744125718161 0.1073904900898008 0.04821744125718161 0.10727253563005015 0.12268924305900701 0.26208634171912637 0.12268924305900701 0.10727253563005015 0.0038369269271326615 0.007314698070762104 0.0038369269271326615 0.007289096065196485 0.0064643410176859605 0.012512963681433032 0.0064643410176859605 0.007289096065196485 0.0024376978063934624 0.001923238962736053 0.0024376978063934624 0.0019631401105494038 0.0022309494951837077 0.0014743936921735867 0.0022309494951837073 0.0019631401105494038 0.00035733589950990804 0.0002909199282676655 0.00035733589950990804 0.0002955357625114344 0.0003254130819072154 0.00024764163108221974 0.0003254130819072154 0.0002955357625114344
0.0527788027366464 0.1135205956179777 0.0527788027366464 0.13018083873582842 0.11806017028186827 0.20001478815431867 0.11806017028186827 0.13018083873582842 0.005367641736578209 0.007773741107340999 0.005367641736578209 0.008877830537591181 0.00829596298655029 0.01130197594658986 0.00829596298655029 0.008877830537591181 0.0020594784136077375 0.0019054227180024862 0.0020594784136077383 0.0017829178121003088 0.0018140695253537737 0.001668962553083936 0.0018140695253537737 0.0017829178121003088 0.0007021461956059006 0.0006725382717799626 0.0007021461956059006 0.0006584826172709607 0.0006770718501663296 0.0006311487725706272 0.0006770718501663296 0.0006584826172709607
0.079041570727287 0.09356178518028332 0.079041570727287 0.13483486964870509 0.13605515971893417 0.14205290061923698 0.13605515971893417 0.13483486964870509 0.0060558611865814274 0.006929317072116641 0.0060558611865814274 0.008671955678250931 0.008276569950847064 0.008563632257906628 0.008276569950847064 0.008671955678250931 0.00039312998801696017 0.0003389190494862309 0.00039312998801695984 0.0002803537400199847 0.00030912848115636967 0.0002759698380802885 0.0003091284811563695 0.0002803537400199847 6.204716402889752e-05 5.833910154235842e-05 6.204716402889752e-05 5.102496827286957e-05 5.240389851267044e-05 5.098658012061065e-05 5.240389851267044e-05 5.102496827286957e-05
0.06332596747534994 0.0819616157313816 0.06332596747534994 0.13257939006869468 0.1380813220618809 0.17352545992633195 0.1380813220618809 0.13257939006869468 0.005862172825194018 0.007269726157552059 0.005862172825194018 0.009932181293920244 0.009179687542000159 0.011146916548041532 0.009179687542000159 0.009932181293920244 0.001119315897540885 0.0009576573897383265 0.0011193158975408852 0.0007770575717083892 0.0008965793302291781 0.0007502072890213698 0.000896579330229178 0.0007770575717083892 0.00013186761181045725 0.00011319585431301195 0.00013186761181045725 9.702614557794617e-05 0.0001084944748889442 9.309650602877912e-05 0.0001084944748889442 9.702614557794617e-05
0.0722375984496954 0.08271268754838114 0.0722375984496954 0.1325698568204138 0.13312787466202752 0.1604284325123095 0.13312787466202752 0.1325698568204138 0.007104470589383369 0.007863029449139566 0.007104470589383369 0.010596668164954632 0.01001648255012723 0.011176424171774018 0.01001648255012723 0.010596668164954632 0.0008402293988959031 0.0007411412276376227 0.0008402293988959031 0.0005911325893032277 0.0006861243640773754 0.0006070710191138801 0.0006861243640773754 0.0005911325893032277 0.00013399626659502096 0.00012099502086296597 0.00013399626659502096 0.00010331846621892394 0.00011464538652485918 0.00010542363434669232 0.00011464538652485918 0.00010331846621892394
0.05100650642317412 0.10425647998599619 0.05100650642317412 0.13745813322784306 0.10471753921020936 0.2152474396276375 0.10471753921020936 0.13745813322784306 0.0051886822945412135 0.008338100587121066 0.0051886822945412135 0.01000639070057478 0.007924814992837417 0.012637727280778619 0.007924814992837417 0.01000639070057478 0.0027815610819603097 0.002418497427663515 0.002781561081960311 0.002277505406451965 0.0025053833960370013 0.0021422081533598878 0.002505383396037001 0.002277505406451965 0.0009491292258211244 0.000885653679586875 0.0009491292258211244 0.0008746244937975809 0.0009230158688983158 0.0008473206135636992 0.0009230158688983158 0.0008746244937975809
0.03987086378688391 0.09344220464984755 0.03987086378688391 0.13510586512585976 0.1061481525517802 0.23043546412866117 0.1061481525517802 0.13510586512585976 0.006051857049969696 0.009550033069004328 0.006051857049969696 0.012457828487296138 0.010644630615246422 0.01633724448885678 0.010644630615246422 0.012457828487296138 0.003824902978775473 0.003374101331764369 0.0038249029787754706 0.0029971278286714228 0.0031875817644554934 0.002688288855459617 0.0031875817644554934 0.0029971278286714228 0.0005204129681102485 0.00046466709554004814 0.0005204129681102485 0.00041863980294969605 0.00043540297721899414 0.0003814645064311759 0.00043540297721899414 0.00041863980294969605
0.07703343239726397 0.08711093736732108 0.07703343239726397 0.09995187129915048 0.15248099882443783 0.17941223972268247 0.15248099882443783 0.09995187129915048 0.006749981750357178 0.007596934550162777 0.006749981750357178 0.008466688052856419 0.009548747744541375 0.01097882243511177 0.009548747744541375 0.008466688052856419 0.0008078298691085279 0.0006920408323438506 0.0008078298691085285 0.0006169967072035437 0.0006778463441355414 0.0005640728919170624 0.0006778463441355412 0.0006169967072035437 0.00013951672882081198 0.00012117202906495 0.00013951672882081198 0.0001125601692603851 0.00012268363358888294 0.0001054731299461162 0.00012268363358888294 0.0001125601692603851
0.056691366999488194 0.09792360585966994 0.056691366999488194 0.13470678700514416 0.11845533429135859 0.20227406033964565 0.11845533429135859 0.13470678700514416 0.005339194949644116 0.007006475309611792 0.005339194949644116 0.008737843449256225 0.00804501252617693 0.01083871441041402 0.00804501252617693 0.008737843449256225 0.0017673511905711235 0.001619754617312688 0.0017673511905711235 0.001489796722088294 0.0015541563872300296 0.0013963866817674848 0.0015541563872300296 0.001489796722088294 0.0006928376283226712 0.0006647547936455711 0.0006928376283226712 0.0006588852094477582 0.0006804431918891347 0.0006382288866982939 0.0006804431918891347 0.0006588852094477582
0.06107149170625122 0.09736018777107727 0.06107149170625122 0.1284104319924093 0.11926543448149665 0.19365846833336772 0.11926543448149665 0.1284104319924093 0.007430446596298235 0.009676162855477597 0.007430446596298235 0.011446250192223078 0.010528507791647906 0.013709208151083646 0.010528507791647906 0.011446250192223078 0.0012376928402031554 0.0010444852277572967 0.0012376928402031556 0.000929872174168138 0.0010128545227462678 0.0008291972220125662 0.0010128545227462678 0.000929872174168138 0.0001499134452208942 0.00013470799826900232 0.0001499134452208942 0.00012319637812804329 0.00012942847895526963 0.00011654124145860443 0.00012942847895526963 0.00012319637812804329
0.05508978320011656 0.11453958385406911 0.05508978320011656 0.14134963323052532 0.09240805317098086 0.23923712459522223 0.09240805317098086 0.14134963323052532 0.003959016297960939 0.0068509993029196555 0.003959016297960939 0.00764511256016945 0.0054951131778212476 0.010458359707468246 0.0054951131778212476 0.00764511256016945 0.0018249987446842828 0.001638017845137389 0.001824998744684283 0.0016019321316564196 0.0016600680160634672 0.001478886425707153 0.0016600680160634678 0.0016019321316564196 0.00048484019882903136 0.00046471339039125037 0.00048484019882903136 0.0004592666552190671 0.00046707498813896713 0.00044253013475390027 0.00046707498813896713 0.0004592666552190671
0.052420875558404634 0.09591715065730759 0.052420875558404634 0.10907219786893933 0.13247736775302008 0.2267484068446427 0.13247736775302008 0.10907219786893933 0.005946969512838943 0.008514423781865062 0.005946969512838943 0.008868404773883226 0.009862379845592881 0.01382199152790441 0.009862379845592881 0.008868404773883226 0.0022645622753100945 0.001896386850045707 0.002264562275310094 0.0018823583587198275 0.0019062166156612662 0.001506343444340551 0.0019062166156612653 0.0018823583587198275 0.0003204229438360326 0.00026445431583961527 0.0003204229438360326 0.00026144507123935417 0.0002703106006922663 0.00022382022177848662 0.0002703106006922663 0.00026144507123935417
0.05760069547294593 0.09169188803052515 0.05760069547294593 0.13058189114772142 0.12533931293256423 0.20119659753503655 0.12533931293256423 0.13058189114772142 0.006186068167522236 0.00787916702219536 0.006186068167522236 0.009771085598631234 0.009340199220839129 0.012245563779781424 0.009340199220839129 0.009771085598631234 0.0012078720255677621 0.0010457159244472733 0.0012078720255677623 0.0009243099655106634 0.0010126038449737834 0.0008195853135537319 0.0010126038449737834 0.0009243099655106634 0.00016630602937871652 0.0001480805567638732 0.00016630602937871652 0.0001410159036605895 0.000151415608869278 0.00012785000132667303 0.000151415608869278 0.0001410159036605895
