0.07185843475247525 0.050956764777215925 0.07185843475247525 0.11025272684280311 0.16534032116847588 0.127601292610063 0.16534032116847588 0.11025272684280311 0.007355536710283062 0.006299358178952471 0.007355536710283062 0.009262676230294612 0.011193784326662765 0.010059883936622832 0.011193784326662765 0.009262676230294612 0.005327007659999519 0.005365843491940819 0.005327007659999519 0.005157169981704378 0.005099653750833799 0.005092112888340929 0.005099653750833798 0.005157169981704378 0.0016674240196660082 0.001674840771229384 0.0016674240196660082 0.001590643798400017 0.001586211197585475 0.0015667224672669114 0.001586211197585475 0.001590643798400017
0.05880598997927488 0.05096727182894763 0.05880598997927488 0.0964293404845544 0.14800286301949603 0.14130733232885945 0.14800286301949603 0.0964293404845544 0.014398084702446075 0.01494372676294786 0.014398084702446075 0.020255934926930008 0.023468357389089516 0.025258365569507467 0.023468357389089516 0.020255934926930008 0.005650292451606735 0.005273415141836994 0.0056502924516067385 0.004425804258041714 0.004296416261126167 0.0038164872120886413 0.0042964162611261675 0.004425804258041714 0.0010119182345270108 0.0009394054843982672 0.0010119182345270108 0.0008262664655516836 0.0008050724354056202 0.0007413144553140202 0.0008050724354056202 0.0008262664655516836
0.06118451322630659 0.07423547859468367 0.06118451322630659 0.11220131429264898 0.13070821092460316 0.15716607308698644 0.13070821092460316 0.11220131429264898 0.012327790904394497 0.014997990436250642 0.012327790904394497 0.018173917896222174 0.01851085020533358 0.022297385109457456 0.01851085020533358 0.018173917896222174 0.0034304428061319977 0.0027916927201126823 0.0034304428061319977 0.002475091294211814 0.0026406787193111953 0.0020690752108885385 0.0026406787193111944 0.002475091294211814 0.00046882522160172864 0.00039384954237436535 0.00046882522160172864 0.0003613345250890954 0.0003786753016703592 0.00032516466419582027 0.0003786753016703592 0.0003613345250890954
0.0624901153255994 0.06659972495016257 0.0624901153255994 0.10931015873298766 0.1455600049973148 0.1571153799956814 0.1455600049973148 0.10931015873298766 0.011345223455107372 0.011599588219175542 0.011345223455107372 0.01547675469751933 0.017391057663757443 0.018012077673195147 0.017391057663757443 0.01547675469751933 0.0028760547764702066 0.0027306686605500083 0.0028760547764702074 0.0022842462862337066 0.0022184274317497595 0.0020421360419353423 0.0022184274317497595 0.0022842462862337066 0.0005695531519847444 0.0005261475131433683 0.0005695531519847444 0.0004719862739383916 0.0004726091862913672 0.0004418929882482363 0.0004726091862913672 0.0004719862739383916
0.07769452638218839 0.055408318193743894 0.07769452638218839 0.09957455635292055 0.18300306243261788 0.1355163897408738 0.18300306243261788 0.09957455635292055 0.008220636148244352 0.007063946581679625 0.008220636148244352 0.009631806940185058 0.012319588848855973 0.010977919398592386 0.012319588848855973 0.009631806940185058 0.0011436648258156404 0.0011746657908928767 0.0011436648258156402 0.0009972661097935197 0.0009433510592743311 0.0009272049738040789 0.0009433510592743309 0.0009972661097935197 0.0002489864096274554 0.00023690093188159672 0.0002489864096274554 0.0002275835574581306 0.00023501650629695827 0.00021456324197532682 0.00023501650629695827 0.0002275835574581306
0.06544376151604084 0.06351052094238041 0.06544376151604084 0.1101215181882447 0.13869518900228642 0.1516791836836878 0.13869518900228642 0.1101215181882447 0.012079681356296125 0.013013638997100965 0.012079681356296125 0.016948679361821636 0.01785547202969448 0.020253104283478096 0.01785547202969448 0.016948679361821636 0.0035585528451153943 0.0031748387645662876 0.0035585528451153926 0.002798396605192076 0.0029029146957297992 0.0024947935730605555 0.002902914695729798 0.002798396605192076 0.0007405240114778172 0.0006313776912408469 0.0007405240114778172 0.0005858001643232608 0.0006214412670147803 0.0005386799780103169 0.0006214412670147803 0.0005858001643232608
0.07145027367235146 0.048561067238995996 0.07145027367235146 0.11661902110964587 0.16829848243205695 0.12113122103169431 0.16829848243205695 0.11661902110964587 0.009592966722715996 0.008175482136824034 0.009592966722715996 0.012659516812133283 0.015592995111401286 0.013498713770531544 0.015592995111401286 0.012659516812133283 0.0025155654845465387 0.0026826879677046603 0.0025155654845465387 0.0021688065232062003 0.0019071823650929523 0.00204309023070947 0.0019071823650929519 0.0021688065232062003 0.0003149541852217037 0.000337703057132445 0.0003149541852217037 0.00027968647468552425 0.00025133226195785336 0.00026846825637624435 0.00025133226195785336 0.00027968647468552425
0.07855926689624125 0.05168968224615649 0.07855926689624125 0.11200048614866741 0.16014825619346337 0.12610888776105714 0.16014825619346337 0.11200048614866741 0.008982682382997287 0.007069340138080473 0.008982682382997287 0.011072383287331445 0.01387035745406353 0.011929356814355717 0.01387035745406353 0.011072383287331445 0.004082774911379783 0.004238783565797114 0.004082774911379782 0.003736924282455965 0.003525207123148791 0.0035401426493016346 0.0035252071231487913 0.003736924282455965 0.00047255512528806306 0.00047327796224952076 0.00047255512528806306 0.0004225864619020032 0.0004050902896604425 0.0003933877498033006 0.0004050902896604425 0.0004225864619020032
0.06889892240903389 0.08002999076929017 0.06889892240903389 0.12114441809642074 0.1274158623029757 0.1590792517906319 0.1274158623029757 0.12114441809642074 0.010660016420992801 0.011612388992471143 0.010660016420992801 0.014613379721970396 0.01514470805400546 0.01692809338676967 0.01514470805400546 0.014613379721970396 0.0021342994685862836 0.00201140940633787 0.0021342994685862844 0.0017450137556617106 0.001679286734023292 0.0015533570350330277 0.001679286734023291 0.0017450137556617106 0.0002709204600079553 0.0002549476752726328 0.0002709204600079553 0.00022999627242059086 0.00022363680690767846 0.00020963993818051075 0.00022363680690767846 0.00022999627242059086
0.08882438370695271 0.04957402147454611 0.08882438370695271 0.1056865102571164 0.14986057601972558 0.1157615091373929 0.14986057601972558 0.1056865102571164 0.012641788191066978 0.009991387708386564 0.012641788191066978 0.014557036524077195 0.016879253948810746 0.015665160799984198 0.016879253948810746 0.014557036524077195 0.003383701177770354 0.0034188047753929787 0.0033837011777703542 0.0030055002526816325 0.002929709487072421 0.002784271657320621 0.00292970948707242 0.0030055002526816325 0.0009919782881460445 0.0009527208608946498 0.0009919782881460445 0.0008836857302976274 0.0008776060906019825 0.0008086642374426516 0.0008776060906019825 0.0008836857302976274
0.07133304906416649 0.058763648729126636 0.07133304906416649 0.10249593083420348 0.14076234497647822 0.13878009105108297 0.14076234497647822 0.10249593083420348 0.015497120377430663 0.01404743775346331 0.015497120377430663 0.018969269976338285 0.022135249055478336 0.02235084175962223 0.022135249055478336 0.018969269976338285 0.00292988387179327 0.003086734486517518 0.00292988387179327 0.002496068248317219 0.0022282929350606814 0.002178950294925131 0.002228292935060681 0.002496068248317219 0.0004168504156165607 0.00043942756855945423 0.0004168504156165607 0.00037857968874221586 0.00035753564119613305 0.0003525181870595802 0.00035753564119613305 0.00037857968874221586
0.08628758965257817 0.07572794483606174 0.08628758965257817 0.1153658478255858 0.13701889595267264 0.13668123424947726 0.13701889595267264 0.1153658478255858 0.010860971395800242 0.010422964808358446 0.010860971395800242 0.013126749540434947 0.014221629776651977 0.01462226976639146 0.014221629776651977 0.013126749540434947 0.0011180841710456662 0.0010813605503416977 0.0011180841710456658 0.0009084979718143734 0.0008633821234926186 0.0007946450518505368 0.0008633821234926185 0.0009084979718143734 0.0001533607440005124 0.00015205350713646295 0.0001533607440005124 0.00013642326266693534 0.00013318917673387707 0.0001282840434268844 0.00013318917673387707 0.00013642326266693534
0.04488135255722294 0.08773002646871708 0.04488135255722294 0.12069815760593969 0.11457069079688154 0.22902255299448634 0.11457069079688154 0.12069815760593969 0.007785832458876274 0.011249020152530572 0.007785832458876274 0.013619281368108704 0.012770526431767125 0.018920095476618295 0.012770526431767125 0.013619281368108704 0.0032627997750542077 0.0028178580746392183 0.0032627997750542077 0.0025464444261861625 0.0025940720057710228 0.0021666222073087244 0.002594072005771022 0.0025464444261861625 0.0003876328088057159 0.0003416845357882972 0.0003876328088057159 0.0003104028520529796 0.00031163860182417853 0.00027447671293035105 0.00031163860182417853 0.0003104028520529796
0.08545103643879007 0.07084262481789488 0.08545103643879007 0.11901673719556513 0.15361641367823806 0.13465361968208506 0.15361641367823806 0.11901673719556513 0.008088951593050087 0.0071236113367194685 0.008088951593050087 0.009535005430822432 0.010967908242675488 0.009981079134194328 0.010967908242675488 0.009535005430822432 0.00047982414156444957 0.0005383225437019896 0.00047982414156444957 0.00042967996876497067 0.00038131019404531844 0.00042649626182552795 0.0003813101940453182 0.00042967996876497067 6.638448758688232e-05 7.110625217115243e-05 6.638448758688232e-05 6.118963626689202e-05 5.691711869414972e-05 6.042371927969589e-05 5.691711869414972e-05 6.118963626689202e-05
0.05853039299781324 0.055772203999995294 0.05853039299781324 0.09632442488836364 0.1480916631571743 0.13519494983622832 0.1480916631571743 0.09632442488836364 0.01343702389416134 0.013025716105834185 0.01343702389416134 0.01757774746515195 0.021698706245827565 0.021023638581682953 0.021698706245827565 0.01757774746515195 0.007288921837748317 0.0073458667371877825 0.007288921837748317 0.006640770447629808 0.006272651179000873 0.006251140105657225 0.006272651179000871 0.006640770447629808 0.0012656217312775747 0.0012594665863247877 0.0012656217312775747 0.0011909269924709066 0.001166953015486271 0.0011554103428778502 0.001166953015486271 0.0011909269924709066
0.09618462380123267 0.05178244713410839 0.09618462380123267 0.11067138793339545 0.1573176358371985 0.11388108259613412 0.1573176358371985 0.11067138793339545 0.007583162594416097 0.005276110490952494 0.007583162594416097 0.008214912548339103 0.010203371874337057 0.008285103906257413 0.010203371874337057 0.008214912548339103 0.003763274733697372 0.0038522908602855828 0.003763274733697373 0.003665188238062349 0.0035809615645108497 0.00361209875539823 0.0035809615645108497 0.003665188238062349 0.0013861411391300857 0.001418484931411652 0.0013861411391300857 0.0013558617354338224 0.0013412434302935488 0.001356850465358195 0.0013412434302935488 0.0013558617354338224
0.07595736277713193 0.07467501662056282 0.07595736277713193 0.11012988889242825 0.13887432044215467 0.14488493956939247 0.13887432044215467 0.11012988889242825 0.011796029098668958 0.012126050773528255 0.011796029098668958 0.014595803378828013 0.01644968198457949 0.01732414327784742 0.01644968198457949 0.014595803378828013 0.0019403876114398465 0.0018579046625984913 0.001940387611439847 0.0016511894958236104 0.0015129873881679287 0.0014212303119728242 0.001512987388167929 0.0016511894958236104 0.00026004538106183934 0.0002515185613448167 0.00026004538106183934 0.00023280112600022526 0.0002222031479258672 0.00021379477433157394 0.0002222031479258672 0.00023280112600022526
0.07254437345575104 0.05719907814510505 0.07254437345575104 0.10817427167827283 0.1605326178519042 0.1274632678418504 0.1605326178519042 0.10817427167827283 0.01030339366473852 0.009524105659516268 0.01030339366473852 0.013220193918655634 0.015597210808911684 0.014876598773782371 0.015597210808911684 0.013220193918655634 0.0034740516578064097 0.0034593391525373053 0.00347405165780641 0.003069962974050283 0.0029234804530314726 0.002812974049685416 0.0029234804530314726 0.003069962974050283 0.0006821104636882651 0.0006613047562570181 0.0006821104636882651 0.0006063971440170509 0.0005963155751532143 0.0005545723293049228 0.0005963155751532143 0.0006063971440170509
0.07394397161796369 0.05650143185365076 0.07394397161796369 0.09834821453892274 0.14591924117825505 0.12786002429323254 0.14591924117825505 0.09834821453892274 0.012436850603551444 0.011702746714924573 0.012436850603551444 0.015335201972695913 0.019089748726982932 0.01892866009938456 0.019089748726982932 0.015335201972695913 0.006673991449032437 0.006611129483929078 0.006673991449032437 0.005933950802152159 0.005490876564541159 0.005266434277378802 0.005490876564541156 0.005933950802152159 0.0009251519170720387 0.0009183296185161783 0.0009251519170720387 0.000835047387874416 0.0007893497984453779 0.0007680505440047943 0.0007893497984453779 0.000835047387874416
0.07939303270976668 0.049676453132513135 0.07939303270976668 0.103513001676279 0.17093062675273693 0.1277748885405685 0.17093062675273693 0.103513001676279 0.011012565835179698 0.008660626392961012 0.011012565835179698 0.012740066527178791 0.015857334400106227 0.014061947455067638 0.015857334400106227 0.012740066527178791 0.0015272877939424751 0.0017053828669618763 0.0015272877939424745 0.0013333655006631975 0.0011803030886617925 0.0012364705731198215 0.0011803030886617918 0.0013333655006631975 0.0002527876337368696 0.0002778458750100035 0.0002527876337368696 0.00023273683782202903 0.00021805681275041862 0.00022405402614975747 0.00021805681275041862 0.00023273683782202903
0.07298992080140748 0.07721022554455637 0.07298992080140748 0.11985685635186186 0.1295751674423019 0.14715830989471712 0.1295751674423019 0.11985685635186186 0.011059182317731665 0.011939524113149979 0.011059182317731665 0.014909737302299206 0.015034021306101323 0.01677349324324692 0.015034021306101323 0.014909737302299206 0.0023468504656852514 0.0021770331531629967 0.0023468504656852522 0.001953665379826081 0.0020034499789715666 0.0017910824952142117 0.0020034499789715657 0.001953665379826081 0.000472223161253449 0.0004449087705595118 0.000472223161253449 0.00042094057043124235 0.00043382286210250006 0.0003937469054458856 0.00043382286210250006 0.00042094057043124235
0.06758204881909358 0.04520588447093759 0.06758204881909358 0.09523705957192224 0.1573888901948117 0.11905902038919254 0.1573888901948117 0.09523705957192224 0.007711287568588742 0.00623072595141939 0.007711287568588742 0.009756765354153618 0.012368278508051405 0.010576509358292692 0.012368278508051405 0.009756765354153618 0.011347660338087514 0.011480173770833987 0.011347660338087514 0.011085955005290346 0.010970656339677217 0.011012783571587742 0.010970656339677217 0.011085955005290346 0.0037817974301405572 0.0037910411062121283 0.0037817974301405572 0.003636116095171105 0.003644249616770467 0.0036223316980070713 0.003644249616770467 0.003636116095171105
0.07218697858893613 0.08011490369945608 0.07218697858893613 0.10944703136653165 0.13646291919802947 0.1693249779251493 0.13646291919802947 0.10944703136653165 0.009521837149483525 0.010288130999975187 0.009521837149483525 0.012358527937560128 0.013706969041761656 0.015686358975550586 0.013706969041761656 0.012358527937560128 0.002125591834137302 0.001989219136870698 0.0021255918341373014 0.0017778111890061625 0.0017171044284703882 0.0015790431809817845 0.0017171044284703878 0.0017778111890061625 0.0003274191679941824 0.0003268919400815224 0.0003274191679941824 0.0002931453001086109 0.0002796424417636656 0.0002805188543689428 0.0002796424417636656 0.0002931453001086109
0.09500755036959452 0.05730466638371028 0.09500755036959452 0.12269716315313907 0.14843961884460552 0.11200506875623957 0.14843961884460552 0.12269716315313907 0.010297909527078312 0.007678151125710216 0.010297909527078312 0.011718860582668687 0.013105823943655094 0.011140070136324627 0.013105823943655094 0.011718860582668687 0.000999901651642333 0.001190194703097893 0.0009999016516423333 0.0008999831366041999 0.0008031819379535867 0.000902226038162873 0.0008031819379535863 0.0008999831366041999 0.0002397451044077063 0.0002700259040355557 0.0002397451044077063 0.0002238882601283865 0.00020949111048921748 0.00022336170878573002 0.00020949111048921748 0.0002238882601283865
0.06952845740753683 0.049923776743429196 0.06952845740753683 0.10268419983920919 0.1672012611811132 0.12448486353436994 0.1672012611811132 0.10268419983920919 0.010924333823453012 0.00992961533681122 0.010924333823453012 0.014006453982820377 0.016948309343029187 0.015898509132051757 0.016948309343029187 0.014006453982820377 0.00419202302634898 0.004145586712055275 0.004192023026348981 0.003717070083184537 0.003636224462861983 0.0034763645011758578 0.0036362244628619844 0.003717070083184537 0.000884577229339489 0.0008249148511252042 0.000884577229339489 0.0007748056200881432 0.0008006161126225048 0.0007197049657667054 0.0008006161126225048 0.0007748056200881432
0.06577010294234965 0.06881412570389947 0.06577010294234965 0.11042105468267951 0.13989926142091533 0.155449555586876 0.13989926142091533 0.11042105468267951 0.012652746522129579 0.012658846217521355 0.012652746522129579 0.016597133780495172 0.018714195175232644 0.019497236702125526 0.018714195175232644 0.016597133780495172 0.0019509383650424558 0.001979183380076943 0.0019509383650424563 0.0015974972691510133 0.0014509058890054133 0.001424623916296817 0.0014509058890054135 0.0015974972691510133 0.0002841081815417489 0.00029075138623408135 0.0002841081815417489 0.0002506082240740215 0.00023671386669399684 0.0002351444683487254 0.00023671386669399684 0.0002506082240740215
0.0718954343444191 0.060899726658642406 0.0718954343444191 0.11054605056223801 0.1620962482566041 0.14673150063603893 0.1620962482566041 0.11054605056223801 0.009575844654857175 0.00906910718252304 0.009575844654857175 0.012172201015958149 0.014355347686744997 0.0140817475090546 0.014355347686744997 0.012172201015958149 0.0010078366366662566 0.0009800886710025032 0.0010078366366662566 0.0008154941391451268 0.0007843996236576694 0.0007361445019294503 0.0007843996236576697 0.0008154941391451268 0.0001381858206311047 0.00013612358872437238 0.0001381858206311047 0.00012107392106790132 0.0001177620120806707 0.00011380390394399852 0.0001177620120806707 0.00012107392106790132
0.07142326511878089 0.06069756597812353 0.07142326511878089 0.10800634773962864 0.1584580035098032 0.13588929371395056 0.1584580035098032 0.10800634773962864 0.01023967322182314 0.011030204463284557 0.01023967322182314 0.014012536829079283 0.015623569245333932 0.01607041825131728 0.015623569245333932 0.014012536829079283 0.002463725669297345 0.0021440364823993112 0.002463725669297345 0.0019046717542886035 0.0019025065087886833 0.0016844075892902869 0.0019025065087886828 0.0019046717542886035 0.0006229170368180891 0.0005540727203709573 0.0006229170368180891 0.0005274927739999771 0.0005320485425914728 0.0004964849007969329 0.0005320485425914728 0.0005274927739999771
0.053394518966504045 0.0662526867030441 0.053394518966504045 0.10526647269950039 0.12209314305683454 0.1645712338271977 0.12209314305683454 0.10526647269950039 0.012012918183005978 0.014006035054757915 0.012012918183005978 0.018675263720518614 0.021238847272078684 0.025027033950380893 0.021238847272078684 0.018675263720518614 0.00841041797712844 0.00795673531219592 0.008410417977128439 0.00697274955034449 0.006559072814485647 0.0060763636874023 0.006559072814485646 0.00697274955034449 0.0009802631387913453 0.0009336339222673019 0.0009802631387913453 0.0008249663921190085 0.0007892098159669868 0.000740590368197562 0.0007892098159669868 0.0008249663921190085
0.0514217561566811 0.06538065067297437 0.0514217561566811 0.09549215945042669 0.11270015696173782 0.14500253099284577 0.11270015696173782 0.09549215945042669 0.016577933451471138 0.020255296627744886 0.016577933451471138 0.02464109262253725 0.0251586205289105 0.03064434713668 0.0251586205289105 0.02464109262253725 0.010459199860723427 0.00938865596386769 0.010459199860723427 0.008645358789236742 0.00890182056739409 0.007750362726860984 0.00890182056739409 0.008645358789236742 0.0018226645002564358 0.001718937554400901 0.0018226645002564358 0.0016487097020507957 0.0016764382361527468 0.0015673966694680012 0.0016764382361527468 0.0016487097020507957
0.0868875414288848 0.05516239688435981 0.0868875414288848 0.1034045834574153 0.16086196527597235 0.1275044579173984 0.16086196527597235 0.1034045834574153 0.00972353986433597 0.007984326902366208 0.00972353986433597 0.011058889507773133 0.012567870641581543 0.012041129652940059 0.012567870641581543 0.011058889507773133 0.0031320344676701033 0.0031232420726778586 0.0031320344676701037 0.0028516038474774292 0.002854209246234108 0.002701086253788757 0.002854209246234109 0.0028516038474774292 0.0006414703330320174 0.0006106333767821896 0.0006414703330320174 0.0005853371138761174 0.000591329038051886 0.0005519784950772154 0.000591329038051886 0.0005853371138761174
0.06577338043478341 0.06449847752244772 0.06577338043478341 0.11155493773194641 0.1704845100173215 0.16689579947510264 0.1704845100173215 0.11155493773194641 0.004213528579432672 0.004148783397132637 0.004213528579432672 0.005678237931126269 0.007268270101346758 0.007109537164509371 0.007268270101346758 0.005678237931126269 0.002535606507259516 0.002526823491791807 0.0025356065072595154 0.0024556592459382175 0.0024479867681219745 0.0024327209497400446 0.0024479867681219745 0.0024556592459382175 0.0009740365446823273 0.0009588055741187549 0.0009740365446823273 0.0009332690945022584 0.0009379545960770841 0.0009142973200801875 0.0009379545960770841 0.0009332690945022584
0.06404901289213585 0.08704982835721291 0.06404901289213585 0.09650732081895262 0.14617915795031627 0.19887518468654342 0.14617915795031627 0.09650732081895262 0.0053666250876575824 0.005679902362527196 0.0053666250876575824 0.006517695499116602 0.007794138496023276 0.008916427007570836 0.007794138496023276 0.006517695499116602 0.004661168548330916 0.004722965711022831 0.004661168548330915 0.004580829780754491 0.00454480556694726 0.004544092925391236 0.0045448055669472616 0.004580829780754491 0.0012891301954569823 0.0012512673624963226 0.0012891301954569823 0.001209972507255363 0.0012045815759127178 0.0011514537495152966 0.0012045815759127178 0.001209972507255363
0.057026880185854154 0.05988658984453767 0.057026880185854154 0.10578699262927167 0.14088022060724642 0.1516009558273452 0.14088022060724642 0.10578699262927167 0.006953213447874397 0.006849485943881847 0.006953213447874397 0.009936099517549072 0.011704247456502902 0.011710272033754994 0.011704247456502902 0.009936099517549072 0.009239640044402217 0.009262902592578911 0.009239640044402217 0.00886676208736387 0.00874948132250576 0.008737720669812257 0.008749481322505758 0.00886676208736387 0.004276068379405244 0.004285087130333341 0.004276068379405244 0.0041730451098203865 0.004164365228086981 0.00415295392598967 0.004164365228086981 0.0041730451098203865
0.06464198476546638 0.05569558243415402 0.06464198476546638 0.09902536336735651 0.15738219764394462 0.13882575919530096 0.15738219764394462 0.09902536336735651 0.0064820936800301055 0.005799029445188653 0.0064820936800301055 0.008323428558570224 0.0106745128660965 0.00972374022525573 0.0106745128660965 0.008323428558570224 0.010111144021587415 0.010149414062887933 0.010111144021587415 0.009831783782922996 0.009685635812612732 0.009689844000424374 0.00968563581261273 0.009831783782922996 0.0023403702261653447 0.002364960279279196 0.0023403702261653447 0.002160523584548136 0.0021452490213338107 0.002143095696239584 0.0021452490213338107 0.002160523584548136
0.058096929424501474 0.06466548106944622 0.058096929424501474 0.1048257239363791 0.1400665730725734 0.1683635537040062 0.1400665730725734 0.1048257239363791 0.013259591486040627 0.014033818205346271 0.013259591486040627 0.01829420011088416 0.020790064465781688 0.022848806986261 0.020790064465781688 0.01829420011088416 0.0025414062233178555 0.0024150800806025975 0.0025414062233178555 0.0019916086766296436 0.001855037473030242 0.0016914297254440147 0.0018550374730302423 0.0019916086766296436 0.0003601487583849908 0.00034859786725862816 0.0003601487583849908 0.0003052280380309395 0.000291552089446374 0.0002771048516342429 0.000291552089446374 0.0003052280380309395
0.050178286186283255 0.050434886512972114 0.050178286186283255 0.09941531991522488 0.1395192742106966 0.1429166902267399 0.1395192742106966 0.09941531991522488 0.005541367126894239 0.005776507174462542 0.005541367126894239 0.008254131012284789 0.009816577785675348 0.010135943659899619 0.009816577785675348 0.008254131012284789 0.019027547122547384 0.01898304272226181 0.019027547122547388 0.01867275394447352 0.01853948297250071 0.018505789272688627 0.01853948297250071 0.01867275394447352 0.002440812014238096 0.0022973038686217215 0.002440812014238096 0.001611274206193534 0.001813104941920424 0.001289973684487941 0.001813104941920424 0.001611274206193534
0.0709586489992685 0.07598233316811454 0.0709586489992685 0.11281871726965749 0.13445886090346926 0.1611516790613366 0.13445886090346926 0.11281871726965749 0.01085902118155135 0.011898895970677401 0.01085902118155135 0.014589164953187655 0.015457924684702641 0.01770251835720487 0.015457924684702641 0.014589164953187655 0.0018995464062851945 0.0017522113631406534 0.001899546406285194 0.0015000092426247507 0.0014873688810356743 0.001347250444366992 0.0014873688810356739 0.0015000092426247507 0.0002925278462717018 0.00028878636407291545 0.0002925278462717018 0.0002522175582551975 0.0002443263773785022 0.000239656663710168 0.0002443263773785022 0.0002522175582551975
0.09120756443386134 0.045162042772732336 0.09120756443386134 0.11475286507784542 0.1449028028970456 0.10134031137834225 0.1449028028970456 0.11475286507784542 0.013373528063167427 0.008742396170553151 0.013373528063167427 0.014922980396856066 0.01685496086444054 0.013468419955262606 0.01685496086444054 0.014922980396856066 0.003501044041305157 0.003914913485948621 0.0035010440413051585 0.0033138758354011024 0.0032167204729889338 0.0033712179247981765 0.0032167204729889338 0.0033138758354011024 0.0015063481665392872 0.0014980975380005518 0.0015063481665392872 0.001477728750038531 0.0014907844233974107 0.0014601939285886843 0.0014907844233974107 0.001477728750038531
0.07777884659862545 0.032563332860304224 0.07777884659862545 0.09389226221367063 0.19682488608880938 0.0826439065480756 0.19682488608880938 0.09389226221367063 0.012955452972247273 0.008618648003853204 0.012955452972247273 0.01473747447000184 0.0213818043153345 0.01439345413148786 0.0213818043153345 0.01473747447000184 0.0031863233665399894 0.003734718884502414 0.0031863233665399894 0.0028895133824879344 0.002368100662372663 0.0028358499027567137 0.0023681006623726616 0.0028895133824879344 0.000425634655723715 0.0004821557833778724 0.000425634655723715 0.00039285329034315677 0.0003396639266627653 0.0003823020000033869 0.0003396639266627653 0.00039285329034315677
0.0819044297015866 0.058555382824827557 0.0819044297015866 0.109329038635731 0.15560047674962751 0.13516008411688687 0.15560047674962751 0.109329038635731 0.010361343474357375 0.008899328863345983 0.010361343474357375 0.012305725929770573 0.014835042354405031 0.013982813508958187 0.014835042354405031 0.012305725929770573 0.0016696810884505517 0.0017080503429630143 0.0016696810884505517 0.0014830347442815932 0.0013658221374604736 0.0013505584384037234 0.0013658221374604743 0.0014830347442815932 0.0003471030510622914 0.00034210194062457826 0.0003471030510622914 0.0003237952951672476 0.0003216821191017319 0.0003073294019861728 0.0003216821191017319 0.0003237952951672476
0.0750331817600458 0.07396846413525901 0.0750331817600458 0.11457496451459515 0.15328333036974243 0.1589282971180565 0.15328333036974243 0.11457496451459515 0.007326054373332397 0.0074078469904237075 0.007326054373332397 0.009397473016207742 0.010823366105231623 0.01112420822517645 0.010823366105231623 0.009397473016207742 0.0009868581774897902 0.0009788805065764346 0.0009868581774897898 0.000829353847979598 0.000762240295998068 0.000758301752337619 0.0007622402959980686 0.000829353847979598 0.0001103217879420327 0.00011172914473272224 0.0001103217879420327 9.723675123170074e-05 9.106757201035526e-05 9.137498382426004e-05 9.106757201035526e-05 9.723675123170074e-05
0.07101157699624583 0.05677425274771004 0.07101157699624583 0.09935616417887874 0.1592478155718296 0.12553704517990355 0.1592478155718296 0.09935616417887874 0.009624265741709014 0.008655458288854796 0.009624265741709014 0.011779011540485208 0.01409413914106051 0.012949110825845758 0.01409413914106051 0.011779011540485208 0.006061795869481621 0.006109532973838622 0.0060617958694816195 0.005830081488752594 0.005793815510032008 0.005763740378414899 0.005793815510032008 0.005830081488752594 0.0023914785747904824 0.00237379100182557 0.0023914785747904824 0.002294565584661203 0.0023071513215546066 0.002253345564643806 0.0023071513215546066 0.002294565584661203
0.07128516815014492 0.06098575884272645 0.07128516815014492 0.10753601376629868 0.16689937685336367 0.15032974493505838 0.16689937685336367 0.10753601376629868 0.008372480915551232 0.007821191112676882 0.008372480915551232 0.010468472445495678 0.01334294183433335 0.012691010890974838 0.01334294183433335 0.010468472445495678 0.0015903505830054435 0.0015979158896327794 0.0015903505830054435 0.0013720133578018832 0.0011737606566411091 0.0011676074942932341 0.0011737606566411096 0.0013720133578018832 0.0001858312950567865 0.00018775684241810744 0.0001858312950567865 0.00016443303738185427 0.00014546609541272887 0.0001463960112447923 0.00014546609541272887 0.00016443303738185427
0.07455226839072639 0.06741434445124066 0.07455226839072639 0.11215369273042536 0.1361163283834635 0.12977607074610623 0.1361163283834635 0.11215369273042536 0.013591641211523979 0.013047309306140885 0.013591641211523979 0.017415172112897333 0.01917640269076549 0.019069017751551023 0.01917640269076549 0.017415172112897333 0.002929292691500403 0.0029544229860491355 0.002929292691500402 0.0024106078385893793 0.0022460765559591017 0.002201398271628312 0.0022460765559591017 0.0024106078385893793 0.0006008720107197957 0.0006033654571159071 0.0006008720107197957 0.0005228972492585521 0.0005038663692976795 0.00049583455991394 0.0005038663692976795 0.0005228972492585521
0.07504166796443366 0.07903606552259206 0.07504166796443366 0.11792556596693532 0.13633720354754983 0.1489922621768824 0.13633720354754983 0.11792556596693532 0.010949710853870757 0.011175129584596348 0.010949710853870757 0.013885442593710868 0.014652277364035965 0.015479717364992578 0.014652277364035965 0.013885442593710868 0.0009464931490319312 0.0009347399468133003 0.0009464931490319311 0.0007809553093247675 0.0007612853482344774 0.0007243491112049252 0.0007612853482344771 0.0007809553093247675 0.00014729386119601733 0.00014778745499307073 0.00014729386119601733 0.0001329821444034349 0.00013008140320766562 0.00012802982605595982 0.00013008140320766562 0.0001329821444034349
0.07594120884885448 0.06941186173327257 0.07594120884885448 0.10626838753177456 0.14939287249509686 0.1637568386702581 0.14939287249509686 0.10626838753177456 0.009570772417291873 0.009374337411243428 0.009570772417291873 0.011691401755307121 0.013567247930345784 0.014497904132261626 0.013567247930345784 0.011691401755307121 0.0012249483131395412 0.0011945043907088228 0.0012249483131395419 0.0010479769672868116 0.0010046114731728272 0.0009444793372301458 0.0010046114731728274 0.0010479769672868116 0.0001881666673063614 0.00018817967503083916 0.0001881666673063614 0.00017168513169323632 0.00016515859742600233 0.00016301839260353436 0.00016515859742600233 0.00017168513169323632
0.05149893211870044 0.07314676484159434 0.05149893211870044 0.10813914913435005 0.12696029402245118 0.18548277939534186 0.12696029402245118 0.10813914913435005 0.012530462811933514 0.015584667994224522 0.012530462811933514 0.019040012334616087 0.01992334188647322 0.025020628729382325 0.01992334188647322 0.019040012334616087 0.0032600855506139154 0.0028092657635254165 0.0032600855506139162 0.002444491145716423 0.0024430177838515223 0.002044657039287451 0.0024430177838515223 0.002444491145716423 0.0005034930799622215 0.0004412135335942492 0.0005034930799622215 0.000406355712337104 0.0004070124361479381 0.0003567266687426578 0.0004070124361479381 0.000406355712337104
0.052812926304429055 0.07259314928663384 0.052812926304429055 0.10883565525656476 0.1274949172479048 0.16802654283855356 0.1274949172479048 0.10883565525656476 0.013715277336783007 0.01630637498261388 0.013715277336783007 0.020341517506792743 0.021382617953131747 0.02525216980961101 0.021382617953131747 0.020341517506792743 0.003739131980861781 0.0034076347797918206 0.003739131980861781 0.002859121669315364 0.0027942693515473275 0.0025064915235170114 0.0027942693515473293 0.002859121669315364 0.0005677735791468168 0.0005168450576293395 0.0005677735791468168 0.00046806608797586965 0.0004689443500974574 0.000430354472547987 0.0004689443500974574 0.00046806608797586965
0.0766543830604673 0.05581235604078545 0.0766543830604673 0.10709948075847348 0.17049563910279733 0.13986480091031148 0.17049563910279733 0.10709948075847348 0.008416284868570573 0.007123217901254215 0.008416284868570573 0.010026919247574269 0.011947906385685436 0.011222882880677907 0.011947906385685436 0.010026919247574269 0.0016520392058184648 0.0017077455846371316 0.0016520392058184646 0.001514588980456447 0.0014822993935617514 0.0014490233588808263 0.0014822993935617512 0.001514588980456447 0.0005424868513679276 0.0005356327564251161 0.0005424868513679276 0.0005242158282261923 0.0005293843482703205 0.0005130845044888606 0.0005293843482703205 0.0005242158282261923
0.08244396825470199 0.052479200817306434 0.08244396825470199 0.10633869308720062 0.16524636014105026 0.13298647099144112 0.16524636014105026 0.10633869308720062 0.010511772080537196 0.008162410646166827 0.010511772080537196 0.012153898804934504 0.015081045897908086 0.01308524841545025 0.015081045897908086 0.012153898804934504 0.0012200997015838306 0.0013315994198539814 0.001220099701583831 0.0010224938240737814 0.0009451135986488394 0.0009795512618737802 0.000945113598648839 0.0010224938240737814 0.000142264670992416 0.0001527656826420279 0.000142264670992416 0.0001256130525871218 0.00011871233088087946 0.0001226818750665158 0.00011871233088087946 0.0001256130525871218
0.06713797729785016 0.06657635187692311 0.06713797729785016 0.1036954629868029 0.14841782839737677 0.14679408029282984 0.14841782839737677 0.1036954629868029 0.01284243988458297 0.012553127848008801 0.01284243988458297 0.016350526269601286 0.019541918552644633 0.0192576307482541 0.019541918552644633 0.016350526269601286 0.0022981106457181997 0.002364608925645271 0.0022981106457181997 0.001892501500731988 0.0016726459924843817 0.0017169606340429909 0.0016726459924843824 0.001892501500731988 0.0004176308613999054 0.00042795247548755823 0.0004176308613999054 0.0003701172629314775 0.00034339049592171467 0.0003481869027155196 0.00034339049592171467 0.0003701172629314775
0.06847130107552223 0.05545992445713445 0.06847130107552223 0.11343132444715881 0.17465702144512943 0.14121710931742423 0.17465702144512943 0.11343132444715881 0.0074584529991346595 0.006553998636012686 0.0074584529991346595 0.009933453644685591 0.012127569309368313 0.010438101664980519 0.012127569309368313 0.009933453644685591 0.0016468019826264171 0.0017197599371557674 0.0016468019826264165 0.0014169617524514824 0.0013289469515262394 0.0014162546507505108 0.0013289469515262403 0.0014169617524514824 0.0003056814582162517 0.0003112399265905931 0.0003056814582162517 0.00027105055390543975 0.0002595042253637076 0.000267471719774263 0.0002595042253637076 0.00027105055390543975
0.08970955895690716 0.09123171727492126 0.08970955895690716 0.12013017909260458 0.13483967830894591 0.13946011750308576 0.13483967830894591 0.12013017909260458 0.008451777991979263 0.00856337394480238 0.008451777991979263 0.009851390331752384 0.010362112091433015 0.010711849266900268 0.010362112091433015 0.009851390331752384 0.0003970364814843098 0.00039190099209290065 0.00039703648148430986 0.0003514574841275872 0.0003360330893888325 0.0003244917908194839 0.00033603308938883256 0.0003514574841275872 6.065360057090249e-05 6.106165545825086e-05 6.065360057090249e-05 5.649936462308144e-05 5.427877330030439e-05 5.417643768504759e-05 5.427877330030439e-05 5.649936462308144e-05
0.06753006265081936 0.07094389014521857 0.06753006265081936 0.11489516070458475 0.12680025200663675 0.15518250735282205 0.12680025200663675 0.11489516070458475 0.012325593942524813 0.012778565774224024 0.012325593942524813 0.016720949119242882 0.016982527615305543 0.019011661966303273 0.016982527615305543 0.016720949119242882 0.0033818038233310306 0.0032119109982481357 0.0033818038233310306 0.0028731192235501553 0.002990931689145857 0.0027347309584503225 0.002990931689145859 0.0028731192235501553 0.0009366252548996007 0.0008961681420620042 0.0009366252548996007 0.0008681831439387531 0.0008958871757824848 0.0008383719631477524 0.0008958871757824848 0.0008681831439387531
0.10113574573423717 0.051316195529678685 0.10113574573423717 0.11449458922272437 0.14433178406120944 0.099323272282368 0.14433178406120944 0.11449458922272437 0.014599042646855855 0.010008222504887825 0.014599042646855855 0.01565058800638496 0.017626565490085174 0.014425804535162417 0.017626565490085174 0.01565058800638496 0.0009527412406618155 0.0012918585363310103 0.0009527412406618146 0.0008809185021634626 0.0007915045969523821 0.0009390976978829724 0.0007915045969523814 0.0008809185021634626 0.0002215158957209771 0.00026263334088837424 0.0002215158957209771 0.00021446985665239814 0.00020619405150792947 0.00022159696248874464 0.00020619405150792947 0.00021446985665239814
0.07472917248366114 0.05420949133973327 0.07472917248366114 0.10350878610157416 0.14916524045959653 0.1229124887369781 0.14916524045959653 0.10350878610157416 0.013648294901528512 0.011599619790425864 0.013648294901528512 0.016273800353740715 0.019599356855045737 0.017881217210872713 0.019599356855045737 0.016273800353740715 0.0043423566965399 0.004613853294338322 0.0043423566965399 0.004035726840933815 0.0037488229982130922 0.003919160350154716 0.00374882299821309 0.004035726840933815 0.0008714380544256904 0.0008779953404232404 0.0008714380544256904 0.0008345433076823358 0.0008250797642179599 0.0008209363027546148 0.0008250797642179599 0.0008345433076823358
0.060570783196907466 0.0765306305892914 0.060570783196907466 0.11235312760984718 0.14045244696618628 0.19336610449203323 0.14045244696618628 0.11235312760984718 0.007219289394250123 0.0088588435758361 0.007219289394250123 0.010972438264790864 0.011380495871046522 0.01470223402478057 0.011380495871046522 0.010972438264790864 0.002643665057698964 0.002331103465599091 0.0026436650576989653 0.002103125115321687 0.002197770006635898 0.0018140151555732478 0.0021977700066358975 0.002103125115321687 0.0003795379061232758 0.0003334161943790355 0.0003795379061232758 0.00030658472067229305 0.00031379208480584574 0.00027754011393461045 0.00031379208480584574 0.00030658472067229305
0.06184019177670652 0.08955557615763744 0.06184019177670652 0.12773486536020504 0.11836395148632624 0.17095954260298585 0.11836395148632624 0.12773486536020504 0.01057180043625877 0.011814495933743327 0.01057180043625877 0.014860688051175458 0.014825133220615369 0.016868945038808418 0.014825133220615369 0.014860688051175458 0.0018259125254108778 0.001798254813877857 0.0018259125254108763 0.0014953228772543413 0.0014283401879648214 0.0013693328098656047 0.0014283401879648216 0.0014953228772543413 0.00024086130732628563 0.00023497338250215276 0.00024086130732628563 0.000208845721866047 0.0002047493530136073 0.0001975546523326123 0.0002047493530136073 0.000208845721866047
