0.06635490281068245 0.044690669943594864 0.06635490281068245 0.0939551453072908 0.1503342435749919 0.10855886798920888 0.1503342435749919 0.0939551453072908 0.01281654395953338 0.011214155794970076 0.01281654395953338 0.015238128655230047 0.01909900143633911 0.017545165576423157 0.01909900143633911 0.015238128655230047 0.012674267068385448 0.012671806189396315 0.01267426706838545 0.012109401880558455 0.011681036550130745 0.011383633898591016 0.011681036550130745 0.012109401880558455 0.0005814790568454327 0.0005413540294716757 0.0005814790568454327 0.00030746292969230127 0.0010579535628001276 0.000975212993383494 0.0010579535628001276 0.00030746292969230127
0.05950995472986661 0.0903155447953174 0.05950995472986661 0.1312592820818392 0.12790397432829542 0.1891245237914427 0.12790397432829542 0.1312592820818392 0.005721483776478393 0.006610692751783944 0.005721483776478393 0.008466900308531674 0.008736251673540531 0.010635301758792792 0.008736251673540531 0.008466900308531674 0.0019423982789504737 0.0018304004955398791 0.0019423982789504744 0.0016676690995550555 0.0016690487597015643 0.0015251795509207966 0.001669048759701564 0.0016676690995550555 0.0008011282017227966 0.0007681068897813313 0.0008011282017227966 0.000761206554952649 0.0007845501563914939 0.000742554066769392 0.0007845501563914939 0.000761206554952649
0.08420788021120182 0.0621661352725694 0.08420788021120182 0.10020512058539977 0.169337558006708 0.150859443801942 0.169337558006708 0.10020512058539977 0.00773444077607968 0.006833529254269098 0.00773444077607968 0.009170543009529611 0.011575797582059481 0.011222881684968539 0.011575797582059481 0.009170543009529611 0.0005830381010921508 0.0005896122659123993 0.0005830381010921506 0.0004540419321325116 0.0004113332027418281 0.00039612279132960644 0.0004113332027418279 0.0004540419321325116 8.064207049594589e-05 7.997553748604862e-05 8.064207049594589e-05 6.838163135506761e-05 6.647740886295294e-05 6.179035620524095e-05 6.647740886295294e-05 6.838163135506761e-05
0.06847573649824823 0.07464485271220983 0.06847573649824823 0.12716498470750245 0.1482235674964829 0.16522593023770218 0.1482235674964829 0.12716498470750245 0.006120360994678768 0.005792793240020186 0.006120360994678768 0.008215611443439965 0.00920060967066647 0.00932887261679232 0.00920060967066647 0.008215611443439965 0.001222940781131404 0.001237509030914417 0.0012229407811314038 0.0010350610865300348 0.0009800298515004792 0.0009586390405153392 0.0009800298515004792 0.0010350610865300348 0.00021191723740139905 0.00020999499437296425 0.00021191723740139905 0.0001837697739726131 0.00017952260192615144 0.0001731838405109638 0.00017952260192615144 0.0001837697739726131
0.0614066516848472 0.06085971412845204 0.0614066516848472 0.10449435171315513 0.14004671613642186 0.15739642937982518 0.14004671613642186 0.10449435171315513 0.008738394906598865 0.010602049048575812 0.008738394906598865 0.013806411832511736 0.013835893596704039 0.017906613602870353 0.013835893596704039 0.013806411832511736 0.007472381276446499 0.006683438023867568 0.007472381276446495 0.006235344329884636 0.00669314566897556 0.00553912215040312 0.006693145668975559 0.006235344329884636 0.0020670524731940514 0.0019096215689806853 0.0020670524731940514 0.0018722093980839943 0.0019906187888337886 0.0017846684857105199 0.0019906187888337886 0.0018722093980839943
0.07784904658711128 0.0536891835882258 0.07784904658711128 0.1083382580940248 0.18019403814913323 0.13984608987672167 0.18019403814913323 0.1083382580940248 0.005147727887751098 0.004643956596516959 0.005147727887751098 0.006558756400278224 0.008009289491082466 0.007698000447714868 0.008009289491082466 0.006558756400278224 0.0020709550170375426 0.0019431815609807163 0.0020709550170375426 0.0018461949587738203 0.0019302195324739063 0.0017352510141498798 0.0019302195324739063 0.0018461949587738203 0.0008612438481060254 0.0008118918350735717 0.0008612438481060254 0.0007955840089442969 0.000833513852410547 0.0007627894263620679 0.000833513852410547 0.0007955840089442969
0.07925964188776957 0.067248017335554 0.07925964188776957 0.09559392156043145 0.13404649493708468 0.10903478724526908 0.13404649493708468 0.09559392156043145 0.014525774639568317 0.013419251681491181 0.014525774639568317 0.016906116822926635 0.020239306643150223 0.01850010711798127 0.020239306643150223 0.016906116822926635 0.009040190606976898 0.009176681489176771 0.009040190606976898 0.008368699627279777 0.007852888040222399 0.007939375478644164 0.0078528880402224 0.008368699627279777 0.00013365214465862048 0.0007849223600149673 0.00013365214465862048 0.0005229910837262102 0.0003209243513251223 0.00027565260162885625 0.0003209243513251223 0.0005229910837262102
0.03331721199249499 0.11472684980803732 0.03331721199249499 0.1361138650823533 0.07649916576767399 0.23105533887933669 0.07649916576767399 0.1361138650823533 0.007723602978112669 0.009963882153556411 0.007723602978112669 0.012762719278018765 0.0122287173543179 0.016376669839894106 0.0122287173543179 0.012762719278018765 0.006335686472128957 0.006282420061733997 0.006335686472128957 0.005676958811355199 0.0055576497697462385 0.005516262206170177 0.005557649769746239 0.005676958811355199 0.003044969880624346 0.0029301490665299907 0.003044969880624346 0.0028999282079783385 0.0029830681056641885 0.0028613405838036256 0.0029830681056641885 0.0028999282079783385
0.0827309779035582 0.0496183284569673 0.0827309779035582 0.0947948121071956 0.17544842725979393 0.11169448683912765 0.17544842725979393 0.0947948121071956 0.008882674160587384 0.006761393072108728 0.008882674160587384 0.010044859993887443 0.013925920941788555 0.010748822710300955 0.013925920941788555 0.010044859993887443 0.0042249743978328685 0.004416851304346677 0.004224974397832869 0.003969063190457531 0.0037619652059646728 0.003889219067407412 0.0037619652059646728 0.003969063190457531 0.0021647360738050966 0.0022444551660499366 0.0021647360738050966 0.002148943186552999 0.0021116750371115733 0.002208384466619558 0.0021116750371115733 0.002148943186552999
0.07779492317096769 0.05110724993358292 0.07779492317096769 0.10495730732829113 0.17946068195791856 0.12310906363516864 0.17946068195791856 0.10495730732829113 0.0063743759299878236 0.005074258654300371 0.0063743759299878236 0.00777665881770075 0.009867162791108714 0.008070584494484974 0.009867162791108714 0.00777665881770075 0.0036769164083052413 0.0037657897641609856 0.0036769164083052413 0.0034740995350251327 0.0034479361438197595 0.0034764250420091817 0.0034479361438197595 0.0034740995350251327 0.0014858720382331342 0.0015219618597671894 0.0014858720382331342 0.00145227854437689 0.001428973092565202 0.0014802950999256075 0.001428973092565202 0.00145227854437689
0.06825385489792657 0.07638439496953647 0.06825385489792657 0.13572656382799111 0.15482367651893164 0.10670993710335885 0.15482367651893164 0.13572656382799111 0.007378153371893456 0.007510077296797182 0.007378153371893456 0.011400542601476205 0.011790562522558265 0.010193538239919924 0.011790562522558265 0.011400542601476205 0.0020593080059585368 0.0020130206352319668 0.002059308005958537 0.0016669220569037796 0.0017130766116735154 0.0016985784936654814 0.0017130766116735157 0.0016669220569037796 0.0007434223920028146 0.0007661845052416289 0.0007434223920028146 0.0007270102680925218 0.0007038562275193045 0.0007503701503931087 0.0007038562275193045 0.0007270102680925218
0.060006079297728665 0.07121245004826086 0.060006079297728665 0.12980623077392006 0.1457141502419373 0.13211751620242473 0.1457141502419373 0.12980623077392006 0.008957863074847803 0.009174847821285649 0.008957863074847803 0.012635341232700305 0.014445112342307652 0.01355262795122893 0.014445112342307652 0.012635341232700305 0.004104914104673767 0.004141828771264842 0.004104914104673765 0.003727801266660936 0.003422092566857556 0.0035188004984752575 0.003422092566857555 0.003727801266660936 9.688062611066587e-05 6.687085336082492e-05 9.688062611066587e-05 1.1216382192145076e-05 0.00011424044860450264 0.00013121313661618942 0.00011424044860450264 1.1216382192145076e-05
0.1016923788917462 0.09759671472941901 0.1016923788917462 0.11410133216101322 0.14742270313976558 0.1416622285062346 0.14742270313976558 0.11410133216101322 0.0036580078988804857 0.00359571427024466 0.0036580078988804857 0.0038728357653870678 0.004517707280881004 0.004441651150390125 0.004517707280881004 0.0038728357653870678 0.00023128417030675278 0.00022904007967041774 0.00023128417030675278 0.00022831415294834382 0.00022203209418378 0.00022124859934766374 0.00022203209418378 0.00022831415294834382 1.864452982109623e-05 5.805620259798419e-05 1.864452982109623e-05 5.9787975389144265e-05 5.009311128546902e-05 4.5104118879335684e-05 5.009311128546902e-05 5.9787975389144265e-05
0.06971533758348435 0.06282400927988809 0.06971533758348435 0.10837553180147264 0.15491016559424853 0.15318220071302394 0.15491016559424853 0.10837553180147264 0.009305035976314328 0.009624463582155518 0.009305035976314328 0.012441060662659525 0.014245325291886267 0.015462778968080388 0.014245325291886267 0.012441060662659525 0.0023570295255349147 0.0021489145629583132 0.0023570295255349143 0.001906932098360557 0.0018697653243645712 0.0016308080009203195 0.0018697653243645708 0.001906932098360557 0.0006782029968421857 0.0006111140532469871 0.0006782029968421857 0.0005864423343303985 0.0006016444526314169 0.0005307635554671727 0.0006016444526314169 0.0005864423343303985
0.07248736710591115 0.04235261918150729 0.07248736710591115 0.10797760408317231 0.1734543000616629 0.10283328712585747 0.1734543000616629 0.10797760408317231 0.013863241232357633 0.01043050686801314 0.013863241232357633 0.01693974161550071 0.02140753337807589 0.016338555243465627 0.02140753337807589 0.01693974161550071 0.0020536589498305917 0.002428211030703711 0.0020536589498305912 0.001786839876524311 0.0015300148611349378 0.0018130756711807544 0.0015300148611349371 0.001786839876524311 0.0001520730925056022 9.623716690711941e-05 0.0001520730925056022 5.6139841387874384e-05 0.00010384706945883935 8.278537731940051e-05 0.00010384706945883935 5.6139841387874384e-05
0.08026089285858494 0.058906166477813965 0.08026089285858494 0.10995428719276877 0.15599059659310793 0.12572909521344333 0.15599059659310793 0.10995428719276877 0.010615179971924875 0.00892726678337759 0.010615179971924875 0.01299994088562051 0.015769362905222663 0.01420837535785899 0.015769362905222663 0.01299994088562051 0.002649313852522972 0.0027356164382238684 0.0026493138525229723 0.0022887007199367394 0.0021004741317259793 0.0020948449353624704 0.0021004741317259784 0.0022887007199367394 0.000295197457276947 0.0003063829890331316 0.000295197457276947 0.00025909248854128267 0.00024104899696598744 0.0002440756964875125 0.00024104899696598744 0.00025909248854128267
0.04469264399047453 0.11744933858540094 0.04469264399047453 0.14070322601209548 0.09994035091321783 0.22063865030509158 0.09994035091321783 0.14070322601209548 0.006141603393699339 0.009321517525064939 0.006141603393699339 0.010894375211164566 0.00939911143103656 0.013648304798528273 0.00939911143103656 0.010894375211164566 0.0019086230060450092 0.001772161536900013 0.0019086230060450092 0.001578083976090953 0.0015706924871810174 0.0014425364008303638 0.0015706924871810163 0.001578083976090953 0.00028850829605889196 0.0002815569104524463 0.00028850829605889196 0.0002499709226670039 0.00023987677016564052 0.00023180111793774866 0.00023987677016564052 0.0002499709226670039
0.06945014375774868 0.059476315544072865 0.06945014375774868 0.09642802118955894 0.1364424133469947 0.1248820951747329 0.1364424133469947 0.09642802118955894 0.015819168713033287 0.014999914161677093 0.015819168713033287 0.019590407467710718 0.023678391641934894 0.022925655728457766 0.023678391641934894 0.019590407467710718 0.007005744423861368 0.007095134238356902 0.007005744423861368 0.006254098867732909 0.005741331618456259 0.0058285607782053465 0.005741331618456262 0.006254098867732909 0.000697225926521927 5.430890915252719e-05 0.000697225926521927 0.00030075988832594546 0.0006305848766816912 0.0006614320282220519 0.0006305848766816912 0.00030075988832594546
0.08622276164113717 0.06581263976845249 0.08622276164113717 0.11827261703600839 0.15144866812162167 0.13291212790561893 0.15144866812162167 0.11827261703600839 0.00903213125223614 0.007640540168368698 0.00903213125223614 0.01082959628996101 0.012473616015792414 0.011375501394692325 0.012473616015792414 0.01082959628996101 0.0006960054069554624 0.0008029424180316815 0.0006960054069554623 0.0005929254149396102 0.0005101206184378878 0.0005808214011751209 0.0005101206184378878 0.0005929254149396102 9.604258118889631e-05 0.0001062818782115005 9.604258118889631e-05 8.693106927619627e-05 8.020806371836479e-05 8.589804290281693e-05 8.020806371836479e-05 8.693106927619627e-05
0.08674240566858836 0.06768236742974482 0.08674240566858836 0.11852829053047782 0.13469146680115612 0.12729851713837112 0.13469146680115612 0.11852829053047782 0.009480427575825588 0.008269568301257654 0.009480427575825588 0.011419690780309962 0.012074470426109506 0.012114477418552387 0.012074470426109506 0.011419690780309962 0.004292012169502771 0.004222058162672659 0.004292012169502772 0.003953900260932936 0.0039069040184260845 0.0036647698431648648 0.003906904018426083 0.003953900260932936 0.0009039090944960585 0.0008590717965376757 0.0009039090944960585 0.0008047392195090311 0.0007869265109270678 0.0007188837971762658 0.0007869265109270678 0.0008047392195090311
0.05655584764682728 0.08149818494819194 0.05655584764682728 0.10774725003134732 0.14561940776443397 0.19924413590495507 0.14561940776443397 0.10774725003134732 0.007276415337484633 0.007903914829081062 0.007276415337484633 0.009892480365683742 0.012017428803040684 0.013528539063564427 0.012017428803040684 0.009892480365683742 0.002051246332632987 0.0020185385613534575 0.002051246332632987 0.0017629482028018466 0.0016600759858507227 0.0015835127646559287 0.001660075985850723 0.0017629482028018466 0.0006607763955290899 0.0006336052905794022 0.0006607763955290899 0.0006193573161956245 0.0006392020019265185 0.0005846962701098765 0.0006392020019265185 0.0006193573161956245
0.08698053750305171 0.06465476806992888 0.08698053750305171 0.10386204577416855 0.15211574327474403 0.11687437732719327 0.15211574327474403 0.10386204577416855 0.010822603405550758 0.008884095583753995 0.010822603405550758 0.01253475663284975 0.015798627411411175 0.013459974667795645 0.015798627411411175 0.01253475663284975 0.0038283313812975638 0.004047737629197954 0.003828331381297565 0.0034080683547380998 0.0031258478250917815 0.0031523580671877897 0.0031258478250917833 0.0034080683547380998 0.0005513082442744418 0.0005686212608491438 0.0005513082442744418 0.00048139081892157486 0.00044615619891458556 0.0004472337440653041 0.00044615619891458556 0.00048139081892157486
0.07052421033481111 0.049272386764061614 0.07052421033481111 0.09131787285031473 0.16215476659374686 0.11441241327831264 0.16215476659374686 0.09131787285031473 0.009184949220289198 0.008393240009873707 0.009184949220289198 0.010478275716693129 0.013494598593597801 0.012335525949123651 0.013494598593597801 0.010478275716693129 0.0109229672116922 0.010876273728076017 0.0109229672116922 0.010633792334321055 0.010359305329505514 0.010309901734677558 0.010359305329505514 0.010633792334321055 0.0021739673029864907 0.0021323657169307537 0.0021739673029864907 0.0020133658949548945 0.0019257107124457924 0.0019003286282264417 0.0019257107124457924 0.0020133658949548945
0.07496427293951294 0.0650277795475505 0.07496427293951294 0.11098825655511038 0.14744523773805143 0.12950260345461861 0.14744523773805143 0.11098825655511038 0.008471371599948463 0.008074733708369794 0.008471371599948463 0.010870446492067466 0.01265934253970259 0.012536700776209731 0.01265934253970259 0.010870446492067466 0.006032297374295819 0.005969990294981313 0.006032297374295822 0.005591653442525021 0.005426422830056431 0.005281658766209641 0.0054264228300564266 0.005591653442525021 0.0011507053493987167 0.001129975007440884 0.0011507053493987167 0.001070483504585854 0.001056888623528203 0.0010218004670529315 0.001056888623528203 0.001070483504585854
0.048455873654647666 0.08601693525425598 0.048455873654647666 0.12333109176370971 0.10028295142486741 0.1983710798688331 0.10028295142486741 0.12333109176370971 0.00967244859588677 0.012979010892983842 0.00967244859588677 0.01607165541966359 0.014378306339818039 0.020831992221948804 0.014378306339818039 0.01607165541966359 0.0053761332735011375 0.0048062197719945495 0.0053761332735011375 0.004518162920712341 0.004820351403518537 0.004263311880491799 0.0048203514035185385 0.004518162920712341 0.0024470022435342732 0.002326513692906698 0.0024470022435342732 0.002311069835968039 0.002406666647809246 0.0022615093693117744 0.002406666647809246 0.002311069835968039
0.0879368714246651 0.0698432140021148 0.0879368714246651 0.12626148200254414 0.1352056061222853 0.12847085896860372 0.1352056061222853 0.12626148200254414 0.008892098268576207 0.008126463885647361 0.008892098268576207 0.01123631598264263 0.012368061942406782 0.011953151817275812 0.012368061942406782 0.01123631598264263 0.0021919796172523973 0.002202773207859665 0.0021919796172523973 0.0018964646434865707 0.0016934508269138462 0.001712535188724905 0.0016934508269138466 0.0018964646434865707 0.0003239591179149161 0.00032619330614389524 0.0003239591179149161 0.0002855961686260988 0.00025919992134298844 0.0002626375463159507 0.00025919992134298844 0.0002855961686260988
0.07084616847872076 0.0387087418386112 0.07084616847872076 0.09166467886638563 0.16711910681951664 0.0887079419991321 0.16711910681951664 0.09166467886638563 0.010399478420657103 0.008094265717807945 0.010399478420657103 0.012972183637583446 0.015863100259582714 0.012775083890368678 0.015863100259582714 0.012972183637583446 0.01164280828163745 0.011842590893651486 0.01164280828163745 0.011003892662124919 0.010881271300333917 0.010917863514680215 0.010881271300333917 0.011003892662124919 0.0030968712819424283 0.0031298079820837876 0.0030968712819424283 0.002966577865840055 0.0029647610702594838 0.0029819062744954527 0.0029647610702594838 0.002966577865840055
0.07239211113140755 0.07315048569649818 0.07239211113140755 0.11052025210883709 0.17065294888922344 0.16765094740885844 0.17065294888922344 0.11052025210883709 0.0037603760454556208 0.0038190945933951593 0.0037603760454556208 0.004994534305199816 0.006106477514414608 0.006072654624916245 0.006106477514414608 0.004994534305199816 0.0010016089119733711 0.0010218226349589796 0.0010016089119733716 0.0009391019000808958 0.00091865756498193 0.0009478144199081187 0.00091865756498193 0.0009391019000808958 0.000600664410485707 0.0006154899833065741 0.000600664410485707 0.0005875950871655614 0.0005872352801777694 0.0005985643393515186 0.0005872352801777694 0.0005875950871655614
0.08154887033831006 0.08569868664229116 0.08154887033831006 0.1192634966944548 0.1417090901837305 0.15070908714747258 0.1417090901837305 0.1192634966944548 0.007236660317414539 0.007468904090599313 0.007236660317414539 0.009064386733441827 0.009683548864648365 0.010270748006934316 0.009683548864648365 0.009064386733441827 0.0007899987907337266 0.0007358781019637427 0.0007899987907337268 0.0006744485409551701 0.0007020740189323841 0.0006381408216399882 0.000702074018932384 0.0006744485409551701 0.00040737987690659294 0.00038377724227663297 0.00040737987690659294 0.00038094178486688837 0.0004024352843884535 0.00036811508925562575 0.0004024352843884535 0.00038094178486688837
0.08225864767061457 0.06797123239056975 0.08225864767061457 0.11252121371286607 0.14388776606930478 0.1364967212119368 0.14388776606930478 0.11252121371286607 0.010017898568496572 0.00910885205370122 0.010017898568496572 0.011835430165850704 0.013821637060779626 0.01372068452674121 0.013821637060779626 0.011835430165850704 0.0028373967152258216 0.0028548021228938245 0.0028373967152258203 0.002603999953377577 0.002329128721810762 0.0022668633791163998 0.002329128721810762 0.002603999953377577 0.0004576703174793676 0.00045989926810258646 0.0004576703174793676 0.00042129936485067623 0.00038050730634520786 0.0003757537929347733 0.00038050730634520786 0.00042129936485067623
0.08440190560225266 0.03585004718751135 0.08440190560225266 0.10109557510366368 0.18647181939276913 0.09424358102252442 0.18647181939276913 0.10109557510366368 0.010355339938516074 0.007135870954188481 0.010355339938516074 0.012147976605229429 0.016802336347438464 0.012075328545244792 0.016802336347438464 0.012147976605229429 0.0032432325845360094 0.0036986038030594696 0.00324323258453601 0.0029137828515377515 0.0025037827552349566 0.002887884436548612 0.0025037827552349566 0.0029137828515377515 0.0005443609649628679 0.0006222545964028013 0.0005443609649628679 0.0005207923810974277 0.00046622170653334887 0.0005521769869765714 0.00046622170653334887 0.0005207923810974277
0.06763484048340695 0.03633284414450184 0.06763484048340695 0.09170949583106981 0.2174434480034166 0.11903853330339896 0.2174434480034166 0.09170949583106981 0.005503678672028858 0.0038400653942492584 0.005503678672028858 0.006327153503522604 0.010011643348020629 0.006985697427831501 0.010011643348020629 0.006327153503522604 0.004580480829241649 0.004658671826813519 0.00458048082924165 0.004535991870279475 0.004450420566304776 0.004519069602388999 0.004450420566304775 0.004535991870279475 2.5096380821507217e-05 3.236872317763685e-05 2.5096380821507217e-05 2.805631363499931e-05 3.271519684904321e-05 2.6707580444458083e-05 3.271519684904321e-05 2.805631363499931e-05
0.07081022007644756 0.07097309666773013 0.07081022007644756 0.10410265349660609 0.15285993290779434 0.15300393322464417 0.15285993290779434 0.10410265349660609 0.008448324029856867 0.00855869525584835 0.008448324029856867 0.010234239508955224 0.012397359763307988 0.012625020461502955 0.012397359763307988 0.010234239508955224 0.004051206856391285 0.0038892683726941897 0.004051206856391284 0.003794442497210535 0.003719844992296002 0.0034646197625565617 0.0037198449922960027 0.003794442497210535 0.0008933872389453362 0.0008286906802698616 0.0008933872389453362 0.0008239261984247235 0.0008209170142408342 0.0007437664138003298 0.0008209170142408342 0.0008239261984247235
0.08942108425662851 0.07021584664445847 0.08942108425662851 0.10939071202189692 0.1582461341948459 0.14588865223724345 0.1582461341948459 0.10939071202189692 0.0063295698338234375 0.006256613983799765 0.0063295698338234375 0.0077395586074994836 0.008655968996781404 0.009432619545103486 0.008655968996781404 0.0077395586074994836 0.0010214855034437157 0.0008841001128630091 0.001021485503443716 0.0007995683695306415 0.0008449258485751802 0.0006811104783936766 0.0008449258485751806 0.0007995683695306415 0.0002388000139430763 0.00021306328763343282 0.0002388000139430763 0.00020810321603422166 0.00022337918667913125 0.0001894136111413932 0.00022337918667913125 0.00020810321603422166
0.07484159803461597 0.07470222423702946 0.07484159803461597 0.1186492784446242 0.14657070154325072 0.15850541724136985 0.14657070154325072 0.1186492784446242 0.007180975522731862 0.007347943649659443 0.007180975522731862 0.009671644175939785 0.010268399590958079 0.01123986580745543 0.010268399590958079 0.009671644175939785 0.0013825990715340887 0.0013172497835972738 0.0013825990715340887 0.0011809468678943386 0.001203829249376957 0.0011103416674385514 0.001203829249376957 0.0011809468678943386 0.000504435662071637 0.0004796510787640893 0.000504435662071637 0.00047318692395384215 0.0004954351407533415 0.000451246079276269 0.0004954351407533415 0.00047318692395384215
0.03965561968518385 0.1021851801686347 0.03965561968518385 0.12958410760832847 0.09431059700695271 0.24090482839933772 0.09431059700695271 0.12958410760832847 0.006613891026073246 0.0100266349162695 0.006613891026073246 0.011891472267658762 0.010782015429807983 0.01737428246155268 0.010782015429807983 0.011891472267658762 0.004415186463026834 0.003955162061717007 0.004415186463026834 0.003696604432392074 0.003761565144389987 0.0032760730578126626 0.003761565144389987 0.003696604432392074 0.0016678637718340174 0.0015805432611736942 0.0016678637718340174 0.001569491152128675 0.0016303412484458921 0.0015397852010570212 0.0016303412484458921 0.001569491152128675
0.08719474030764178 0.09005817467265115 0.08719474030764178 0.12292013587964187 0.13903032290567055 0.13384251250571771 0.13903032290567055 0.12292013587964187 0.007951473592289015 0.008195844878677772 0.007951473592289015 0.009711265921484096 0.010299038975229737 0.010297244222252063 0.010299038975229737 0.009711265921484096 0.0004352216941011264 0.0003939231311236373 0.0004352216941011264 0.0003401139882062455 0.0003362728932313643 0.0003090496023408714 0.0003362728932313642 0.0003401139882062455 6.356523864161267e-05 6.128605781928473e-05 6.356523864161267e-05 5.637599993154917e-05 5.5331579226315636e-05 5.424697882704947e-05 5.5331579226315636e-05 5.637599993154917e-05
0.095894790393123 0.06040692518678944 0.095894790393123 0.11702030174786407 0.1500602456155566 0.10597317555015506 0.1500602456155566 0.11702030174786407 0.00869235664528481 0.006575427563538403 0.00869235664528481 0.00914715507069736 0.010501403120793725 0.008649190270207826 0.010501403120793725 0.00914715507069736 0.003956445573958929 0.004059687263427135 0.0039564455739589215 0.003948854155251832 0.003901614092712686 0.003965423366348452 0.003901614092712689 0.003948854155251832 0.0002364216870577845 0.0003718729536464664 0.0002364216870577845 0.0008112480715396357 0.0007415515336238095 0.00017352243095894663 0.0007415515336238095 0.0008112480715396357
0.07403520116459435 0.08281261842619972 0.07403520116459435 0.12152550044422247 0.13869633786413704 0.15882261925946248 0.13869633786413704 0.12152550044422247 0.00796514785702185 0.008410714640097502 0.00796514785702185 0.010526320697590713 0.011614978936306157 0.012286218423578375 0.011614978936306157 0.010526320697590713 0.0011167265863036907 0.0011051778730576988 0.0011167265863036909 0.0009469779906620758 0.000847311856442631 0.0008438428559522146 0.0008473118564426311 0.0009469779906620758 0.00016403365792949813 0.00016169646315005918 0.00016403365792949813 0.00014289057562214024 0.00013193762095429324 0.00013038155492823335 0.00013193762095429324 0.00014289057562214024
0.08073672436373974 0.08453114371200689 0.08073672436373974 0.12159462371138287 0.14064896995121004 0.16360395558256013 0.14064896995121004 0.12159462371138287 0.006296363850338965 0.006110040473381484 0.006296363850338965 0.00766072010315416 0.00840465336569481 0.008831921524892409 0.00840465336569481 0.00766072010315416 0.0005867257241992508 0.0005963737685175383 0.0005867257241992509 0.0005302239212100974 0.0005102341673667108 0.0004994170788973633 0.0005102341673667107 0.0005302239212100974 0.00024412576938215376 0.00023427823039899162 0.00024412576938215376 0.0002317983898430327 0.00024129605418634798 0.0002199508859289423 0.00024129605418634798 0.0002317983898430327
0.0570197493618944 0.07785398732724987 0.0570197493618944 0.11019275152631429 0.10968353890357072 0.1651463853039733 0.10968353890357072 0.11019275152631429 0.012556397300065941 0.016726255017015322 0.012556397300065941 0.0196948105179356 0.018381703700712976 0.024946998888105594 0.018381703700712976 0.0196948105179356 0.00760404008451924 0.006510771753732615 0.007604040084519241 0.006116976925269986 0.00650866791490365 0.005292105932202841 0.0065086679149036495 0.006116976925269986 0.001170533521368603 0.0009780239863122742 0.001170533521368603 0.0009370750009507652 0.0009983864072521816 0.0008162094618915517 0.0009983864072521816 0.0009370750009507652
0.07613940359829023 0.06406020872827908 0.07613940359829023 0.10295804642705254 0.1436119826601064 0.13106353234691287 0.1436119826601064 0.10295804642705254 0.012985428542313522 0.012126345773256402 0.012985428542313522 0.015798256894283783 0.01913758185689761 0.01866520046730826 0.01913758185689761 0.015798256894283783 0.004040962000896348 0.0040873891410221404 0.004040962000896344 0.003557224900291455 0.003125381290500924 0.003124487077560302 0.0031253812905009224 0.003557224900291455 0.0005795914502282097 0.0005773327914207206 0.0005795914502282097 0.0005147003971250931 0.00046822866050623337 0.0004619263172552981 0.00046822866050623337 0.0005147003971250931
0.047661090356379984 0.0814544986556052 0.047661090356379984 0.11253337159391982 0.12564127597220381 0.19221992603522955 0.12564127597220381 0.11253337159391982 0.008989658882646476 0.009148293782630487 0.008989658882646476 0.012783329023711444 0.014728345966278545 0.015571963581325088 0.014728345966278545 0.012783329023711444 0.005864446944217841 0.00600935145114656 0.005864446944217841 0.0053272421434878234 0.005177767587749666 0.005281830361146418 0.005177767587749665 0.0053272421434878234 0.0016824362555386682 0.001627082596943576 0.0016824362555386682 0.0015696725342764567 0.0016266116454121818 0.0015165557243276907 0.0016266116454121818 0.0015696725342764567
0.08617508225513536 0.05627826519900098 0.08617508225513536 0.11528994001660581 0.1686630827160041 0.12425662962871671 0.1686630827160041 0.11528994001660581 0.004011117314433784 0.003828207251532831 0.004011117314433784 0.005376217649499728 0.0058766770601245836 0.005830727649026285 0.0058766770601245836 0.005376217649499728 0.0028054708931239234 0.002690681506561191 0.0028054708931239234 0.0026380036425642348 0.0027215386395928035 0.002596691407287305 0.0027215386395928035 0.0026380036425642348 0.0022053741171883666 0.0021656501823885147 0.0022053741171883666 0.0021559534188695887 0.0021902842546005687 0.0021356632200004552 0.0021902842546005687 0.0021559534188695887
0.07733459695623514 0.062488801555552934 0.07733459695623514 0.1105502502159548 0.14932680614757068 0.13453335169525713 0.14932680614757068 0.1105502502159548 0.011569658748960644 0.010688595620802143 0.011569658748960644 0.014591806862556293 0.017111879085255403 0.016517094717183003 0.017111879085255403 0.014591806862556293 0.001877478084004803 0.0018858068933981756 0.0018774780840048035 0.001544511767503461 0.0013976808601952983 0.0013876513193793929 0.0013976808601952994 0.001544511767503461 0.0002644920563483809 0.0002676912755353407 0.0002644920563483809 0.00022940222156478347 0.00021051204693468755 0.00021285681672316892 0.00021051204693468755 0.00022940222156478347
0.06360262585724859 0.09139242305832583 0.06360262585724859 0.12754135986815912 0.12430282076782127 0.18865101529125083 0.12430282076782127 0.12754135986815912 0.006002487717607983 0.0071908392068212815 0.006002487717607983 0.008975818731891124 0.008954974256267026 0.01137704462281666 0.008954974256267026 0.008975818731891124 0.002165651325590073 0.002059328404793634 0.002165651325590073 0.0018832966809658154 0.0018429169865711783 0.001734001643138391 0.0018429169865711785 0.0018832966809658154 0.0009087999721938432 0.0008801087320034226 0.0009087999721938432 0.0008677659204526351 0.0008871082604767197 0.0008439863503592526 0.0008871082604767197 0.0008677659204526351
0.060210748568393695 0.08032573141898988 0.060210748568393695 0.12122472959912851 0.13753561924758137 0.1706425273424848 0.13753561924758137 0.12122472959912851 0.007373232883975712 0.008634774857509537 0.007373232883975712 0.010928704048980838 0.01134559381221216 0.013763989346307416 0.01134559381221216 0.010928704048980838 0.003130810338666861 0.0029085328197019575 0.0031308103386668605 0.0026483502505775212 0.0026360692455130864 0.0023948651096456323 0.002636069245513086 0.0026483502505775212 0.0009521852228814391 0.000899554683166879 0.0009521852228814391 0.0008865951776601553 0.0009180676273812124 0.0008486123762887417 0.0009180676273812124 0.0008865951776601553
0.04181982598839022 0.04292424931919918 0.04181982598839022 0.06853655457544397 0.07891904361713088 0.08574070396897333 0.07891904361713088 0.06853655457544397 0.015180467540258988 0.01920985116459866 0.015180467540258988 0.023986373717823396 0.024256933188653348 0.03107035445748241 0.024256933188653348 0.023986373717823396 0.03996116814008069 0.03797854494935397 0.03996116814008069 0.03624967366392086 0.036549948315283305 0.03366758908943755 0.036549948315283326 0.03624967366392086 0.0020218195840667917 0.002372578363531347 0.0020218195840667917 0.0026725210274040696 0.002745732279328168 0.001236005411854065 0.002745732279328168 0.0026725210274040696
0.05520019584015682 0.06995944596882006 0.05520019584015682 0.10501542731427395 0.1501362349580349 0.18043699016181458 0.1501362349580349 0.10501542731427395 0.007287463577743448 0.00844104692546042 0.007287463577743448 0.011008667219166423 0.01227261442608254 0.014563686392049946 0.01227261442608254 0.011008667219166423 0.004339213419518004 0.004068584701691571 0.004339213419518007 0.0037347733194587826 0.003824922206929779 0.003449687814976279 0.0038249222069297786 0.0037347733194587826 0.001736348436447493 0.00168102527647001 0.001736348436447493 0.0016476634699395605 0.0016928598803862102 0.0016067646224412779 0.0016928598803862102 0.0016476634699395605
0.06786617200413007 0.07632353860498224 0.06786617200413007 0.1183912462371722 0.14556576391765033 0.15206442606653203 0.14556576391765033 0.1183912462371722 0.008102069719707753 0.008115140355936542 0.008102069719707753 0.010839235498232916 0.01264474959999889 0.0124852421219509 0.01264474959999889 0.010839235498232916 0.0027752949758267005 0.0028215092467807654 0.002775294975826699 0.0024769029973996295 0.002250961009784749 0.002293162043524194 0.002250961009784749 0.0024769029973996295 0.000535916753811199 0.0005407466521702682 0.000535916753811199 0.0005036174087567613 0.00048248687221727786 0.00048740091874623564 0.00048248687221727786 0.0005036174087567613
0.07139160020185356 0.0746975976150297 0.07139160020185356 0.1212844275589411 0.15433704241099194 0.16277200350588897 0.15433704241099194 0.1212844275589411 0.005314444787018025 0.005428967899056734 0.005314444787018025 0.007206233949152097 0.008032472093444059 0.008459264889002834 0.008032472093444059 0.007206233949152097 0.0012574651772706829 0.0011975807863207643 0.0012574651772706829 0.0010891146250012168 0.0010977870073669667 0.0010326375447621973 0.0010977870073669669 0.0010891146250012168 0.0005656053646843223 0.000544455136514786 0.0005656053646843223 0.0005387026046453949 0.000556047089379075 0.0005256068839271324 0.000556047089379075 0.0005387026046453949
0.06932173142510872 0.05194541702363216 0.06932173142510872 0.11579909844093153 0.1504637456089716 0.1259310903558746 0.1504637456089716 0.11579909844093153 0.011245862810483117 0.009931746814941694 0.011245862810483117 0.014898215483376168 0.017194388199569716 0.01585461404792557 0.017194388199569716 0.014898215483376168 0.005106336537809464 0.005174992274856016 0.005106336537809463 0.0046374453963549615 0.0043727393887257205 0.004399611891423309 0.0043727393887257205 0.0046374453963549615 3.3967266598509174e-05 2.8672481036331877e-05 3.3967266598509174e-05 0.00018768344191091846 7.815157169313674e-05 5.5123967243205344e-05 7.815157169313674e-05 0.00018768344191091846
0.06963304055141449 0.08101265467069059 0.06963304055141449 0.11003070116272899 0.15096840383187035 0.15684667682982978 0.15096840383187035 0.11003070116272899 0.008760953274829439 0.00905629053954865 0.008760953274829439 0.011269942424243212 0.013574323994352374 0.013317926533012411 0.013574323994352374 0.011269942424243212 0.0013705766195500938 0.0014748021461618729 0.0013705766195500938 0.0011976373298182128 0.0010160748224902598 0.0011522173079308628 0.0010160748224902587 0.0011976373298182128 0.00020184909980541248 0.00021999510985735573 0.00020184909980541248 0.00018363097012634506 0.00016161298681171738 0.0001819427268867382 0.00016161298681171738 0.00018363097012634506
0.07269759398937659 0.05902936050163442 0.07269759398937659 0.1117290196495329 0.15232899844946318 0.1359871419949976 0.15232899844946318 0.1117290196495329 0.010989776107915952 0.010486804624349118 0.010989776107915952 0.014460285761889628 0.016340466025918328 0.0165406877367245 0.016340466025918328 0.014460285761889628 0.002552706177400936 0.0023964060074360286 0.0025527061774009356 0.002045978760515607 0.001960613103883312 0.001745908073244123 0.0019606131038833125 0.002045978760515607 0.0005226334633538598 0.000480452843180292 0.0005226334633538598 0.00043024515797620004 0.0004177724702157187 0.0003810599835496063 0.0004177724702157187 0.00043024515797620004
0.059714378974095414 0.071549391161979 0.059714378974095414 0.11540743386026117 0.14396234851853776 0.16522220779793007 0.14396234851853776 0.11540743386026117 0.008828559668534162 0.009743056600591023 0.008828559668534162 0.012240801697518693 0.013596067969662288 0.014684146767297323 0.013596067969662288 0.012240801697518693 0.0036894904203521985 0.003567440113718274 0.0036894904203521976 0.00336554530473513 0.0032818819921768567 0.003194653162459528 0.0032818819921768562 0.00336554530473513 0.000585093841211651 0.0005460682390259693 0.000585093841211651 0.0004629203352902497 0.00041892244390233157 0.00038614610444297887 0.00041892244390233157 0.0004629203352902497
0.05872828308192411 0.0900959095150123 0.05872828308192411 0.12186147758519637 0.11398471884032245 0.1892874938795682 0.11398471884032245 0.12186147758519637 0.007129299128938055 0.008440255358864154 0.007129299128938055 0.010314708202780487 0.010405927588066464 0.013101589396690998 0.010405927588066464 0.010314708202780487 0.004113845972370085 0.004044133283140796 0.004113845972370086 0.0038354041748636836 0.003787183856214545 0.003727786233758405 0.0037871838562145445 0.0038354041748636836 0.0029082158386500444 0.0028697106856381237 0.0029082158386500444 0.002854761033074338 0.002883222542876971 0.002819025956771748 0.002883222542876971 0.002854761033074338
0.07962868340539091 0.06942996296506225 0.07962868340539091 0.12459268642015923 0.14632691014834295 0.14551683513561028 0.14632691014834295 0.12459268642015923 0.00783107956412943 0.007143480811252256 0.00783107956412943 0.01000120394739695 0.01119349299479616 0.010882842295317016 0.01119349299479616 0.01000120394739695 0.000979546304648253 0.0010143803804289215 0.0009795463046482528 0.000829905039137134 0.0007572034695363173 0.0007593317982907366 0.0007572034695363178 0.000829905039137134 0.0001345725853954618 0.0001388276528291459 0.0001345725853954618 0.00011768545432093777 0.00010895758365223655 0.0001104851273973941 0.00010895758365223655 0.00011768545432093777
0.06266672387631667 0.07323721131752968 0.06266672387631667 0.11538857426440159 0.1440335659997735 0.16748463887474474 0.1440335659997735 0.11538857426440159 0.008734196225747172 0.009196576656253263 0.008734196225747172 0.012183750117549585 0.013676134074874243 0.014869886598449521 0.013676134074874243 0.012183750117549585 0.002137348145969883 0.0020376944499513106 0.0021373481459698836 0.0018070829070000914 0.0017640667706030296 0.0016529876729667956 0.001764066770603029 0.0018070829070000914 0.0008746266147121701 0.00083145193787852 0.0008746266147121701 0.0008239728474209612 0.0008586940300091957 0.0007920807434699498 0.0008586940300091957 0.0008239728474209612
0.053129744527792705 0.09648520538285264 0.053129744527792705 0.12230313557216742 0.11818315068947992 0.2089697770709313 0.11818315068947992 0.12230313557216742 0.0071601010085174995 0.00921083402678267 0.0071601010085174995 0.011032740114313792 0.010969482669519524 0.014779506072715115 0.010969482669519524 0.011032740114313792 0.0027159879160044836 0.002374857496104637 0.0027159879160044836 0.0021896309975069626 0.0023545866512798136 0.0019493043706568418 0.0023545866512798127 0.0021896309975069626 0.00081118683381086 0.0007539692228187332 0.00081118683381086 0.0007463698417901461 0.0007900413395323198 0.0007042300337071196 0.0007900413395323198 0.0007463698417901461
