0.07556184861560138 0.06228994423447853 0.07556184861560138 0.10542956878556305 0.16822824433992456 0.1261338487752859 0.16822824433992456 0.10542956878556305 0.01020628139731419 0.008314212948120908 0.01020628139731419 0.012304107344263545 0.016497371468791742 0.012969271668906024 0.016497371468791742 0.012304107344263545 0.0016987419561060534 0.0020553216048278936 0.0016987419561060534 0.0014939600585445795 0.0011678772068010506 0.0015164313537045307 0.0011678772068010504 0.0014939600585445795 0.00020529806985959307 0.0002467377171613446 0.00020529806985959307 0.00018942468154519424 0.00015832112960705025 0.00019214158967088339 0.00015832112960705025 0.00018942468154519424
0.06609146125287992 0.09775854971717901 0.06609146125287992 0.1282472755520844 0.1170743576897901 0.13878144829062988 0.1170743576897901 0.1282472755520844 0.009915330113496112 0.011993583222388658 0.009915330113496112 0.014556475867294506 0.014450368681963534 0.01600621265615807 0.014450368681963534 0.014556475867294506 0.0045341269505357945 0.004269683639315134 0.0045341269505357945 0.003913439410686112 0.003785778716742888 0.0035743957770312143 0.003785778716742889 0.003913439410686112 0.0004412625117213511 0.0003735852320622944 0.0004412625117213511 0.0002860061387151516 0.00024003079351371062 0.00017071410638838143 0.00024003079351371062 0.0002860061387151516
0.06693990592864743 0.06358259469751648 0.06693990592864743 0.10674412745091152 0.16292686598187786 0.1497515438622954 0.16292686598187786 0.10674412745091152 0.009418730295766873 0.009385331465000254 0.009418730295766873 0.012062280937654435 0.015021420080625241 0.014643344768937453 0.015021420080625241 0.012062280937654435 0.002001924358491962 0.00203332654308678 0.0020019243584919614 0.0017738241953457491 0.0015799000844090296 0.0016126137849073571 0.0015799000844090305 0.0017738241953457491 0.0002758887860448548 0.00027830324036189806 0.0002758887860448548 0.0002543205188411094 0.00023740460905048234 0.00023975518256126583 0.00023740460905048234 0.0002543205188411094
0.06278388137521375 0.05024560706799575 0.06278388137521375 0.08866613589164886 0.13945300610200215 0.11985129936044775 0.13945300610200215 0.08866613589164886 0.015659562725932257 0.014105397428653134 0.015659562725932257 0.01969363637959654 0.025358268472952247 0.023709788266517682 0.025358268472952247 0.01969363637959654 0.010672593753761736 0.010866167242787777 0.010672593753761735 0.009652013752728087 0.008911440312630615 0.008974247419839832 0.008911440312630612 0.009652013752728087 0.0014391423762551933 0.0014702872462953559 0.0014391423762551933 0.001292959704993107 0.0012010344991979299 0.0012098552736377237 0.0012010344991979299 0.001292959704993107
0.027634114329321915 0.03624507365833328 0.027634114329321915 0.05205558650953239 0.07703026218820244 0.10058921858247805 0.07703026218820244 0.05205558650953239 0.014041268134228315 0.016663323312599603 0.014041268134228315 0.02211609814683132 0.025501459127008273 0.029983342051337892 0.025501459127008273 0.02211609814683132 0.04275784844396053 0.04181220567931454 0.04275784844396052 0.039473788428201935 0.038422875944891584 0.03705499349186714 0.03842287594489159 0.039473788428201935 0.008102371688613452 0.007936473194155705 0.008102371688613452 0.007271160099826356 0.007035610773891307 0.006830482400894145 0.007035610773891307 0.007271160099826356
0.06563118398013242 0.08331302491369916 0.06563118398013242 0.13213792464958435 0.12343177062751733 0.1767140485163614 0.12343177062751733 0.13213792464958435 0.007426193563182456 0.008172459207454724 0.007426193563182456 0.010876471160657325 0.01058628989754066 0.011781075814978803 0.01058628989754066 0.010876471160657325 0.0023638352204321373 0.002331587810611538 0.002363835220432139 0.0020348601255771545 0.002005239003281071 0.001967866352508548 0.0020052390032810705 0.0020348601255771545 0.0003684930202620952 0.00036341970463607635 0.0003684930202620952 0.0003298626195441585 0.0003269538124858408 0.0003183623193557043 0.0003269538124858408 0.0003298626195441585
0.08148550602968582 0.09143709392988203 0.08148550602968582 0.11485803240397068 0.11932278162669288 0.13188131915785836 0.11932278162669288 0.11485803240397068 0.012544546073747744 0.013752205423093753 0.012544546073747744 0.01568105116880054 0.016446678750843557 0.017298432811123317 0.016446678750843557 0.01568105116880054 0.00302551417817662 0.0028599306737584905 0.0030255141781766193 0.0025451349389933754 0.002511378593828247 0.0024114463927748025 0.0025113785938282473 0.0025451349389933754 0.0004806148811043154 0.00046510559760810477 0.0004806148811043154 0.00042211364208499097 0.00041886845336743103 0.0004100245313088049 0.00041886845336743103 0.00042211364208499097
0.061930651484430735 0.0741923330115133 0.061930651484430735 0.09962187613292699 0.13895178882701545 0.16801286766029558 0.13895178882701545 0.09962187613292699 0.011962258431968138 0.013447994552030393 0.011962258431968138 0.01578626955280663 0.018564840418779583 0.020710274897572763 0.018564840418779583 0.01578626955280663 0.0038644495501890517 0.003659659399127847 0.003864449550189051 0.0032940645075582448 0.003003732394396935 0.0028831947572266173 0.003003732394396934 0.0032940645075582448 0.0004388209962300171 0.0004189513039161597 0.0004388209962300171 0.0003845962985527387 0.00035974652015515054 0.00034853418829799157 0.00035974652015515054 0.0003845962985527387
0.07713939420242058 0.06429875077260823 0.07713939420242058 0.10474638270937447 0.15184556377679678 0.1268352797399456 0.15184556377679678 0.10474638270937447 0.012362384222614783 0.012078322129677821 0.012362384222614783 0.014473726721947596 0.016741136220047005 0.01658744326913201 0.016741136220047005 0.014473726721947596 0.0030782214708195846 0.003047551491711781 0.003078221470819584 0.0027905042862740584 0.0026187969508376066 0.0025451715979522937 0.002618796950837607 0.0027905042862740584 0.0004009358196880103 0.0003985139060311464 0.0004009358196880103 0.00037402298881828984 0.00035783271516012734 0.0003511629233433114 0.00035783271516012734 0.00037402298881828984
0.08209728256693859 0.08137601559657316 0.08209728256693859 0.12068175601266133 0.14783426689853213 0.14623458394724756 0.14783426689853213 0.12068175601266133 0.0071146154502252056 0.0071009454006360625 0.0071146154502252056 0.008809495663883051 0.009892995744372485 0.009790251384814623 0.009892995744372485 0.008809495663883051 0.00033148270299364064 0.0003334949747720075 0.00033148270299364064 0.00027475052777296155 0.00024585574244000884 0.0002521247201574653 0.00024585574244000884 0.00027475052777296155 4.7335445529717475e-05 4.760836134657882e-05 4.7335445529717475e-05 4.2489715115576855e-05 3.9953263885762913e-05 4.0416145751546615e-05 3.9953263885762913e-05 4.2489715115576855e-05
0.0733095407193661 0.0825069846094026 0.0733095407193661 0.11327207712818167 0.13591194202755522 0.14478893936850212 0.13591194202755522 0.11327207712818167 0.01156421223681987 0.012510819868354487 0.01156421223681987 0.014689684995440783 0.016125025848575336 0.016872168708901333 0.016125025848575336 0.014689684995440783 0.0016937534162793887 0.001609538447466689 0.0016937534162793893 0.001432513413508563 0.001338338108012829 0.0012898556255329526 0.001338338108012829 0.001432513413508563 0.00023901599975063097 0.00023011586379997754 0.00023901599975063097 0.00021380509493874671 0.00020547973340460357 0.00020080006437242975 0.00020547973340460357 0.00021380509493874671
0.06989613418953963 0.06378275668506019 0.06989613418953963 0.11251482727676819 0.15123420770675822 0.1358906363488704 0.15123420770675822 0.11251482727676819 0.010810863713253188 0.010606853384833862 0.010810863713253188 0.014278214630436707 0.016994019983059615 0.016364035332956956 0.016994019983059615 0.014278214630436707 0.0027045762441605887 0.002713126588191713 0.002704576244160587 0.0022998034783170166 0.0020192478565318004 0.002061224973936036 0.0020192478565318013 0.0022998034783170166 0.0004296540140725508 0.00043005262785512677 0.0004296540140725508 0.00037643932368449306 0.0003439115828542526 0.00034751405942328025 0.0003439115828542526 0.00037643932368449306
0.060951830860594004 0.08483560119981516 0.060951830860594004 0.11525699022424193 0.12590327800643022 0.17222050747565312 0.12590327800643022 0.11525699022424193 0.007800186140796965 0.01041400878305127 0.007800186140796965 0.012335294848466898 0.012257346911180765 0.016001178233528965 0.012257346911180765 0.012335294848466898 0.005809781112449363 0.0054002687238222866 0.005809781112449365 0.005116402834450477 0.005122320426901647 0.0047440484257262935 0.005122320426901645 0.005116402834450477 0.0007253829630906969 0.000688803675990022 0.0007253829630906969 0.000640189622882433 0.0006283613867383049 0.0006008528059654574 0.0006283613867383049 0.000640189622882433
0.07110689632354304 0.07253513565144692 0.07110689632354304 0.11660841787452539 0.13353761488529686 0.13794392250449747 0.13353761488529686 0.11660841787452539 0.011481794874992585 0.012269940499012378 0.011481794874992585 0.015750157421154567 0.016530834491823906 0.017684423473343532 0.016530834491823906 0.015750157421154567 0.0037254978817890102 0.003604665496040201 0.0037254978817890094 0.003148052964473986 0.003025466150811636 0.0029351701229776996 0.0030254661508116345 0.003148052964473986 0.00044138444428619417 0.0004354475364747615 0.00044138444428619417 0.00038618848731882796 0.000369097712862076 0.0003684876904508327 0.000369097712862076 0.00038618848731882796
0.06274269337081963 0.07601362293525772 0.06274269337081963 0.1111000086345739 0.14322931846408865 0.15907695195201374 0.14322931846408865 0.1111000086345739 0.00972131637790926 0.010968879926570257 0.00972131637790926 0.013476442465668637 0.01552313900162434 0.016918459550758942 0.01552313900162434 0.013476442465668637 0.003164151018805931 0.0030220504196702344 0.0031641510188059304 0.002710120614137872 0.002521301595185574 0.0023920324270373964 0.002521301595185577 0.002710120614137872 0.00018038453554641823 0.0005371620329816785 0.00018038453554641823 0.00048823759912773466 0.0004602276415044396 0.00043615811772533563 0.0004602276415044396 0.00048823759912773466
0.05565743542326872 0.07248998402380914 0.05565743542326872 0.10781161875314785 0.11647703709092491 0.1421159015575131 0.11647703709092491 0.10781161875314785 0.01259196110646965 0.01501361376478736 0.01259196110646965 0.018966913213334758 0.0210944155247075 0.023916001850737324 0.0210944155247075 0.018966913213334758 0.010701311449721328 0.010267136184330545 0.010701311449721326 0.009400502940599562 0.008767341584941347 0.008342315364103972 0.00876734158494135 0.009400502940599562 0.0003354868882215867 0.000985566411129494 0.0003354868882215867 0.0007811817298525401 0.0006084647266751778 0.00048213997985924694 0.0006084647266751778 0.0007811817298525401
0.07227222251842988 0.07073712777319756 0.07227222251842988 0.10330750247979638 0.15906625048167872 0.1534196626653139 0.15906625048167872 0.10330750247979638 0.010060433141965669 0.009795973464578613 0.010060433141965669 0.012066415594607423 0.015215379872443967 0.01479915535580378 0.015215379872443967 0.012066415594607423 0.0009054363890528947 0.0009334877166649673 0.0009054363890528942 0.0007818673353106413 0.0006475040677209388 0.0006627250772217736 0.0006475040677209385 0.0007818673353106413 0.0001378959639383941 0.00014031588748149068 0.0001378959639383941 0.00012520935735579406 0.00011258423079710088 0.00011414919354241423 0.00011258423079710088 0.00012520935735579406
0.09037706292142773 0.059209686232514984 0.09037706292142773 0.11589462031654271 0.17045057409607486 0.1077548527500608 0.17045057409607486 0.11589462031654271 0.0075182679699117875 0.006106067158449714 0.0075182679699117875 0.00874213582686977 0.011156396994383188 0.008829427046330272 0.011156396994383188 0.00874213582686977 0.0011833565103178765 0.00124401234073054 0.0011833565103178767 0.0010528640881881286 0.000916469243271714 0.0009668834500438594 0.0009164692432717143 0.0010528640881881286 0.000180796519277801 0.00018244526711187268 0.000180796519277801 0.00016197388907352513 0.00014535261217813136 0.00014688377972348646 0.00014535261217813136 0.00016197388907352513
0.057460757344929766 0.07171076598968858 0.057460757344929766 0.10239486336058465 0.1297232017891575 0.1506572722365321 0.1297232017891575 0.10239486336058465 0.01437121457073701 0.015241426729809524 0.01437121457073701 0.019818814104708964 0.024277800497177537 0.02451035189374061 0.024277800497177537 0.019818814104708964 0.005583286309742754 0.005665905619574728 0.005583286309742753 0.004678484755652037 0.003932297046261243 0.0042016090910603566 0.003932297046261243 0.004678484755652037 0.00044458158478799 0.0004502934776307041 0.00044458158478799 0.00013136823116974096 0.0006371405876063321 0.0006547545969323445 0.0006371405876063321 0.00013136823116974096
0.06678143347813398 0.0768161193805747 0.06678143347813398 0.11161074290457286 0.1544081964179557 0.1687100148029056 0.1544081964179557 0.11161074290457286 0.007149855294403786 0.007863261809603627 0.007149855294403786 0.009716981455639458 0.011757648873003542 0.012655102648753165 0.011757648873003542 0.009716981455639458 0.0014837926010884685 0.0013946486140911844 0.0014837926010884681 0.0012149380899384283 0.0010647250619887272 0.000993135439998327 0.0010647250619887267 0.0012149380899384283 0.00017280789644956156 0.00016377839669462566 0.00017280789644956156 0.00014617210561499152 0.00013186552880013844 0.00012561949219958298 0.00013186552880013844 0.00014617210561499152
0.07819999842910841 0.08120440145069538 0.07819999842910841 0.1083385138841907 0.14764310488799276 0.15224217623848357 0.14764310488799276 0.1083385138841907 0.008475809109926418 0.008445484291591964 0.008475809109926418 0.01032197793143922 0.012662003283231712 0.012490392718648805 0.012662003283231712 0.01032197793143922 0.0018427575606975333 0.0019233260795203009 0.0018427575606975327 0.0016693248476873604 0.0014506729263294616 0.0015370349006392395 0.0014506729263294622 0.0016693248476873604 0.00018190407697761844 0.00021687785298569383 0.00018190407697761844 0.00013471511018152613 2.389261216416537e-06 9.39638494767935e-05 2.389261216416537e-06 0.00013471511018152613
0.05210847879318424 0.04196837826123449 0.05210847879318424 0.09418843023545616 0.15323383272423627 0.11782575556559345 0.15323383272423627 0.09418843023545616 0.013216120964695963 0.010777632717533748 0.013216120964695963 0.018258555606224015 0.023584315447743944 0.01852663415432752 0.023584315447743944 0.018258555606224015 0.01205611061925273 0.012839178120027597 0.012056110619252733 0.010936389854142772 0.0100825274634347 0.011255467565870312 0.0100825274634347 0.010936389854142772 0.0015292044328354482 0.0016976645051071534 0.0015292044328354482 0.0013712363545683164 0.0012634088265586778 0.0014520664656392955 0.0012634088265586778 0.0013712363545683164
0.06661234929565207 0.06349778518458903 0.06661234929565207 0.10414648325003406 0.14459530379253568 0.14118802876578465 0.14459530379253568 0.10414648325003406 0.011461953184002472 0.012296365679550626 0.011461953184002472 0.015156063715017239 0.017158992415651626 0.018709372518471455 0.017158992415651626 0.015156063715017239 0.00601170279504055 0.0058502819902183515 0.006011702795040544 0.005325734153654505 0.00507744819771384 0.004848851305287626 0.00507744819771384 0.005325734153654505 0.0004525111820401766 0.00041679817715678443 0.0004525111820401766 0.0002980763154868212 0.00022575748409828228 0.0001477648170868058 0.00022575748409828228 0.0002980763154868212
0.06435176347669473 0.05010775550857154 0.06435176347669473 0.09349851851477733 0.15516024358458871 0.12044604532874274 0.15516024358458871 0.09349851851477733 0.014795046977422477 0.01294865016983199 0.014795046977422477 0.018284759940229538 0.024203720491031592 0.021311586994390314 0.024203720491031592 0.018284759940229538 0.0065251909361766815 0.006803609508240859 0.0065251909361766815 0.005844972308990493 0.005194533041890184 0.005381736760906153 0.005194533041890189 0.005844972308990493 0.0009948831300337368 0.0009882920632231773 0.0009948831300337368 0.0008921738842432112 0.000850017183732263 0.0008206767264714079 0.000850017183732263 0.0008921738842432112
0.0819608909156326 0.0556486305619279 0.0819608909156326 0.11043137307869269 0.17342970333591584 0.12104104051851557 0.17342970333591584 0.11043137307869269 0.008529936165609524 0.007239421677196081 0.008529936165609524 0.01010843204117438 0.012768263072968408 0.010921922451749118 0.012768263072968408 0.01010843204117438 0.0012850569640298708 0.001337562494821062 0.0012850569640298713 0.001126056774448057 0.0010048655778269455 0.001044088049783199 0.0010048655778269462 0.001126056774448057 0.00020057399951100777 0.00020604604174301002 0.00020057399951100777 0.00018134315615325763 0.00016800470073090809 0.00017228863887697022 0.00016800470073090809 0.00018134315615325763
0.08454140917296123 0.030641775314580122 0.08454140917296123 0.08928260581106758 0.21263831790379265 0.08076289479279365 0.21263831790379265 0.08928260581106758 0.010854095407757962 0.005789977121670155 0.010854095407757962 0.011010602291599832 0.01777767826412297 0.010095979523915234 0.01777767826412297 0.011010602291599832 0.0022921712744241067 0.0028463993937270097 0.0022921712744241067 0.00223266614653175 0.001847066207605266 0.0022997182401136643 0.0018470662076052668 0.00223266614653175 0.0003344909061198332 0.00040959252045306716 0.0003344909061198332 0.00032304197468321623 0.0002776353170038258 0.00033010173740672424 0.0002776353170038258 0.00032304197468321623
0.0511057983617681 0.04163788124011173 0.0511057983617681 0.08517284039498267 0.1643021073398567 0.12791225696336972 0.1643021073398567 0.08517284039498267 0.01704119733289658 0.015143990944224583 0.01704119733289658 0.02227162727046887 0.03103252033155478 0.02725750711504232 0.03103252033155478 0.02227162727046887 0.005947092101960601 0.006296562246288425 0.005947092101960603 0.005052750006138818 0.004140302276154921 0.00442507884479721 0.004140302276154916 0.005052750006138818 0.0007296345516311967 0.0007565702436376808 0.0007296345516311967 0.0006395565548462976 0.0005593985936414694 0.0005805021707263576 0.0005593985936414694 0.0006395565548462976
0.08746323845810101 0.08489208743111033 0.08746323845810101 0.08824644151277015 0.15231949205024228 0.17088340498656734 0.15231949205024228 0.08824644151277015 0.008891044242232232 0.008894574953686528 0.008891044242232232 0.009338087534788108 0.012092690647447852 0.013023310206986305 0.012092690647447852 0.009338087534788108 0.0006783019342971455 0.0006748599699297628 0.0006783019342971449 0.0006147796574288314 0.0005308329153951435 0.0005002597128442982 0.0005308329153951437 0.0006147796574288314 0.00010522774262481395 0.00010545887289184124 0.00010522774262481395 9.911167698188102e-05 9.013843721014772e-05 8.727024694423144e-05 9.013843721014772e-05 9.911167698188102e-05
0.057864111284447295 0.07610013444348444 0.057864111284447295 0.11716128990092685 0.13087668973203376 0.175625139245315 0.13087668973203376 0.11716128990092685 0.010476117700989093 0.012225857620056471 0.010476117700989093 0.015572602350361897 0.016745285383367246 0.019673755266318694 0.016745285383367246 0.015572602350361897 0.0024927155766929624 0.0022837270500329944 0.002492715576692963 0.0019413792561005382 0.0018162674895432376 0.0016113607198026058 0.0018162674895432376 0.0019413792561005382 0.0003742768168115385 0.00034836921509241443 0.0003742768168115385 0.00031091743576504603 0.0002970781248739087 0.0002741943360705574 0.0002970781248739087 0.00031091743576504603
0.070874210253321 0.06690502822600718 0.070874210253321 0.1114450921565207 0.1623572308268261 0.15021328396393652 0.1623572308268261 0.1114450921565207 0.00851729990148295 0.008059002517600057 0.00851729990148295 0.010863158661632823 0.013457226380884988 0.012686550722815815 0.013457226380884988 0.010863158661632823 0.0009152023999551087 0.0009655759497805297 0.0009152023999551086 0.0007608065417462271 0.0006444733947784281 0.000687481522041918 0.0006444733947784278 0.0007608065417462271 0.00011266961768850119 0.00011708288076201249 0.00011266961768850119 9.967248334179591e-05 8.955248051089968e-05 9.280401967683763e-05 8.955248051089968e-05 9.967248334179591e-05
0.06643534764421342 0.0880867797603977 0.06643534764421342 0.11281798508449206 0.14791818440604168 0.13760463434631262 0.14791818440604168 0.11281798508449206 0.009375338991178525 0.009400045181002126 0.009375338991178525 0.012085331292245255 0.015273893481770736 0.013778867971879468 0.015273893481770736 0.012085331292245255 0.0029741903084675556 0.0031442156235059345 0.0029741903084675547 0.002690693941419564 0.0023255107104525833 0.0025146904198640172 0.0023255107104525833 0.002690693941419564 0.00017720645824878905 0.00022561920975029784 0.00017720645824878905 5.44092718155557e-05 0.0003226546014463926 0.0003436551037033911 0.0003226546014463926 5.44092718155557e-05
0.06511705528812498 0.0675862702535826 0.06511705528812498 0.11804863372278185 0.15643835790080457 0.1429132412057565 0.15643835790080457 0.11804863372278185 0.009213958189544555 0.008706079345764024 0.009213958189544555 0.012674636724495371 0.015214385725372589 0.013798146766045927 0.015214385725372589 0.012674636724495371 0.0017150873540453194 0.0018082215651412463 0.0017150873540453175 0.0013977182497218739 0.0012040301115288385 0.0013057663472841106 0.0012040301115288387 0.0013977182497218739 0.0002582898361443548 0.000266193140851001 0.0002582898361443548 0.00022064234253569564 0.00020055490037116982 0.00020938068463218978 0.00020055490037116982 0.00022064234253569564
0.0929256147679637 0.06672842436668007 0.0929256147679637 0.11450942937627329 0.13362308870105477 0.1146122602677796 0.13362308870105477 0.11450942937627329 0.010020482424855289 0.00909492085837866 0.010020482424855289 0.01216237669044809 0.014060847773242882 0.01391094044638465 0.014060847773242882 0.01216237669044809 0.0049545837535259025 0.004800164454200162 0.004954583753525905 0.004548408620689998 0.004193782445623112 0.004028479295453202 0.004193782445623112 0.004548408620689998 0.0006717603078143416 0.0006445346848586198 0.0006717603078143416 0.0006103547322554128 0.0005472046040160015 0.0005244072307394947 0.0005472046040160015 0.0006103547322554128
0.07825202861947798 0.0781328582834618 0.07825202861947798 0.10758805387672629 0.12280544725390359 0.13104486821054714 0.12280544725390359 0.10758805387672629 0.01365928107002162 0.014155210728920366 0.01365928107002162 0.017114684963968226 0.0189888926742879 0.020125473937243853 0.0189888926742879 0.017114684963968226 0.004903185664364495 0.004798390809130411 0.004903185664364492 0.004275739042046807 0.0040789292752413725 0.0039457938270236964 0.004078929275241372 0.004275739042046807 0.0006076532183208036 0.0005975115990411743 0.0006076532183208036 0.0005421550740897637 0.0005256315862773583 0.0005165279671791106 0.0005256315862773583 0.0005421550740897637
0.05899561396304569 0.0756613680946825 0.05899561396304569 0.10626944582711403 0.12467063099541664 0.1594456820813932 0.12467063099541664 0.10626944582711403 0.012055048541080663 0.013742784836412291 0.012055048541080663 0.017092259514483343 0.01962251283166395 0.02217019567188169 0.01962251283166395 0.017092259514483343 0.006818745054712965 0.006561361054069682 0.006818745054712965 0.005848690855495027 0.0053472744994321145 0.005105222290284454 0.005347274499432115 0.005848690855495027 0.000496408324663081 0.0004316899616339583 0.000496408324663081 0.0001862129683361641 0.0007007959244624139 0.0006744174098300922 0.0007007959244624139 0.0001862129683361641
0.06314110461851861 0.09183841171793229 0.06314110461851861 0.1136080820636545 0.12551182824500892 0.17616607148430075 0.12551182824500892 0.1136080820636545 0.009262383929877011 0.011566972603166517 0.009262383929877011 0.013277994034258672 0.014011683995687831 0.01691419492964343 0.014011683995687831 0.013277994034258672 0.0030523489661173236 0.002797426510859651 0.0030523489661173245 0.002609755688993274 0.0025607385335924054 0.0023042375445297965 0.002560738533592405 0.002609755688993274 0.0006121292062240748 0.0005615698643300536 0.0006121292062240748 0.0005258825399501502 0.0005201122645590903 0.00046302717235385707 0.0005201122645590903 0.0005258825399501502
0.07303071339941367 0.08145413622481651 0.07303071339941367 0.12029428096325623 0.13311166514943354 0.14885195228022305 0.13311166514943354 0.12029428096325623 0.009706640207745792 0.010319034260439678 0.009706640207745792 0.013096773171824401 0.014232366443211521 0.014923162103508945 0.014232366443211521 0.013096773171824401 0.002235472601352413 0.002153570707426233 0.002235472601352412 0.0018634169608085975 0.0017739880259014414 0.0017155286094044026 0.0017739880259014414 0.0018634169608085975 0.00026296734446332724 0.0002539002347157911 0.00026296734446332724 0.00022774475204294614 0.00022081773851689455 0.00021502206352394708 0.00022081773851689455 0.00022774475204294614
0.06471060176461609 0.12091217484336952 0.06471060176461609 0.14193515387010958 0.10897436873617665 0.14472969621583384 0.10897436873617665 0.14193515387010958 0.007493295124709268 0.00976133282781722 0.007493295124709268 0.011516012278525008 0.010649082413631128 0.012013821334093901 0.010649082413631128 0.011516012278525008 0.002819690438457316 0.0027311773089292793 0.002819690438457318 0.00248705163815246 0.0024369730668660143 0.0023955437063574864 0.002436973066866016 0.00248705163815246 0.00024286256725427927 0.00022732704897067483 0.00024286256725427927 0.0001563062294196904 0.00013144468306786853 0.00012324109265734947 0.00013144468306786853 0.0001563062294196904
0.0668879511799016 0.06594961772942023 0.0668879511799016 0.10641377395233483 0.15656424340599273 0.14108012004074355 0.15656424340599273 0.10641377395233483 0.010095680827540083 0.009421852334231283 0.010095680827540083 0.013159192116391657 0.01672138196089339 0.015053307038916266 0.01672138196089339 0.013159192116391657 0.003524574599542626 0.0037313000008573666 0.0035245745995426264 0.003097254665573968 0.0027280130859483488 0.0029729325294518267 0.0027280130859483483 0.003097254665573968 0.0004685121700494583 0.0005021419416928579 0.0004685121700494583 0.0004135066155183622 0.0003697344859459271 0.0004010902534207532 0.0003697344859459271 0.0004135066155183622
0.04815627834322848 0.0348445543108072 0.04815627834322848 0.07362240418736794 0.13955145014774437 0.10304009702675662 0.13955145014774437 0.07362240418736794 0.014139716082025666 0.012380967537464304 0.014139716082025666 0.017774347848888095 0.024294087715356114 0.02162606395105564 0.024294087715356114 0.017774347848888095 0.023090731960582502 0.023304702031418083 0.023090731960582502 0.02210163972285346 0.021266567318591105 0.021326654534933296 0.0212665673185911 0.02210163972285346 0.002341268538956951 0.0017755797076348659 0.002341268538956951 0.0021321724204559377 0.0009304601831596719 0.0028991319615094585 0.0009304601831596719 0.0021321724204559377
0.07021001269670048 0.09406339038061881 0.07021001269670048 0.11684732356169496 0.13427010560937083 0.16733100935481585 0.13427010560937083 0.11684732356169496 0.007847908089250814 0.008857051639614609 0.007847908089250814 0.010335309803901677 0.01169055622005639 0.012606913949024936 0.01169055622005639 0.010335309803901677 0.0017204691982128405 0.0017322924796077542 0.0017204691982128392 0.0015580556851399012 0.0014205705949528542 0.0014619695216027836 0.0014205705949528536 0.0015580556851399012 0.0002895851741610847 0.00029539678287266726 0.0002895851741610847 0.0002657234123419993 0.00024400631760699965 0.0002527231650609605 0.00024400631760699965 0.0002657234123419993
0.05464977234286798 0.05309523844371133 0.05464977234286798 0.11052360379544035 0.15202866644545038 0.15446785932205992 0.15202866644545038 0.11052360379544035 0.010736205091679536 0.010742166610968584 0.010736205091679536 0.015479271131491001 0.018288450798977104 0.0186362681899975 0.018288450798977104 0.015479271131491001 0.004784972380777404 0.004738240752154463 0.004784972380777404 0.004197657286073819 0.003947520134522543 0.0038987948581059436 0.003947520134522542 0.004197657286073819 0.0006948724089437635 0.0006911642065582548 0.0006948724089437635 0.0006293007693444067 0.0006040858221443971 0.0006015108010186478 0.0006040858221443971 0.0006293007693444067
0.06390072305652968 0.10897056658737286 0.06390072305652968 0.09869710413973111 0.1309728977896279 0.17600187972233422 0.1309728977896279 0.09869710413973111 0.009586254185642898 0.01180825612197385 0.009586254185642898 0.011951259389178855 0.014482792553749126 0.016053461848406194 0.014482792553749126 0.011951259389178855 0.00355844314277021 0.0035052249692580097 0.003558443142770212 0.0032528904296146187 0.0029907544035848027 0.003012477429360117 0.002990754403584804 0.0032528904296146187 0.00019394488363594302 0.00018531404537897324 0.00019394488363594302 6.84882524951308e-05 0.000383060775249036 0.0003855932722971308 0.000383060775249036 6.84882524951308e-05
0.0726385853387892 0.08495137339743826 0.0726385853387892 0.11801655021096877 0.1297113820280313 0.1633605669858688 0.1297113820280313 0.11801655021096877 0.009080586804188481 0.009769316197730643 0.009080586804188481 0.011824003652369354 0.012959719878558073 0.014579247992069465 0.012959719878558073 0.011824003652369354 0.002279018515538849 0.0021873199659950397 0.0022790185155388476 0.001965927292156246 0.0018703326462111548 0.0017422881504736267 0.0018703326462111548 0.001965927292156246 0.00036634220676979456 0.00035230353867087493 0.00036634220676979456 0.00033262204775690566 0.0003280472839658639 0.0003113479611452621 0.0003280472839658639 0.00033262204775690566
0.06672716497749007 0.07323537060921811 0.06672716497749007 0.1148481959309299 0.1447623000490189 0.14920622408948228 0.1447623000490189 0.1148481959309299 0.009112492043814214 0.009779034650379274 0.009112492043814214 0.012429281418397978 0.01441886764414367 0.015146755972809484 0.01441886764414367 0.012429281418397978 0.0034210775639403478 0.003324720620005806 0.003421077563940346 0.0030156913966900983 0.0027635286958677023 0.0026565789701565676 0.0027635286958677015 0.0030156913966900983 0.0005128103283499093 0.0004977787037537955 0.0005128103283499093 0.00044942222203007086 0.00041533307785165805 0.00040120568714575736 0.00041533307785165805 0.00044942222203007086
0.059797176745106484 0.06036271114688324 0.059797176745106484 0.10391473973574866 0.15577156342257617 0.15504479987345934 0.15577156342257617 0.10391473973574866 0.011414552708725507 0.011423571847123982 0.011414552708725507 0.015191809179037757 0.018967619833270864 0.01900149323855369 0.018967619833270864 0.015191809179037757 0.0030183870237027936 0.0030020845480282477 0.0030183870237027936 0.0025611664327890213 0.0022290918733456414 0.002198386385925754 0.002229091873345641 0.0025611664327890213 0.00045807486316845207 0.0004534919549086714 0.00045807486316845207 0.0003972076274608353 0.000358143091646727 0.00035439593195924906 0.000358143091646727 0.0003972076274608353
0.05980943316481013 0.07487300219809162 0.05980943316481013 0.11851231082945354 0.1349781862160036 0.17480956661861538 0.1349781862160036 0.11851231082945354 0.008783437406786467 0.009869836569852903 0.008783437406786467 0.012803792001565069 0.014402097347650562 0.016589628818412975 0.014402097347650562 0.012803792001565069 0.0031184234059749303 0.0029653901196575964 0.00311842340597493 0.002630845346154117 0.002478995150380598 0.002289786394647703 0.0024789951503805985 0.002630845346154117 0.00048754181702301817 0.00046379610915492044 0.00048754181702301817 0.0004354090106487534 0.00042770473991688253 0.00040264029883159256 0.00042770473991688253 0.0004354090106487534
0.06133954042467207 0.07159449961460465 0.06133954042467207 0.11226713804659111 0.14456845037211266 0.1636957619314025 0.14456845037211266 0.11226713804659111 0.010136320466233731 0.010866876874325576 0.010136320466233731 0.013869748233384676 0.01649409151515119 0.01747542781161472 0.01649409151515119 0.013869748233384676 0.0023726927943418896 0.002311684596894992 0.00237269279434189 0.0019928914344774485 0.0017580332739780059 0.0017098854662652367 0.001758033273978006 0.0019928914344774485 0.00037133631410410096 0.00036910679422419353 0.00037133631410410096 0.00033909987906025855 0.00031985217008614035 0.00031836706228145144 0.00031985217008614035 0.00033909987906025855
0.0718869083111799 0.06022307508685243 0.0718869083111799 0.10565416507745748 0.1545646122930609 0.13568934708914523 0.1545646122930609 0.10565416507745748 0.011018606061531046 0.010557316613842252 0.011018606061531046 0.013999183661165643 0.016859879471819005 0.016314154893712313 0.016859879471819005 0.013999183661165643 0.0037506264189015523 0.0037124979246006148 0.0037506264189015506 0.003253062498566851 0.0030323027365151086 0.002993459749148121 0.0030323027365151095 0.003253062498566851 0.00022727422451530779 0.00019236334870240704 0.00022727422451530779 0.00039525373284036227 0.00034951543070655024 0.00033500545747718947 0.00034951543070655024 0.00039525373284036227
0.06064643791973136 0.06005275331537195 0.06064643791973136 0.10231313614902432 0.15143377767731564 0.16151544308562643 0.15143377767731564 0.10231313614902432 0.010932785271358722 0.011145244921427468 0.010932785271358722 0.014755317769340576 0.018264154431744666 0.01897870482435255 0.018264154431744666 0.014755317769340576 0.0039991558461735565 0.003930489658876137 0.003999155846173556 0.003468622688256813 0.0030928291920051428 0.003017593665225598 0.0030928291920051436 0.003468622688256813 0.0005019968994576299 0.0004935489382353068 0.0005019968994576299 0.000437586350419887 0.00039376748573918184 0.0003870862297496917 0.00039376748573918184 0.000437586350419887
0.06221551383016723 0.07563115894492763 0.06221551383016723 0.10992459886053264 0.1443543985276982 0.16291424734141088 0.1443543985276982 0.10992459886053264 0.008991254133128646 0.011574071580126417 0.008991254133128646 0.01373505670215271 0.014675293788210558 0.01771031699681684 0.014675293788210558 0.01373505670215271 0.0030470188233545498 0.0025771988630895336 0.00304701882335455 0.002368049357788622 0.0024065389699591024 0.0020223291876978367 0.0024065389699591032 0.002368049357788622 0.0006075455113060272 0.0005155262703539747 0.0006075455113060272 0.00048709348078619424 0.0004977591779246559 0.0004349084895585616 0.0004977591779246559 0.00048709348078619424
0.07420264832390043 0.08785649502319154 0.07420264832390043 0.12673836765397042 0.1393045794484532 0.15230251761124752 0.1393045794484532 0.12673836765397042 0.006990038897149633 0.007773682166143238 0.006990038897149633 0.009489412931612875 0.010060108430793325 0.01083919950648685 0.010060108430793325 0.009489412931612875 0.0009978565956571543 0.0009233267373963635 0.0009978565956571535 0.0008110209230582131 0.0007838120622455631 0.0007067811677413507 0.0007838120622455628 0.0008110209230582131 0.00012036936603709493 0.00011303049768185588 0.00012036936603709493 0.00010145276932518729 9.729613810405201e-05 9.104020949705738e-05 9.729613810405201e-05 0.00010145276932518729
0.04333779662908872 0.03695078325560072 0.04333779662908872 0.07339326700505305 0.12480776320755717 0.10558494504044492 0.12480776320755717 0.07339326700505305 0.015389204940910865 0.015053019581185744 0.015389204940910865 0.021019119454652166 0.028380390882165513 0.028083796167374334 0.028380390882165513 0.021019119454652166 0.02594534324060404 0.02576639208229284 0.025945343240604036 0.02423357361604461 0.022708075342371403 0.022197155051044543 0.02270807534237141 0.02423357361604461 0.0010906686718623803 0.0009591740865767821 0.0010906686718623803 0.0013439397963060506 0.0008103812574745126 0.00048568664729915133 0.0008103812574745126 0.0013439397963060506
0.07104176022515274 0.06074073015492485 0.07104176022515274 0.11148487391390678 0.1591602500585493 0.12413585795567736 0.1591602500585493 0.11148487391390678 0.009462646339045405 0.008545578750928415 0.009462646339045405 0.012120532165739087 0.014904575666974187 0.013125527830051609 0.014904575666974187 0.012120532165739087 0.0044054303513539 0.004561686995112395 0.004405430351353899 0.004048571955812282 0.0037392614096522798 0.0038879939848761856 0.0037392614096522785 0.004048571955812282 0.0006510912506711343 0.0006844259311660438 0.0006510912506711343 0.0005076768741247814 0.00041110778446980733 0.0004426424063596611 0.00041110778446980733 0.0005076768741247814
0.0758148451655468 0.06838860834312982 0.0758148451655468 0.11416879710993233 0.1608960622939546 0.16065979324673577 0.1608960622939546 0.11416879710993233 0.006394263105318281 0.006143243094602036 0.006394263105318281 0.00817886452855466 0.009765114777915775 0.009696265419567442 0.009765114777915775 0.00817886452855466 0.0005657100941599781 0.0005668819614148567 0.0005657100941599778 0.00047063824965088525 0.00043255448629590955 0.0004265608625545984 0.00043255448629590955 0.00047063824965088525 9.998185355145681e-05 9.915123582291305e-05 9.998185355145681e-05 9.015840899087793e-05 8.94503597320516e-05 8.661496896542971e-05 8.94503597320516e-05 9.015840899087793e-05
0.05937241950106002 0.07946313889559466 0.05937241950106002 0.1228489773536027 0.14051661403510726 0.17329941731699616 0.14051661403510726 0.1228489773536027 0.00836885674030898 0.010026368854514125 0.00836885674030898 0.012574190239767623 0.013385119628383103 0.015353558285410691 0.013385119628383103 0.012574190239767623 0.0010543774669814735 0.0009271060062951524 0.001054377466981473 0.0007844202851688219 0.0007470862197425162 0.0006635059643415062 0.0007470862197425163 0.0007844202851688219 0.00013917394802815783 0.00012849425298243637 0.00013917394802815783 0.00011508300137075514 0.00011088365738546455 0.00010400627005151889 0.00011088365738546455 0.00011508300137075514
0.07236416670440894 0.07945528418889931 0.07236416670440894 0.11492969213740459 0.14562145005437127 0.1556405216627628 0.14562145005437127 0.11492969213740459 0.009276408925506035 0.009599570744828003 0.009276408925506035 0.011629636156737112 0.013372023134427445 0.01369746861590652 0.013372023134427445 0.011629636156737112 0.0009030675848915597 0.0008971816626058719 0.0009030675848915599 0.0007675921780332229 0.00068133971355942 0.0006750480646299045 0.0006813397135594198 0.0007675921780332229 0.00012898062404865778 0.00012765323623199738 0.00012898062404865778 0.00011631129884250543 0.0001089944764234999 0.0001079458468270905 0.0001089944764234999 0.00011631129884250543
0.0707665854817567 0.08317293961725493 0.0707665854817567 0.11870318691384522 0.1424198961051514 0.1602627974701992 0.1424198961051514 0.11870318691384522 0.008657935213572353 0.009352218356132045 0.008657935213572353 0.01124901832903863 0.012370059276505538 0.013064775632811578 0.012370059276505538 0.01124901832903863 0.0007130710996212644 0.0006967621732323402 0.0007130710996212647 0.0005919999209334193 0.0005497970896154637 0.0005421490470491656 0.0005497970896154633 0.0005919999209334193 0.00011848635050405646 0.00011644634850562847 0.00011848635050405646 0.00010600706498201393 0.00010036847841797403 9.908870692697498e-05 0.00010036847841797403 0.00010600706498201393
0.05558193756883763 0.06365371003985543 0.05558193756883763 0.10010799476412013 0.1453207661814411 0.17232338699671795 0.1453207661814411 0.10010799476412013 0.009519715432921206 0.012083707611511039 0.009519715432921206 0.014603557119393 0.015960014924276723 0.021004064844426205 0.015960014924276723 0.014603557119393 0.006439968581110912 0.005491033243625598 0.006439968581110907 0.0052685022111594 0.005636901701927687 0.00439558033916319 0.0056369017019276876 0.0052685022111594 0.0006891706324494772 0.0003981485512355583 0.0006891706324494772 0.0003518450663595171 0.0005108149921611697 0.0006679900211491352 0.0005108149921611697 0.0003518450663595171
