0.08858252691800389 0.0742788624013204 0.08858252691800389 0.10873580429453458 0.1633094280355496 0.14359429946210617 0.1633094280355496 0.10873580429453458 0.00581153526920617 0.005226063811909718 0.00581153526920617 0.006436195863577037 0.008012824725164281 0.007409853536839689 0.008012824725164281 0.006436195863577037 0.0007304262054350653 0.000738030910725804 0.0007304262054350654 0.0006941841353615296 0.0006824926157282351 0.0006694004560610846 0.0006824926157282351 0.0006941841353615296 0.000274565426378656 0.0002636273639482924 0.000274565426378656 0.0002532741412416173 0.0002643082339840317 0.0002447303287596628 0.0002643082339840317 0.0002532741412416173
0.09516763028956124 0.07564370856734931 0.09516763028956124 0.11511902674032742 0.15242713861426677 0.13092742096932233 0.15242713861426677 0.11511902674032742 0.00723400744153367 0.006511246421007269 0.00723400744153367 0.008040312567403538 0.009129299529625115 0.008625564677618588 0.009129299529625115 0.008040312567403538 0.0003932233061505979 0.0003970024532815386 0.0003932233061505978 0.0003548597031214483 0.00034807402121358094 0.0003348508138982811 0.000348074021213581 0.0003548597031214483 0.00014949621264177522 0.00014147058437958233 0.00014949621264177522 0.0001376794929724453 0.00014377628769993167 0.00012968710010803487 0.00014377628769993167 0.0001376794929724453
0.09187179570869046 0.07519399283025123 0.09187179570869046 0.11224567405918298 0.1540122953826318 0.1276309966841378 0.1540122953826318 0.11224567405918298 0.007984601596148546 0.0071896043081562345 0.007984601596148546 0.008932954627424914 0.010431465291127862 0.009616331787865631 0.010431465291127862 0.008932954627424914 0.0009312338346417198 0.0009311429295571583 0.0009312338346417201 0.0008461289599385547 0.0008321069927796786 0.0008055595379819946 0.0008321069927796789 0.0008461289599385547 0.00032129713663995376 0.00031144005922431877 0.00032129713663995376 0.00030029367913015693 0.0003053844968236724 0.0002904683325050274 0.0003053844968236724 0.00030029367913015693
0.08293649356523924 0.05437979445088335 0.08293649356523924 0.11357461590699011 0.16380012952895626 0.12219483273237271 0.16380012952895626 0.11357461590699011 0.009217758703814433 0.007931340083884271 0.009217758703814433 0.011629781686342437 0.014307673106474895 0.0128568374172158 0.014307673106474895 0.011629781686342437 0.0015121350200951646 0.0015725188479242581 0.0015121350200951646 0.0012265330248012732 0.001070316066295344 0.0010866819031912218 0.001070316066295344 0.0012265330248012732 0.00020116830647984107 0.00020604966172968733 0.00020116830647984107 0.0001733068732424615 0.00015694057714435366 0.00015824017104713954 0.00015694057714435366 0.0001733068732424615
0.07343880468605941 0.06072116053169997 0.07343880468605941 0.09561616221011558 0.1778720205642822 0.15276809309784203 0.1778720205642822 0.09561616221011558 0.007763085746419352 0.00722870064204607 0.007763085746419352 0.009188688753347683 0.012809538555744212 0.012014122257249335 0.012809538555744212 0.009188688753347683 0.001797829364185874 0.0017016082852999211 0.0017978293641858743 0.0015262292137277356 0.001311528343142654 0.001219119687504057 0.001311528343142654 0.0015262292137277356 0.000244656467463513 0.00022919365023238975 0.000244656467463513 0.00021225020697140967 0.0001894791884663138 0.00017745524827437385 0.0001894791884663138 0.00021225020697140967
0.09575780057978385 0.07662179455548629 0.09575780057978385 0.11652571969623378 0.15837641241102254 0.12750019309294489 0.15837641241102254 0.11652571969623378 0.005983420845481521 0.005464358278711277 0.005983420845481521 0.0067094670886800835 0.007801541098696225 0.007150866987117244 0.007801541098696225 0.0067094670886800835 0.00011306506618757753 0.00011898655064594602 0.0001130650661875775 9.90720129967769e-05 8.773824469345779e-05 8.894559728477745e-05 8.773824469345776e-05 9.90720129967769e-05 1.9378787300788145e-05 1.990392817265135e-05 1.9378787300788145e-05 1.82119787152596e-05 1.690301629363956e-05 1.7489357465773146e-05 1.690301629363956e-05 1.82119787152596e-05
0.05379007145978553 0.05673478617326772 0.05379007145978553 0.0986943461603099 0.13690114263974587 0.143067011239883 0.13690114263974587 0.0986943461603099 0.011252891956041254 0.011367401254369245 0.011252891956041254 0.01529761212524562 0.017891067328007403 0.01801444763807509 0.017891067328007403 0.01529761212524562 0.012173107169602786 0.012152854312745286 0.01217310716960278 0.011684875184770982 0.011541208134537517 0.011484982480873237 0.011541208134537517 0.011684875184770982 0.0014797528419200961 0.0014130545283867497 0.0014797528419200961 0.0009415315779776941 0.0008896060145048079 0.0006910371875006733 0.0008896060145048079 0.0009415315779776941
0.09802114049618028 0.0668177306687008 0.09802114049618028 0.11617800456195254 0.16251654208507085 0.11278892687424495 0.16251654208507085 0.11617800456195254 0.0075024729455181885 0.006288139460843437 0.0075024729455181885 0.008252767160117538 0.009573139952210935 0.008077712728240578 0.009573139952210935 0.008252767160117538 0.00021419184203998103 0.0002368931103802099 0.00021419184203998114 0.00018910556491427203 0.0001719541524023752 0.00019445408606165066 0.00017195415240237516 0.00018910556491427203 4.6056527899624893e-05 4.8792841077901644e-05 4.6056527899624893e-05 4.4046640925558e-05 4.199270057291605e-05 4.452097084030457e-05 4.199270057291605e-05 4.4046640925558e-05
0.07846220140106394 0.08746933564277673 0.07846220140106394 0.11450510900263652 0.1444126774679383 0.154269739853005 0.1444126774679383 0.11450510900263652 0.008321139791803604 0.00896076860893237 0.008321139791803604 0.010233301870716483 0.01128832337450963 0.011957615350855813 0.01128832337450963 0.010233301870716483 0.00035999673454656454 0.00033744463784571624 0.0003599967345465646 0.00029178372915816993 0.0002762764621555582 0.00025586531024287856 0.00027627646215555796 0.00029178372915816993 6.078752115292723e-05 5.8319171309418726e-05 6.078752115292723e-05 5.4823262050401e-05 5.3194454987683474e-05 5.168127959252267e-05 5.3194454987683474e-05 5.4823262050401e-05
0.06958023679232386 0.07148890074371118 0.06958023679232386 0.09299549206208464 0.16574847523080785 0.17183686806555212 0.16574847523080785 0.09299549206208464 0.0063732974936624364 0.007124683041531288 0.0063732974936624364 0.007801390315796472 0.010187901283311917 0.01149763608690429 0.010187901283311917 0.007801390315796472 0.003547152596687796 0.0032559353030475013 0.003547152596687794 0.0031902647148888607 0.003283061253933225 0.0028549877394736943 0.0032830612539332237 0.0031902647148888607 0.0008926430065226559 0.0007972214299438648 0.0008926430065226559 0.0007735858115938748 0.0008415437565228417 0.0007136789535631536 0.0008415437565228417 0.0007735858115938748
0.06826854232199007 0.0523231745902532 0.06826854232199007 0.10730885283512435 0.16460910633296177 0.12477660081999248 0.16460910633296177 0.10730885283512435 0.011846896818797269 0.010805721911542828 0.011846896818797269 0.016348537317285097 0.01850382370591672 0.016793502018341858 0.01850382370591672 0.016348537317285097 0.002680588447773158 0.0027731545273761028 0.002680588447773159 0.0020847659850052195 0.0020914615887566226 0.0021976538319191078 0.0020914615887566226 0.0020847659850052195 0.0003989158458245227 0.0003997426358447399 0.0003989158458245227 0.00032744333185239237 0.00033122357171068667 0.0003301334587338917 0.00033122357171068667 0.00032744333185239237
0.09038604040317053 0.050500738825732826 0.09038604040317053 0.11493077233319121 0.18660808513692845 0.10547130786031095 0.18660808513692845 0.11493077233319121 0.004017969116580377 0.0029385107082637108 0.004017969116580377 0.004555140362425164 0.006035704584890594 0.004299927925071839 0.006035704584890594 0.004555140362425164 0.0015274991114606416 0.0015473616077055238 0.0015274991114606414 0.0015139937292898335 0.0015026711185665606 0.0015183342436108163 0.0015026711185665606 0.0015139937292898335 0.0014506917460453904 0.001461550359929413 0.0014506917460453904 0.0014413883107628914 0.0014390351505180756 0.001444286261715254 0.0014390351505180756 0.0014413883107628914
0.08346758177458652 0.059694463755568784 0.08346758177458652 0.09810648287651545 0.18423921203183063 0.1378395314801195 0.18423921203183063 0.09810648287651545 0.005668248270592988 0.004953268549313511 0.005668248270592988 0.0063883023688865136 0.008764548551615337 0.0077702243757124725 0.008764548551615337 0.0063883023688865136 0.0016269485825999102 0.0016110715444659994 0.0016269485825999104 0.0015240209673839536 0.001502906576557227 0.0014639912082893762 0.001502906576557226 0.0015240209673839536 0.0005444827423109624 0.0005269155774659968 0.0005444827423109624 0.0004942388942295351 0.0005042491360011454 0.00047808796284392273 0.0005042491360011454 0.0004942388942295351
0.07794032114492518 0.06473541584272324 0.07794032114492518 0.11236976350599842 0.17044868024155332 0.14772035540496561 0.17044868024155332 0.11236976350599842 0.006439005026674467 0.005914366146135144 0.006439005026674467 0.007801216269909905 0.009598591515023442 0.009020845168771392 0.009598591515023442 0.007801216269909905 0.0004198958353539283 0.00042706609971787836 0.0004198958353539284 0.000372883348537038 0.0003429196107437921 0.00033891701644239697 0.00034291961074379225 0.000372883348537038 5.1157391537885737e-05 5.096557733583245e-05 5.1157391537885737e-05 4.632654801384085e-05 4.385233547197484e-05 4.2843196422008734e-05 4.385233547197484e-05 4.632654801384085e-05
0.07907563089507391 0.047102159110074586 0.07907563089507391 0.09325624470245712 0.19779330603176012 0.1234046791414535 0.19779330603176012 0.09325624470245712 0.007545463197936817 0.005960868185866155 0.007545463197936817 0.008320738361025742 0.012289825399991223 0.009803157559875172 0.012289825399991223 0.008320738361025742 0.0018706752678266587 0.001944387670719222 0.0018706752678266587 0.001758762424222982 0.001611083146568673 0.001655645076403619 0.0016110831465686723 0.001758762424222982 0.0004134378320257654 0.0004154342455069211 0.0004134378320257654 0.00038113962548832814 0.00036237992430666953 0.000356295392732693 0.00036237992430666953 0.00038113962548832814
0.07845683353006952 0.05388364479664251 0.07845683353006952 0.09295672122840769 0.1766691205724441 0.12796451715801027 0.1766691205724441 0.09295672122840769 0.008003197918042373 0.006688746919610916 0.008003197918042373 0.008998335270864438 0.012217903564111619 0.01034987610530126 0.012217903564111619 0.008998335270864438 0.004626512002651674 0.004684132535990553 0.004626512002651675 0.0044303868337406075 0.00432927109357506 0.004351257931583957 0.004329271093575058 0.0044303868337406075 0.0013916148448194117 0.0013860125425752875 0.0013916148448194117 0.0013129598172986004 0.0013073765914291273 0.0012913454753768641 0.0013073765914291273 0.0013129598172986004
0.0897264955451639 0.08032253217011995 0.0897264955451639 0.10279506491275821 0.15072753596064822 0.13952998645999612 0.15072753596064822 0.10279506491275821 0.009256090543310589 0.009221215804847156 0.009256090543310589 0.010397302323989742 0.011982428148500065 0.012142812538947723 0.011982428148500065 0.010397302323989742 0.0009845018704529804 0.0009137814185153051 0.000984501870452981 0.0008416417475525192 0.0008382347855315289 0.0007593780446695834 0.0008382347855315289 0.0008416417475525192 0.0002733304870646539 0.00025325423293264996 0.0002733304870646539 0.000242626926095179 0.00024833908386101333 0.00022985466011428646 0.00024833908386101333 0.000242626926095179
0.08833299694846977 0.06163746943167255 0.08833299694846977 0.10584188546061558 0.1569964585173728 0.12118881960345393 0.1569964585173728 0.10584188546061558 0.011070095472136993 0.009810709655072013 0.011070095472136993 0.012752719649858048 0.015014828663670465 0.013889461789970478 0.015014828663670465 0.012752719649858048 0.0015645024231138072 0.001565201085526407 0.0015645024231138067 0.0013370817981478687 0.0012853460348487052 0.001237003334592215 0.0012853460348487052 0.0013370817981478687 0.0003107439637994504 0.0002936771485351169 0.0003107439637994504 0.00027225774936670013 0.00028264453091185124 0.0002545355265531936 0.00028264453091185124 0.00027225774936670013
0.09165116899291464 0.05038898758242301 0.09165116899291464 0.11047557074638127 0.17249495785712182 0.11085600565659984 0.17249495785712182 0.11047557074638127 0.007012350037290749 0.005339244993557512 0.007012350037290749 0.0077503334636333365 0.009644422402441302 0.007929039199557335 0.009644422402441302 0.0077503334636333365 0.0020110016207782774 0.002104892268020411 0.0020110016207782774 0.0019552184162482896 0.0018916836851266727 0.0019438753228422766 0.001891683685126673 0.0019552184162482896 0.0014692888071050516 0.0014812041043874588 0.0014692888071050516 0.0014502079292248995 0.0014439161216772802 0.0014565107127249566 0.0014439161216772802 0.0014502079292248995
0.09233563730908266 0.058339455464161326 0.09233563730908266 0.1187829878655172 0.17070136646082454 0.11422490162167988 0.17070136646082454 0.1187829878655172 0.005747267942894885 0.004488253863465051 0.005747267942894885 0.006818638143671449 0.008268307929594078 0.006672809642232065 0.008268307929594078 0.006818638143671449 0.0012486469180320288 0.0012657641782050498 0.0012486469180320284 0.0011020155876237273 0.0011061629972109249 0.001094299061789087 0.0011061629972109247 0.0011020155876237273 0.0002292306593183236 0.00022708751091156802 0.0002292306593183236 0.00019932591505643636 0.00020534626169873126 0.000197560676505938 0.00020534626169873126 0.00019932591505643636
0.0810347319876926 0.07193200043354996 0.0810347319876926 0.10732784499473018 0.16686859711100674 0.15491678320931068 0.16686859711100674 0.10732784499473018 0.005560875089651986 0.005264598737174377 0.005560875089651986 0.006460148924911575 0.008193955124623134 0.007879723445314471 0.008193955124623134 0.006460148924911575 0.0008171073383007524 0.0007900404450739385 0.0008171073383007524 0.0007595339046543874 0.0007724377098319774 0.0007301710494457634 0.0007724377098319773 0.0007595339046543874 0.00038107190365926664 0.0003545136126072836 0.00038107190365926664 0.0003480099086041082 0.0003731639631712369 0.0003372131458477702 0.0003731639631712369 0.0003480099086041082
0.09409748489141448 0.08481741674836867 0.09409748489141448 0.11241575333044587 0.14142351575697865 0.13542831454975926 0.14142351575697865 0.11241575333044587 0.008695252742046005 0.008419854232269462 0.008695252742046005 0.009844683859960773 0.010916242553918654 0.010974281082838502 0.010916242553918654 0.009844683859960773 0.0006696121708219093 0.0006311693103021717 0.0006696121708219092 0.0005695546793755182 0.0005740131569556155 0.0005063382675938507 0.0005740131569556155 0.0005695546793755182 0.00011238039091414161 0.0001022319131136065 0.00011238039091414161 9.617300706918854e-05 0.00010117432519807376 8.871216555675805e-05 0.00010117432519807376 9.617300706918854e-05
0.07598992288373617 0.041382052442656185 0.07598992288373617 0.09339931000521813 0.195132928805036 0.11971396982601984 0.195132928805036 0.09339931000521813 0.008992681499340098 0.006728873770372994 0.008992681499340098 0.009928717479374407 0.015296940961357414 0.011735232839427769 0.015296940961357414 0.009928717479374407 0.002693658021305568 0.0028884732709177 0.002693658021305567 0.002596902512497139 0.002108995136304049 0.002391343118277683 0.0021089951363040494 0.002596902512497139 0.0003817645723606668 0.00041262346688155906 0.0003817645723606668 0.0003691846552406307 0.00030989070821459185 0.00034563678547667277 0.00030989070821459185 0.0003691846552406307
0.08744977651735954 0.058356949192617316 0.08744977651735954 0.09959795399319336 0.1812297392172574 0.12072206685359911 0.1812297392172574 0.09959795399319336 0.007316241559488244 0.006168348584277741 0.007316241559488244 0.008105614999630303 0.010669685469463494 0.008945481770429671 0.010669685469463494 0.008105614999630303 0.0018549889824713737 0.0019165675132610295 0.0018549889824713737 0.0017544894640153749 0.0016581091931398557 0.0017147926037094456 0.001658109193139856 0.0017544894640153749 0.00037949994779978965 0.0003942215345916361 0.00037949994779978965 0.00035642333586910664 0.00033858572387947353 0.0003593551403792745 0.00033858572387947353 0.00035642333586910664
0.07497862166347465 0.05259908942923484 0.07497862166347465 0.10248156036195681 0.17696365952482157 0.12993510932688512 0.17696365952482157 0.10248156036195681 0.009682951891274199 0.008601200730779088 0.009682951891274199 0.011873682668587059 0.015341647828693428 0.013899882751304606 0.015341647828693428 0.011873682668587059 0.0014555620789869696 0.0014514797862122024 0.0014555620789869687 0.00122940565748588 0.0011371741169413836 0.0011023409092128433 0.0011371741169413838 0.00122940565748588 0.00027689854051013283 0.0002754106562214459 0.00027689854051013283 0.00026224463551569456 0.00025751265077701566 0.00025364317210022823 0.00025751265077701566 0.00026224463551569456
0.09397087975981777 0.07946469853214991 0.09397087975981777 0.11424481866987161 0.15206035309724625 0.134858706928607 0.15206035309724625 0.11424481866987161 0.007169380147812325 0.006517431858272944 0.007169380147812325 0.007889294177239534 0.009125345665672876 0.008546752115515385 0.009125345665672876 0.007889294177239534 0.00019174340260704012 0.0002063055336797899 0.0001917434026070401 0.00017259745874120274 0.0001536948757756777 0.00015802368228137205 0.0001536948757756777 0.00017259745874120274 3.7954750865656824e-05 3.93179984558043e-05 3.7954750865656824e-05 3.614229694566589e-05 3.464405408532888e-05 3.506663767579394e-05 3.464405408532888e-05 3.614229694566589e-05
0.09260397769087077 0.06710232859716676 0.09260397769087077 0.11759044996968439 0.16169354355515206 0.12458867679788817 0.16169354355515206 0.11759044996968439 0.006022999031383563 0.004930658012803812 0.006022999031383563 0.006769975072761725 0.00810214380493274 0.006894603331868123 0.00810214380493274 0.006769975072761725 0.0011024017951168914 0.0011457945114715094 0.0011024017951168914 0.0010318024441864733 0.0010007787762827808 0.0010187755536270392 0.0010007787762827808 0.0010318024441864733 0.0003258631736263169 0.000326408950541667 0.0003258631736263169 0.00030280486214653217 0.0003007511644727144 0.00029777156339892246 0.0003007511644727144 0.00030280486214653217
0.07288806545618526 0.05406213512273626 0.07288806545618526 0.10875227412840954 0.14935283971986302 0.12711476080919845 0.14935283971986302 0.10875227412840954 0.011631890060434809 0.010398639512310131 0.011631890060434809 0.014943284745803165 0.017509745342686713 0.016741276369265066 0.017509745342686713 0.014943284745803165 0.00524538729277485 0.0052910831632941935 0.00524538729277485 0.004877460854437011 0.004753396654123873 0.004738728173157636 0.004753396654123871 0.004877460854437011 0.00016126792821273984 0.00018876775638884325 0.00016126792821273984 0.00024573652948811674 0.0002607392306177209 0.00022043320757592218 0.0002607392306177209 0.00024573652948811674
0.08012756816269145 0.06222580812863518 0.08012756816269145 0.10124754136807262 0.17366893988643772 0.14827022748346666 0.17366893988643772 0.10124754136807262 0.00553196202724784 0.004813132328727056 0.00553196202724784 0.006246882301092457 0.008569900276812122 0.007679245058250187 0.008569900276812122 0.006246882301092457 0.00177090537234742 0.0017945926275914283 0.0017709053723474204 0.001744223822940658 0.0016882318686790758 0.0017161519724574116 0.0016882318686790754 0.001744223822940658 0.0015456548298467877 0.0015530694453222635 0.0015456548298467877 0.0015396663076257735 0.0015241154753050567 0.0015365895573517653 0.0015241154753050567 0.0015396663076257735
0.1009113213105311 0.05487505678600051 0.1009113213105311 0.12472538269825027 0.16450904942794894 0.10721230282621827 0.16450904942794894 0.12472538269825027 0.006546012918787709 0.003920434780068908 0.006546012918787709 0.007271904070695867 0.00835468437475874 0.005656835167685517 0.00835468437475874 0.007271904070695867 0.0003742715624250164 0.0005746697600557786 0.0003742715624250163 0.00033548886291573913 0.00033700102468146913 0.0004543179235894773 0.0003370010246814691 0.00033548886291573913 7.251589239415771e-05 8.980816181253968e-05 7.251589239415771e-05 6.41236643490172e-05 6.842022949592515e-05 7.622252010107303e-05 6.842022949592515e-05 6.41236643490172e-05
0.09534015413231599 0.08997282208630225 0.09534015413231599 0.11121176682161542 0.1468202163042185 0.13935815597575454 0.1468202163042185 0.11121176682161542 0.006986366626117294 0.006809700034349829 0.006986366626117294 0.0076300850858369955 0.008647890225326681 0.008515349363724592 0.008647890225326681 0.0076300850858369955 0.0002395192219965005 0.00023018060764581834 0.00023951922199650047 0.00020919838346252097 0.00020672586227893182 0.00018750032046854518 0.00020672586227893187 0.00020919838346252097 4.6603484349209666e-05 4.332880863809077e-05 4.6603484349209666e-05 4.1180053579293924e-05 4.2552699718576905e-05 3.844500148447244e-05 4.2552699718576905e-05 4.1180053579293924e-05
0.07622681549633284 0.062120935276137046 0.07622681549633284 0.11574645495969722 0.16955716177535007 0.14457903321434235 0.16955716177535007 0.11574645495969722 0.005917257976452453 0.005427393919893037 0.005917257976452453 0.007518421194265112 0.009298245902372887 0.008647798146984543 0.009298245902372887 0.007518421194265112 0.001172928371607877 0.0011750850720690302 0.0011729283716078772 0.0010402249613299874 0.0009411261240699094 0.0009303669749935051 0.0009411261240699087 0.0010402249613299874 0.00030436393259457723 0.0003061574024665286 0.00030436393259457723 0.00028346021448564065 0.0002660398374778346 0.00026822850104107605 0.0002660398374778346 0.00028346021448564065
0.05999562367397802 0.07553504976023408 0.05999562367397802 0.12779399385764373 0.1414530100023478 0.17559994609337826 0.1414530100023478 0.12779399385764373 0.007514630225742811 0.008153384671804086 0.007514630225742811 0.010955267191509797 0.012142135474169816 0.013277681029516385 0.012142135474169816 0.010955267191509797 0.0010114049641938444 0.0009929216029095737 0.0010114049641938444 0.0007954354405015324 0.0006952947522682364 0.0006749597677436299 0.0006952947522682366 0.0007954354405015324 0.00015011574717198068 0.00014842861674160663 0.00015011574717198068 0.0001270924733942884 0.00011745845884246061 0.00011470393414374406 0.00011745845884246061 0.0001270924733942884
0.08149153687190862 0.06808501946501377 0.08149153687190862 0.10889927299873627 0.15831579195016451 0.14839198795304184 0.15831579195016451 0.10889927299873627 0.007567916633897112 0.007537568335670426 0.007567916633897112 0.009373148001865022 0.010979727824803387 0.011543722747600205 0.010979727824803387 0.009373148001865022 0.0012846422472801576 0.0011817558536437046 0.0012846422472801583 0.0010828361100490317 0.001058168608829724 0.0009308434563720497 0.0010581686088297238 0.0010828361100490317 0.00030822989857361274 0.0002730944235963963 0.00030822989857361274 0.0002643132684102205 0.0002841163683733381 0.00023660619927947963 0.0002841163683733381 0.0002643132684102205
0.08000731537576937 0.0911404242077102 0.08000731537576937 0.11595736379560156 0.14306201373616773 0.15652645864509176 0.14306201373616773 0.11595736379560156 0.007205850725069784 0.008054100759389398 0.007205850725069784 0.009080751089944307 0.009815850830668597 0.010662089304213182 0.009815850830668597 0.009080751089944307 0.00045591402167889736 0.0003776246781682223 0.0004559140216788975 0.0003412378132253737 0.0003492691232142381 0.0002897933428644758 0.00034926912321423805 0.0003412378132253737 5.6671330094026474e-05 5.034774073913529e-05 5.6671330094026474e-05 4.757602912378056e-05 4.800864946311649e-05 4.3516281782056376e-05 4.800864946311649e-05 4.757602912378056e-05
0.07224355568066113 0.05304443087322792 0.07224355568066113 0.10948985256497584 0.17608984460286203 0.1329653998450912 0.17608984460286203 0.10948985256497584 0.00591571629773652 0.005230485712547515 0.00591571629773652 0.007512199592796916 0.009651590302923547 0.008346917559250539 0.009651590302923547 0.007512199592796916 0.0026724376170025386 0.0026980118153418836 0.0026724376170025386 0.00259174342974939 0.0025391185915520508 0.002562642092385849 0.0025391185915520503 0.00259174342974939 0.002233510307970131 0.0022416228487826925 0.002233510307970131 0.0022091141317238648 0.0022027707834246816 0.0022075814466150077 0.0022027707834246816 0.0022091141317238648
0.07467163987133078 0.0842642694383707 0.07467163987133078 0.10653901353799095 0.152255530550739 0.1725538594027175 0.152255530550739 0.10653901353799095 0.006962310365777369 0.007506242321773049 0.006962310365777369 0.008432415656610969 0.009957460268838796 0.010834715669249232 0.009957460268838796 0.008432415656610969 0.000861897737841048 0.0007825331581726847 0.0008618977378410476 0.0007388060086472697 0.0007699820401558862 0.000631286669217862 0.000769982040155886 0.0007388060086472697 0.00014749321919343356 0.00012507323775044903 0.00014749321919343356 0.00012048954391678331 0.00013725062887592294 0.00011344124291225684 0.00013725062887592294 0.00012048954391678331
0.07934660055264639 0.058002496576982136 0.07934660055264639 0.11386857099179247 0.1769475400042294 0.13218272396337105 0.1769475400042294 0.11386857099179247 0.006128966605561212 0.00489873662500676 0.006128966605561212 0.007510887229797696 0.009581837231374941 0.007729576819712289 0.009581837231374941 0.007510887229797696 0.0011822733832208454 0.001279303713598809 0.0011822733832208454 0.001067153262634768 0.0009822186901420015 0.0010668411502730898 0.0009822186901420015 0.001067153262634768 0.00020879742851297569 0.00023712873967339973 0.00020879742851297569 0.00019165747099891755 0.0001800508929670183 0.00021008492362511536 0.0001800508929670183 0.00019165747099891755
0.08012105003469057 0.07967834647650532 0.08012105003469057 0.12070807552292839 0.14781334687345804 0.1501710761518484 0.14781334687345804 0.12070807552292839 0.007015741960389632 0.007084572952602464 0.007015741960389632 0.008734466220366603 0.009522732576717735 0.009626269814003646 0.009522732576717735 0.008734466220366603 0.0006197799829189607 0.0005927305475328284 0.0006197799829189606 0.0005212446496073005 0.0005043869413698659 0.000480306750794903 0.0005043869413698662 0.0005212446496073005 0.00016639920271755245 0.00016063622514371254 0.00016639920271755245 0.00015207915861353607 0.0001502342812071189 0.0001469862715981021 0.0001502342812071189 0.00015207915861353607
0.08742840987095364 0.08207739760423342 0.08742840987095364 0.11643000117713832 0.15044546165239617 0.14839266085769512 0.15044546165239617 0.11643000117713832 0.005883242745536431 0.005622776397070407 0.005883242745536431 0.00700746464778016 0.007971418562202652 0.007927400428413537 0.007971418562202652 0.00700746464778016 0.0006675527679409682 0.0006598674082117157 0.000667552767940968 0.0005651821863635799 0.0005549505335149948 0.000521919244798165 0.0005549505335149949 0.0005651821863635799 0.00012058015010137884 0.00012606066865527137 0.00012058015010137884 0.00010731125510011004 0.00010223216114737034 0.00010430197057087312 0.00010223216114737034 0.00010731125510011004
0.08046541935943359 0.05508321839355952 0.08046541935943359 0.11844522300364027 0.1729509591394073 0.12887225459530835 0.1729509591394073 0.11844522300364027 0.005382629505531084 0.004689252630624354 0.005382629505531084 0.006823064504375983 0.008279070620489604 0.007406021538559769 0.008279070620489604 0.006823064504375983 0.0020681346467651025 0.0019917437960129546 0.0020681346467651034 0.0018570767685956585 0.001850043247059092 0.001718576065475473 0.0018500432470590922 0.0018570767685956585 0.0005443003577883606 0.0005155437771769566 0.0005443003577883606 0.00048177724795599446 0.0004868511975153663 0.0004542900061678996 0.0004868511975153663 0.00048177724795599446
0.08648991243872359 0.06575433944897245 0.08648991243872359 0.11601176618353479 0.155831707833577 0.1313734862739476 0.155831707833577 0.11601176618353479 0.007572134557725311 0.007576554731237185 0.007572134557725311 0.009656893223234172 0.010348704282397475 0.010961922500337458 0.010348704282397475 0.009656893223234172 0.0014996296746026064 0.0012862916378074084 0.001499629674602606 0.0012065801288831317 0.001321478865542306 0.00106600865007897 0.0013214788655423054 0.0012065801288831317 0.0003079978915493761 0.00024953846734481405 0.0003079978915493761 0.00023950291222673415 0.0002733004956041456 0.00021264131507288847 0.0002733004956041456 0.00023950291222673415
0.07103179186733351 0.06849034833281249 0.07103179186733351 0.11040723346465928 0.15481663498757628 0.14885037282105562 0.15481663498757628 0.11040723346465928 0.008754946524103384 0.00835587687818686 0.008754946524103384 0.01083943821804312 0.013631460367441955 0.01294509639667039 0.013631460367441955 0.01083943821804312 0.002615954922213393 0.00273040946853661 0.0026159549222133922 0.0023817032392715615 0.002060363316414727 0.0022063763222312342 0.002060363316414726 0.0023817032392715615 0.00045784492106953125 0.00048517227126026785 0.00045784492106953125 0.00041441620890722623 0.0003633704405378587 0.0003860305541029664 0.0003633704405378587 0.00041441620890722623
0.09119405356733307 0.058944982832984744 0.09119405356733307 0.11463004231782832 0.17523792896485127 0.11530224177432168 0.17523792896485127 0.11463004231782832 0.006495894614005664 0.005206784555818417 0.006495894614005664 0.007507468748333122 0.009232147101647846 0.0075556297716776015 0.009232147101647846 0.007507468748333122 0.0005016883649745765 0.000578093518149331 0.0005016883649745764 0.0004385155884657333 0.00038933240516019505 0.00045747435127537763 0.0003893324051601947 0.0004385155884657333 9.094370160031853e-05 0.00010635652251072091 9.094370160031853e-05 8.463618971489754e-05 7.713650080528587e-05 8.886054382145235e-05 7.713650080528587e-05 8.463618971489754e-05
0.07928280793683375 0.0676395050085788 0.07928280793683375 0.10375281061605465 0.1368520126797514 0.11513697758999876 0.1368520126797514 0.10375281061605465 0.009665334088622992 0.009386821050394555 0.009665334088622992 0.012382942213992928 0.015061833363627297 0.014495825395104966 0.015061833363627297 0.012382942213992928 0.009574770258141047 0.00944303418905882 0.009574770258141048 0.008900307297861452 0.008801981624199337 0.008508091375860512 0.008801981624199337 0.008900307297861452 0.0003927681135182562 0.0011744495690097796 0.0003927681135182562 0.0010038225005933425 0.00102621096345124 0.0008200925086984083 0.00102621096345124 0.0010038225005933425
0.07453513680820463 0.06086268345487706 0.07453513680820463 0.1202679855068224 0.18247058335896002 0.1348269866435591 0.18247058335896002 0.1202679855068224 0.003573169018310447 0.0026906122733167982 0.003573169018310447 0.004709003201209918 0.006403621137646763 0.004647602610202446 0.006403621137646763 0.004709003201209918 0.0013461878454202308 0.0014266905801630623 0.0013461878454202314 0.0012507893385379767 0.0011595342537552595 0.001264861462811169 0.0011595342537552595 0.0012507893385379767 0.00036440325717279235 0.0003726590409586447 0.00036440325717279235 0.00035131153136459397 0.0003477202807537074 0.0003490128577942864 0.0003477202807537074 0.00035131153136459397
0.07138233515235197 0.08175080872248297 0.07138233515235197 0.1428352118100411 0.1387184309257854 0.16517122833695938 0.1387184309257854 0.1428352118100411 0.0037413113320782865 0.004329948588436097 0.0037413113320782865 0.006135092949034864 0.005765707119446476 0.006831575317044012 0.005765707119446476 0.006135092949034864 0.0005980375217846035 0.0004868832505140852 0.0005980375217846037 0.0004368012027440608 0.0004992399830818751 0.0003782140639005232 0.0004992399830818751 0.0004368012027440608 0.00011370531697931119 0.00010546419540711646 0.00011370531697931119 9.880564206162158e-05 0.00010194811860907172 9.262337725855771e-05 0.00010194811860907172 9.880564206162158e-05
0.08823765428884155 0.054412619650446595 0.08823765428884155 0.1213820839862036 0.1678558579958915 0.11907521194974698 0.1678558579958915 0.1213820839862036 0.007353945808071126 0.005838625510443814 0.007353945808071126 0.008808151164801985 0.010753964513371558 0.008937874877241707 0.010753964513371558 0.008808151164801985 0.0003505163717768351 0.00040841548434454404 0.000350516371776835 0.00029437259910717174 0.0002506877850710433 0.00029677345080191653 0.00025068778507104326 0.00029437259910717174 6.080342736643405e-05 6.696796474823915e-05 6.080342736643405e-05 5.485930044891717e-05 5.1243666150305514e-05 5.5229298022171905e-05 5.1243666150305514e-05 5.485930044891717e-05
0.07838449594444719 0.08315186110767789 0.07838449594444719 0.12755049326765872 0.14243441307988253 0.16088700516536442 0.14243441307988253 0.12755049326765872 0.005276180642201471 0.00533171229182689 0.005276180642201471 0.006968278529088615 0.007447665828039437 0.008027872723883007 0.007447665828039437 0.006968278529088615 0.0007978256172858944 0.0007104078142099255 0.0007978256172858947 0.0006392516109602093 0.0006959463642803657 0.0005343903096262195 0.0006959463642803656 0.0006392516109602093 0.00013382722472337708 0.00012486364579222676 0.00013382722472337708 0.00011319568976445758 0.00011968444783283431 0.00010937044928925793 0.00011968444783283431 0.00011319568976445758
0.08860948927715548 0.057334508519170255 0.08860948927715548 0.12222050662305758 0.1587958129890173 0.11794091384508364 0.1587958129890173 0.12222050662305758 0.007226676691900093 0.0062667381931012 0.007226676691900093 0.009115912637083336 0.00994255590642041 0.009245083962240448 0.00994255590642041 0.009115912637083336 0.001811591838709035 0.0017774604572744213 0.0018115918387090354 0.0016197898064167447 0.0016427965274977935 0.0015760612756946654 0.0016427965274977935 0.0016197898064167447 0.0005117101017745786 0.0005014688917483372 0.0005117101017745786 0.00047282793583659587 0.0004777239851691153 0.00046297621561098136 0.0004777239851691153 0.00047282793583659587
0.08252907966989005 0.04504230216985863 0.08252907966989005 0.09441345535326785 0.1957358821481568 0.11908862785562326 0.1957358821481568 0.09441345535326785 0.005380413882098664 0.0038226123957568387 0.005380413882098664 0.005801076521731763 0.008767647944278019 0.00638984487530915 0.008767647944278019 0.005801076521731763 0.0026290801527029716 0.0026945299733469904 0.0026290801527029716 0.0026023175529065728 0.0025561540443697663 0.002613203713355544 0.002556154044369766 0.0026023175529065728 0.0024473982180152104 0.0024693809192644915 0.0024473982180152104 0.0024347942776367306 0.002420814022106287 0.002443270523163805 0.002420814022106287 0.0024347942776367306
0.08198432169002703 0.062166961431571015 0.08198432169002703 0.11365417567845484 0.1633434574845376 0.1316775648761967 0.1633434574845376 0.11365417567845484 0.007734171775781538 0.007825817636444247 0.007734171775781538 0.010243372236684655 0.011180705981073182 0.011494812265044396 0.011180705981073182 0.010243372236684655 0.0013415426953675416 0.0010951588819325718 0.001341542695367542 0.0009881834850644733 0.0011080776361741395 0.0008662938637076502 0.0011080776361741397 0.0009881834850644733 0.0002554316601634528 0.0002120659805303264 0.0002554316601634528 0.00019611208455752726 0.00021283465695621663 0.00017655093488874802 0.00021283465695621663 0.00019611208455752726
0.07904687682876416 0.07102558237068794 0.07904687682876416 0.11870364591232999 0.15127693539382875 0.1280990625732184 0.15127693539382875 0.11870364591232999 0.00898904068880008 0.00913273221846201 0.00898904068880008 0.011921896790217365 0.01297933248992905 0.012997856452602145 0.01297933248992905 0.011921896790217365 0.0016072097079059319 0.0014936314333841509 0.0016072097079059319 0.0012663136738201301 0.001250083897262097 0.0011353522908453915 0.001250083897262098 0.0012663136738201301 0.00028602575889719137 0.0002715035946289436 0.00028602575889719137 0.00024194977502736722 0.00023833042260926158 0.00022899638738830926 0.00023833042260926158 0.00024194977502736722
0.08307088064579995 0.07284293514784125 0.08307088064579995 0.1257216087677007 0.15508176003712174 0.13570773874621792 0.15508176003712174 0.1257216087677007 0.006187570106137113 0.005971612521715217 0.006187570106137113 0.007970051064654047 0.008812698348229555 0.008556748618544345 0.008812698348229555 0.007970051064654047 0.0004191584723514223 0.0003675093136062155 0.00041915847235142234 0.0003144566852775472 0.0003388115234673973 0.0002775624934214563 0.00033881152346739715 0.0003144566852775472 6.213327583806953e-05 5.803638980092612e-05 6.213327583806953e-05 5.176665678204199e-05 5.275659398548685e-05 5.055241416252403e-05 5.275659398548685e-05 5.176665678204199e-05
0.07668975724537375 0.06410477937022763 0.07668975724537375 0.11851391040230606 0.15663243494019366 0.13122633251480553 0.15663243494019366 0.11851391040230606 0.009007121474947926 0.009007262038445006 0.009007121474947926 0.012073045618777476 0.01348856688888116 0.013269475251431065 0.01348856688888116 0.012073045618777476 0.0011763877921255042 0.0011528235524596883 0.0011763877921255046 0.0009279801759847326 0.000881663402886998 0.0008835791235476616 0.0008816634028869984 0.0009279801759847326 0.00021853272372803712 0.0002155454847411203 0.00021853272372803712 0.0001874597739509682 0.00018211465605445643 0.00018225247392092533 0.00018211465605445643 0.0001874597739509682
0.0893684713517584 0.06295808312249486 0.0893684713517584 0.11389744216799373 0.1537241106106642 0.1251413713116114 0.1537241106106642 0.11389744216799373 0.009604492118155407 0.008952478351823296 0.009604492118155407 0.0118404227387895 0.01306684143004688 0.01276396795153094 0.01306684143004688 0.0118404227387895 0.0008947170353064699 0.0008161872977588408 0.0008947170353064696 0.0006742646081266214 0.0006880700733234601 0.0006063907364499478 0.0006880700733234601 0.0006742646081266214 0.00017295297643295257 0.00016116419141570126 0.00017295297643295257 0.0001477745896386013 0.0001496084493990017 0.0001420207376446431 0.0001496084493990017 0.0001477745896386013
0.07960561145964953 0.05302742241521497 0.07960561145964953 0.12784651972753247 0.1486193868885425 0.12834873257934573 0.1486193868885425 0.12784651972753247 0.007335801794697104 0.005354170073050637 0.007335801794697104 0.009360579613741331 0.012357061599459448 0.009777658555252991 0.012357061599459448 0.009360579613741331 0.0037855913120013883 0.004067775636129015 0.0037855913120013883 0.0035584805441462807 0.0031783368007079786 0.003443671111868935 0.003178336800707979 0.0035584805441462807 0.0006124489046571888 0.0006403455671443777 0.0006124489046571888 0.0005854367461708175 0.0005402064496638153 0.0005693003800536376 0.0005402064496638153 0.0005854367461708175
0.0668668959144058 0.08852336848027197 0.0668668959144058 0.111992067385984 0.13432057169689593 0.17988382484746704 0.13432057169689593 0.111992067385984 0.008906391004220773 0.010760783526662362 0.008906391004220773 0.012362704388826787 0.012882753974173974 0.015624869431138498 0.012882753974173974 0.012362704388826787 0.0013162756794486506 0.0011147770720120439 0.0013162756794486503 0.0009794594114398618 0.0010482749460919672 0.0008695643050480172 0.0010482749460919677 0.0009794594114398618 0.000266747211316175 0.0002326653660570716 0.000266747211316175 0.00021987222828138584 0.0002317874006002694 0.0002025444879719166 0.0002317874006002694 0.00021987222828138584
