0.07184657547204149 0.06974442309511299 0.07184657547204149 0.11493295912760904 0.1526658075279694 0.15567648268920548 0.1526658075279694 0.11493295912760904 0.008394575312197389 0.008327041062256818 0.008394575312197389 0.010866592532786566 0.012381009812625207 0.012590969883126845 0.012381009812625207 0.010866592532786566 0.0013803123735405488 0.0013726496722305547 0.001380312373540549 0.0011576638851832615 0.0010918461261417466 0.0010887348956800905 0.001091846126141746 0.0011576638851832615 0.00023786395398385366 0.00025218222261857466 0.00023786395398385366 0.00021445306767943606 0.00019787675047098208 0.00021244459531072698 0.00019787675047098208 0.00021445306767943606
0.07152532003951843 0.06031840090454889 0.07152532003951843 0.1037267221679134 0.16532471654505762 0.1537868734757121 0.16532471654505762 0.1037267221679134 0.007426680157791646 0.00741530145955012 0.007426680157791646 0.00983001817396391 0.011577943171424273 0.01228561972826622 0.011577943171424273 0.00983001817396391 0.003277898703544411 0.003126261742793312 0.003277898703544411 0.0028437341456573877 0.002822400039221558 0.002594667974922661 0.002822400039221557 0.0028437341456573877 0.0005268879727564025 0.000495284680909727 0.0005268879727564025 0.00045207419142425824 0.0004475723668589247 0.00041365468303238386 0.0004475723668589247 0.00045207419142425824
0.057365762989422205 0.0701841397973205 0.057365762989422205 0.1019781512107484 0.15254185143236754 0.17177215156369788 0.15254185143236754 0.1019781512107484 0.006374652095130519 0.008005045723595944 0.006374652095130519 0.009943149595274123 0.010792373896096092 0.013098992267396987 0.010792373896096092 0.009943149595274123 0.006343397335726373 0.005942491066553273 0.006343397335726373 0.005638275562394332 0.005781013363129171 0.005273192862299798 0.00578101336312917 0.005638275562394332 0.001589115199818591 0.0015447176150496702 0.001589115199818591 0.001496865845254108 0.0015137513702487089 0.0014625493128655697 0.0015137513702487089 0.001496865845254108
0.0717937048253162 0.06085355402979591 0.0717937048253162 0.10239924539875685 0.1665115986925748 0.14702597927671834 0.1665115986925748 0.10239924539875685 0.009832219453964059 0.009461827625218836 0.009832219453964059 0.01250869474802742 0.0150418124073771 0.014822944508573107 0.0150418124073771 0.01250869474802742 0.0015242171753289966 0.0014648974851033257 0.0015242171753289968 0.001202876250765425 0.0011384523752364071 0.001049004882838346 0.001138452375236408 0.001202876250765425 0.0002001304401745402 0.00019320088644134855 0.0002001304401745402 0.0001703369462863027 0.0001627893831603981 0.00015643511137378095 0.0001627893831603981 0.0001703369462863027
0.05021357314684191 0.09703148231068581 0.05021357314684191 0.13273886257058376 0.10719476576755034 0.23270030923510518 0.10719476576755034 0.13273886257058376 0.007530668174403432 0.008979925744575519 0.007530668174403432 0.01137383501226274 0.011110447849272013 0.014373709022377617 0.011110447849272013 0.01137383501226274 0.0008455410171681325 0.0008448397869980175 0.0008455410171681322 0.0006620003897569944 0.000624477701668297 0.0006055307168843944 0.0006244777016682969 0.0006620003897569944 0.00011921667096960817 0.00012274667300155975 0.00011921667096960817 0.0001051850629301826 0.00010146940489142597 0.00010137097377438774 0.00010146940489142597 0.0001051850629301826
0.07112767943168737 0.06718146828029367 0.07112767943168737 0.10562390365554512 0.1650160395559326 0.1435129035728856 0.1650160395559326 0.10562390365554512 0.009749564411046203 0.009455174123882509 0.009749564411046203 0.012197112156456148 0.014988716171580433 0.014040898279632322 0.014988716171580433 0.012197112156456148 0.0010707330113166834 0.001133381759557196 0.0010707330113166834 0.0008923725486031541 0.0007732517296337686 0.000832014393102787 0.0007732517296337686 0.0008923725486031541 0.00013200672105203278 0.00013728113424737014 0.00013200672105203278 0.00011773864298758764 0.00010772324993832988 0.0001131958848396135 0.00010772324993832988 0.00011773864298758764
0.05876670930136995 0.059501984897036564 0.05876670930136995 0.1014842175138467 0.14489969803181157 0.14811980436168065 0.14489969803181157 0.1014842175138467 0.012611132559386267 0.013761677013485971 0.012611132559386267 0.018448326743181497 0.020181542424035876 0.022476157207493564 0.020181542424035876 0.018448326743181497 0.005365581110915391 0.005061180538384498 0.005365581110915388 0.004232922900915444 0.004242425691327185 0.0038465647297518265 0.004242425691327184 0.004232922900915444 0.0009651168350182107 0.0008853326635118705 0.0009651168350182107 0.0007928941755003295 0.0008169750072118927 0.0007322139996143047 0.0008169750072118927 0.0007928941755003295
0.0692027872344289 0.05896390875319192 0.0692027872344289 0.10310260616272415 0.16747418309947118 0.15144785044657041 0.16747418309947118 0.10310260616272415 0.008742330874502775 0.008861728849315853 0.008742330874502775 0.011610504561986831 0.013863890266075886 0.014540664768170572 0.013863890266075886 0.011610504561986831 0.0023123553484301986 0.002198982786014675 0.0023123553484302004 0.0018800724562143805 0.0017912113392640004 0.0016358172176915945 0.0017912113392640006 0.0018800724562143805 0.0003391925609829672 0.00032797363817369007 0.0003391925609829672 0.0002873986213508799 0.0002742748726063182 0.00026145874479443045 0.0002742748726063182 0.0002873986213508799
0.04831188074604508 0.10047166205347283 0.04831188074604508 0.1276438257140471 0.11909636349364018 0.19946835670502536 0.11909636349364018 0.1276438257140471 0.007893082320828778 0.012193523381911204 0.007893082320828778 0.013854654416492671 0.012629665472642595 0.01759999543703932 0.012629665472642595 0.013854654416492671 0.0016388467561842565 0.00124067759964571 0.0016388467561842563 0.001110782788806135 0.0012586677022276835 0.0009135161481583606 0.0012586677022276831 0.001110782788806135 0.00018854784559448875 0.00014992211106785888 0.00018854784559448875 0.0001402925970166475 0.00015276251945051054 0.0001236018177271619 0.00015276251945051054 0.0001402925970166475
0.0758290708176112 0.062359069681339925 0.0758290708176112 0.10953558811143603 0.14335536322987477 0.1358410640836475 0.14335536322987477 0.10953558811143603 0.013178161410492955 0.011993323903113487 0.013178161410492955 0.016226147512027618 0.018343088971159417 0.017936402456742998 0.018343088971159417 0.016226147512027618 0.002266716321974351 0.0023298773589656772 0.0022667163219743506 0.0019193324766017753 0.0018186246844157968 0.0017777261082455014 0.001818624684415797 0.0019193324766017753 0.0003769189909313627 0.000380739657384973 0.0003769189909313627 0.0003418272300157241 0.0003354499352487124 0.00032921736698055806 0.0003354499352487124 0.0003418272300157241
0.0513440885288223 0.07803329278558488 0.0513440885288223 0.10522374240071977 0.12853414155277393 0.18035500860390113 0.12853414155277393 0.10522374240071977 0.012057494986763905 0.01513511983510262 0.012057494986763905 0.018309096382998866 0.01958461966860203 0.022876058681689192 0.01958461966860203 0.018309096382998866 0.00431363023137911 0.003919288397416491 0.004313630231379112 0.0033648565434619246 0.003274546869177014 0.0030808845226001527 0.0032745468691770113 0.0033648565434619246 0.0006659478389727594 0.0006122346686511209 0.0006659478389727594 0.0005409132786890723 0.0005301760591161802 0.0005016038221006851 0.0005301760591161802 0.0005409132786890723
0.07628462192601482 0.041822685858657324 0.07628462192601482 0.09824593575457012 0.20435167602314044 0.11810127218444239 0.20435167602314044 0.09824593575457012 0.004402858597225508 0.0034368272493421792 0.004402858597225508 0.0054057741687350645 0.007670130188261658 0.006116857292098912 0.007670130188261658 0.0054057741687350645 0.0027870164027530915 0.0027663108952080202 0.0027870164027530915 0.0026231439725392046 0.0026209422650468905 0.0025448681061870076 0.002620942265046891 0.0026231439725392046 0.002071551073981101 0.002073927900149117 0.002071551073981101 0.0020418644868300424 0.0020473310169624756 0.0020315587617942416 0.0020473310169624756 0.0020418644868300424
0.06407629261676401 0.0651119151387152 0.06407629261676401 0.10798679074854275 0.1548729879134994 0.16493777337197585 0.1548729879134994 0.10798679074854275 0.008101901515525627 0.009618234521507566 0.008101901515525627 0.011874622246464286 0.01286215307980269 0.01601391310176474 0.01286215307980269 0.011874622246464286 0.003298103864847099 0.00272946597643905 0.0032981038648471 0.002537480205618764 0.0027337290705394366 0.001989798300582232 0.002733729070539436 0.002537480205618764 0.0004283313736618878 0.0003649587732336966 0.0004283313736618878 0.00034273304386659635 0.0003532674547889877 0.00029715454793866384 0.0003532674547889877 0.00034273304386659635
0.05404733781930539 0.06499983293885617 0.05404733781930539 0.11055543609504766 0.13950419652005117 0.17845477788886763 0.13950419652005117 0.11055543609504766 0.0101196417880538 0.013298277593940287 0.0101196417880538 0.016516713470535477 0.01660600040164919 0.022138841977313275 0.01660600040164919 0.016516713470535477 0.0035864588837524448 0.0028877918730981066 0.0035864588837524448 0.0025761882102769943 0.002769580163363322 0.002100300899929339 0.0027695801633633227 0.0025761882102769943 0.0005354358398259101 0.00044351727354104945 0.0005354358398259101 0.0004118416501818247 0.00043131030419632266 0.00035637726197504095 0.00043131030419632266 0.0004118416501818247
0.06712689936658889 0.05966573128435186 0.06712689936658889 0.11512747790719381 0.16244436521130728 0.14446640002505895 0.16244436521130728 0.11512747790719381 0.007625438207172471 0.008402047703028829 0.007625438207172471 0.011294576302581932 0.012112125393437777 0.013201191726843796 0.012112125393437777 0.011294576302581932 0.0026759712906346523 0.0023119848017640865 0.0026759712906346527 0.002103936899369713 0.0022830501953202964 0.0018834467466916284 0.0022830501953202964 0.002103936899369713 0.0006201463788265548 0.0005471016493277661 0.0006201463788265548 0.0005309155555327339 0.0005664137726023292 0.0004994631017961038 0.0005664137726023292 0.0005309155555327339
0.05380618836520775 0.07596392648751177 0.05380618836520775 0.11272860578241047 0.12633707263208832 0.14769276780021745 0.12633707263208832 0.11272860578241047 0.011662957114487863 0.015606658732022521 0.011662957114487863 0.01904451849413395 0.018283036131131237 0.021768449689789367 0.018283036131131237 0.01904451849413395 0.00626721158217061 0.005579579009121982 0.0062672115821706086 0.005174914609546904 0.0054008067041584 0.004942555888523998 0.005400806704158402 0.005174914609546904 0.0014769609526254122 0.0013927134622494567 0.0014769609526254122 0.001331375976925825 0.0013729691288956582 0.0012801139829986072 0.0013729691288956582 0.001331375976925825
0.07716412897732941 0.0469279118671458 0.07716412897732941 0.1028171745443957 0.16828803089245653 0.10910768951019345 0.16828803089245653 0.1028171745443957 0.013084558366985587 0.011679772437332855 0.013084558366985587 0.016491777021062883 0.01894948217566048 0.017947882829279806 0.01894948217566048 0.016491777021062883 0.0025490647414323736 0.002505856477355172 0.002549064741432373 0.0020030041224109595 0.0019885064686969663 0.001839260645607892 0.0019885064686969663 0.0020030041224109595 0.0004595565961521913 0.0004458530802856702 0.0004595565961521913 0.000394459400993955 0.0003956705624093553 0.000374945412826473 0.0003956705624093553 0.000394459400993955
0.030170898267695808 0.09836598262629294 0.030170898267695808 0.11559478391999661 0.08932889024569629 0.2697908767783403 0.08932889024569629 0.11559478391999661 0.007229205424392422 0.015586443967497416 0.007229205424392422 0.017423889786201283 0.012913765083143422 0.026308837682082822 0.012913765083143422 0.017423889786201283 0.005974439836714049 0.004456126598563767 0.0059744398367140485 0.004133424573639723 0.004940032260879164 0.003492022449450254 0.004940032260879165 0.004133424573639723 0.0010117695705537698 0.0007814252166008568 0.0010117695705537698 0.0007362383881017671 0.0008296505380738967 0.0006443088909952584 0.0008296505380738967 0.0007362383881017671
0.06355813370754142 0.0619314317527397 0.06355813370754142 0.1158072953473277 0.15205208363964828 0.14953943498770628 0.15205208363964828 0.1158072953473277 0.009878518734191405 0.010387850923697333 0.009878518734191405 0.0142411573497815 0.01540633027311275 0.01635100435078932 0.01540633027311275 0.0142411573497815 0.002422872045558022 0.0023101204281577334 0.0024228720455580226 0.0019701472325267923 0.0019458301583817185 0.0018305248750027105 0.0019458301583817185 0.0019701472325267923 0.00043622912634883753 0.0004140901367486583 0.00043622912634883753 0.00036708182520635556 0.0003615830957459873 0.0003410174744168346 0.0003615830957459873 0.00036708182520635556
0.0724774795414964 0.043761681414204494 0.0724774795414964 0.09174455670236403 0.19224580714559425 0.12097501404727863 0.19224580714559425 0.09174455670236403 0.008591155258153946 0.006950445031941622 0.008591155258153946 0.010624261317878126 0.014555856435102803 0.012053986720805503 0.014555856435102803 0.010624261317878126 0.004017599430529939 0.004050322266236221 0.00401759943052994 0.0035749658008509956 0.0034418694363886593 0.003348360722207598 0.003441869436388659 0.0035749658008509956 0.0008606156270950735 0.0008385810510383564 0.0008606156270950735 0.0007652683441394267 0.0007532537984142049 0.0007162310702719721 0.0007532537984142049 0.0007652683441394267
0.04967508529813185 0.0855375734690272 0.04967508529813185 0.11434499036667622 0.11387647877802246 0.1832371628918044 0.11387647877802246 0.11434499036667622 0.010328377001749923 0.013138222066926645 0.010328377001749923 0.01609408479155312 0.016003933427385503 0.020560327247259442 0.016003933427385503 0.01609408479155312 0.006529294755417519 0.006073439720231403 0.006529294755417517 0.005628328488482057 0.005767686240511171 0.005180387175465346 0.005767686240511172 0.005628328488482057 0.0013628917028800792 0.0012376227786784798 0.0013628917028800792 0.0011576056075773332 0.0012136965520611767 0.0010703586297100903 0.0012136965520611767 0.0011576056075773332
0.05467494278173273 0.07651930954328684 0.05467494278173273 0.11938517735433722 0.1347129133191411 0.1662162102013235 0.1347129133191411 0.11938517735433722 0.008527181475534452 0.010866838977891976 0.008527181475534452 0.01372116983114338 0.013640274268994064 0.016987180173235143 0.013640274268994064 0.01372116983114338 0.004881139237832681 0.004427142485310827 0.004881139237832683 0.0040207239911422745 0.0041289157366771224 0.0035968242349959747 0.004128915736677124 0.0040207239911422745 0.0008666368002318074 0.0007698817785571613 0.0008666368002318074 0.0007009634123680821 0.0007276757721806696 0.0006411846427674848 0.0007276757721806696 0.0007009634123680821
0.056119323562428984 0.0859401669563039 0.056119323562428984 0.11558928538969944 0.13016555243220743 0.1959153149082845 0.13016555243220743 0.11558928538969944 0.008519281395761549 0.011302297764368122 0.008519281395761549 0.013114060553653346 0.013160401188978285 0.01713897880950393 0.013160401188978285 0.013114060553653346 0.0020959308301051307 0.0017381888489230162 0.0020959308301051302 0.001577948394680535 0.001664668976132753 0.0013523307110108217 0.001664668976132753 0.001577948394680535 0.00037593272714757744 0.0003251352708315322 0.00037593272714757744 0.0003048547771160071 0.0003188243585170798 0.0002754575579179422 0.0003188243585170798 0.0003048547771160071
0.08816844176824412 0.04763170091008605 0.08816844176824412 0.11217385854529596 0.18127062191723448 0.10424206507187217 0.18127062191723448 0.11217385854529596 0.007540792809246435 0.006053058282090648 0.007540792809246435 0.009074619414697012 0.011206585036182673 0.009208663642392638 0.011206585036182673 0.009074619414697012 0.0015436998214015522 0.001550240450232871 0.0015436998214015526 0.0013503588749271046 0.0013203668031010482 0.0012993951510118144 0.0013203668031010485 0.0013503588749271046 0.00035300019381420027 0.0003591297365218602 0.00035300019381420027 0.0003316596223216535 0.00032897065148048294 0.00032979583989840963 0.00032897065148048294 0.0003316596223216535
0.06795830015924566 0.06633104833095219 0.06795830015924566 0.1138502553707097 0.13353519319974705 0.16686876020626357 0.13353519319974705 0.1138502553707097 0.011490257070804854 0.011745085062164113 0.011490257070804854 0.01573437772740131 0.016431321793699574 0.018933445402334124 0.016431321793699574 0.01573437772740131 0.002268302964428747 0.0021878908864851722 0.0022683029644287476 0.0018147293100279054 0.0017993394414581815 0.0016595969488775609 0.0017993394414581815 0.0018147293100279054 0.00034834892842914705 0.00033355064862784474 0.00034834892842914705 0.0002991112946193083 0.00030221389730938154 0.00027712019853378935 0.00030221389730938154 0.0002991112946193083
0.06464494413708505 0.07803785761704166 0.06464494413708505 0.11961300795604918 0.14998454363317185 0.1609341194187599 0.14998454363317185 0.11961300795604918 0.007686998444962171 0.00912748998455433 0.007686998444962171 0.011372795263750578 0.011719954930673031 0.013022216807441958 0.011719954930673031 0.011372795263750578 0.0011284150500158073 0.0009999098071631287 0.001128415050015807 0.0008515686591890769 0.0008640264751018042 0.0007851849283022769 0.0008640264751018038 0.0008515686591890769 0.00019408149034358217 0.00017451132699658665 0.00019408149034358217 0.00015994445835526547 0.00016253865962791492 0.00015307179308965435 0.00016253865962791492 0.00015994445835526547
0.067809228273827 0.06157188503059739 0.067809228273827 0.10956665031784267 0.14188396200287448 0.1436227830223946 0.14188396200287448 0.10956665031784267 0.012907191568527454 0.012630263150617157 0.012907191568527454 0.017005477911408277 0.018850689509560578 0.019678150057709218 0.018850689509560578 0.017005477911408277 0.003226299965731034 0.0031380954452125045 0.0032262999657310353 0.0026946673506341398 0.002656233962332 0.002456106901642088 0.002656233962332 0.0026946673506341398 0.0005054659356504688 0.0004823984514760325 0.0005054659356504688 0.00044312884933457586 0.00045530673521713765 0.00041171317447140414 0.00045530673521713765 0.00044312884933457586
0.0693968285533615 0.06817919591413356 0.0693968285533615 0.1139432248739532 0.14316216754861377 0.16127524038681296 0.14316216754861377 0.1139432248739532 0.010407407067736527 0.010510866865353899 0.010407407067736527 0.013872218939842312 0.014988387389363528 0.016242190421971867 0.014988387389363528 0.013872218939842312 0.0015644348703061455 0.0014842747800394452 0.0015644348703061453 0.0012497991313924967 0.0012442388809687404 0.001130601348181746 0.0012442388809687395 0.0012497991313924967 0.00021003486255596955 0.00020301887529386003 0.00021003486255596955 0.00018225866825913865 0.0001806950780466996 0.0001712196794125108 0.0001806950780466996 0.00018225866825913865
0.049323660302271546 0.08240106447163606 0.049323660302271546 0.11899349724651637 0.12250256480860844 0.18513141596221155 0.12250256480860844 0.11899349724651637 0.008327861522136973 0.01340170298295357 0.008327861522136973 0.015916269800522947 0.013502898791551357 0.02023476190179198 0.013502898791551357 0.015916269800522947 0.004913836537001585 0.003914778065494706 0.004913836537001589 0.003686734394029946 0.004287107308061108 0.003308464652104373 0.004287107308061109 0.003686734394029946 0.0012088883773481154 0.001044392373751355 0.0012088883773481154 0.0010147901770921285 0.0011445345583856123 0.0009181319430041551 0.0011445345583856123 0.0010147901770921285
0.0653784848372709 0.03697073129605502 0.0653784848372709 0.09047709146060322 0.16715758577126108 0.09502314048487173 0.16715758577126108 0.09047709146060322 0.008864242642782443 0.006537638742349409 0.008864242642782443 0.010845154617999524 0.014570352159612391 0.010874137062915588 0.014570352159612391 0.010845154617999524 0.00975589408683165 0.010028752990916195 0.009755894086831647 0.009424306966003363 0.00921466074405457 0.00944696961335538 0.00921466074405457 0.009424306966003363 0.007526342608207233 0.007551030168231762 0.007526342608207233 0.007435804687439367 0.007419486175450565 0.007428786126272137 0.007419486175450565 0.007435804687439367
0.07605810814210157 0.064706696985046 0.07605810814210157 0.11517227563414183 0.16735536142312 0.14014370707090507 0.16735536142312 0.11517227563414183 0.007619855777972328 0.007122999118248638 0.007619855777972328 0.009505349137135116 0.01107367074600557 0.010440830429071582 0.01107367074600557 0.009505349137135116 0.0004849608519661647 0.0005027352098153698 0.0004849608519661642 0.00040199859905975014 0.00037252078238409674 0.00037796955155649186 0.00037252078238409684 0.00040199859905975014 8.283611481212243e-05 8.513277797507577e-05 8.283611481212243e-05 7.50122377378247e-05 7.168975390364489e-05 7.265045670192106e-05 7.168975390364489e-05 7.50122377378247e-05
0.048262520150020395 0.08332144116502684 0.048262520150020395 0.1244761613193554 0.1346487966149059 0.2008942069546456 0.1346487966149059 0.1244761613193554 0.006882232865225262 0.009957537525569722 0.006882232865225262 0.012509766062819365 0.011919562863668604 0.01563904111625634 0.011919562863668604 0.012509766062819365 0.001814254369906918 0.0014837765332127422 0.0018142543699069182 0.0012236350903626948 0.0013088728375789229 0.0011146819153377875 0.001308872837578923 0.0012236350903626948 0.00022642649357248237 0.00019150361291270452 0.00022642649357248237 0.00016857983994795307 0.0001794078493407964 0.0001573784636288097 0.0001794078493407964 0.00016857983994795307
0.06927149363564071 0.050312246496589476 0.06927149363564071 0.10710727911985368 0.17774496259190978 0.13596152069894776 0.17774496259190978 0.10710727911985368 0.008127993581030526 0.007387821844549701 0.008127993581030526 0.01086325200706228 0.013269945043713803 0.012345200938539856 0.013269945043713803 0.01086325200706228 0.002413342267907217 0.002450797634636333 0.0024133422679072174 0.002110008630794828 0.002042699659503681 0.002085690161396252 0.002042699659503681 0.002110008630794828 0.0004751154044400002 0.000468002682394671 0.0004751154044400002 0.00042608898302056456 0.0004323827478490911 0.00041959219749365103 0.0004323827478490911 0.00042608898302056456
0.08387681545474435 0.06374296287667011 0.08387681545474435 0.11259864685093258 0.16046620107713438 0.12274906822033314 0.16046620107713438 0.11259864685093258 0.009902815269012407 0.008741417534633615 0.009902815269012407 0.011876520339548323 0.014071118280197963 0.01256084662434203 0.014071118280197963 0.011876520339548323 0.0008356000689826802 0.0009044536889429324 0.00083560006898268 0.0006864976740473054 0.0006134130561152758 0.0006650625327658722 0.0006134130561152758 0.0006864976740473054 0.00010510067895310082 0.00011270003029813174 0.00010510067895310082 9.473805898435595e-05 8.79109687385646e-05 9.273293723161065e-05 8.79109687385646e-05 9.473805898435595e-05
0.06287186477338362 0.07502345731214162 0.06287186477338362 0.11778764363605589 0.14594887391861325 0.17395989201491951 0.14594887391861325 0.11778764363605589 0.008208235985189322 0.009088792816449528 0.008208235985189322 0.01163036007465976 0.01262688224258302 0.013964420473033564 0.01262688224258302 0.01163036007465976 0.0012593203323674215 0.0011964887417762928 0.0012593203323674215 0.0010046831059690063 0.0009615333596145046 0.0009118096198046871 0.0009615333596145046 0.0010046831059690063 0.0001750154310497959 0.00016744018667537905 0.0001750154310497959 0.00015104081437903306 0.00014762564375718696 0.00014154019995584908 0.00014762564375718696 0.00015104081437903306
0.07447723399646416 0.05857657882444784 0.07447723399646416 0.10462690277000353 0.16470644217226005 0.1323972006414431 0.16470644217226005 0.10462690277000353 0.010178913839205503 0.00969860162276475 0.010178913839205503 0.012927306757836042 0.015315906603342975 0.014778931388777323 0.015315906603342975 0.012927306757836042 0.0025037858476198065 0.002446158056042565 0.0025037858476198065 0.002102575714575862 0.0020301702218865686 0.0019460641693877221 0.0020301702218865677 0.002102575714575862 0.0003368957208075218 0.00032915121661219294 0.0003368957208075218 0.00028892113492332575 0.000281762140111236 0.0002736802424513817 0.000281762140111236 0.00028892113492332575
0.051951849162867145 0.07495853210588639 0.051951849162867145 0.11895631840880873 0.1300163393501546 0.20005739056715832 0.1300163393501546 0.11895631840880873 0.009279713391795848 0.010194615836542189 0.009279713391795848 0.01385079273549927 0.014799784477270627 0.017129592334603302 0.014799784477270627 0.01385079273549927 0.002439298902828774 0.0024395262673447366 0.0024392989028287743 0.001989818425180069 0.0019059776997755234 0.0018495715652096863 0.0019059776997755237 0.001989818425180069 0.00041135872727460725 0.00040212684155125446 0.00041135872727460725 0.0003551584505834901 0.00035902572428984686 0.0003377735690470857 0.00035902572428984686 0.0003551584505834901
0.06546068250989995 0.061319363259243545 0.06546068250989995 0.10903100666391341 0.14911249112226396 0.155036067809734 0.14911249112226396 0.10903100666391341 0.011090498864162728 0.010052056447777728 0.011090498864162728 0.014394235907298408 0.016727424202711203 0.016589983294660247 0.016727424202711203 0.014394235907298408 0.003051759997897863 0.0031824956776033016 0.0030517599978978635 0.0026245000399298846 0.0024323766021620793 0.002425611258752729 0.002432376602162081 0.0026245000399298846 0.00047870691450141087 0.0005100315240500025 0.00047870691450141087 0.0004314990747845718 0.0003974674391969733 0.0004190920507335191 0.0003974674391969733 0.0004314990747845718
0.061685124186554294 0.05621431667645283 0.061685124186554294 0.10934839091052682 0.1506293365979436 0.15964779618543812 0.1506293365979436 0.10934839091052682 0.009994711290543528 0.008907109923751504 0.009994711290543528 0.013327648415563928 0.015731592706449474 0.015328921248030045 0.015731592706449474 0.013327648415563928 0.004164018752606562 0.00421408354801779 0.00416401875260656 0.0036676649820885 0.0035962840364720753 0.0034715848581236713 0.0035962840364720744 0.0036676649820885 0.001054698185764439 0.0010099994597239524 0.001054698185764439 0.000958259820642628 0.000983332899046 0.0009240625320581985 0.000983332899046 0.000958259820642628
0.07395785183720624 0.06249505847695337 0.07395785183720624 0.10731521966614686 0.16439155198348307 0.13379744119547848 0.16439155198348307 0.10731521966614686 0.01007468778776727 0.009597830109038667 0.01007468778776727 0.012770180199575936 0.015157584910699108 0.014647058782331928 0.015157584910699108 0.012770180199575936 0.0015666564552448575 0.0015705598023963386 0.0015666564552448583 0.0012640258537898264 0.0011823744860036303 0.0011313535099125719 0.00118237448600363 0.0012640258537898264 0.00019543155594637228 0.0001966310730690379 0.00019543155594637228 0.00016774253561169328 0.00016042987143477841 0.0001565927650002778 0.00016042987143477841 0.00016774253561169328
0.07084119968526383 0.049117712784860774 0.07084119968526383 0.11644920135619755 0.17515590040928983 0.13775870493741416 0.17515590040928983 0.11644920135619755 0.004694209066663872 0.0036530327967983387 0.004694209066663872 0.006118330184416377 0.007804788050486515 0.006382516907844575 0.007804788050486515 0.006118330184416377 0.003076198797890315 0.0031791125109923287 0.003076198797890315 0.002951641109069228 0.002857251671427031 0.002933493143049702 0.0028572516714270306 0.002951641109069228 0.0021525118022102862 0.0021585865709223685 0.0021525118022102862 0.0021240428122113806 0.0021206445428242154 0.0021250013722169166 0.0021206445428242154 0.0021240428122113806
0.06169522357155107 0.07429633807283113 0.06169522357155107 0.11980077240091663 0.13633228146735427 0.16580612658065183 0.13633228146735427 0.11980077240091663 0.010160886253615222 0.011476954826193639 0.010160886253615222 0.0149205781172421 0.01527604858488413 0.01749140475972306 0.01527604858488413 0.0149205781172421 0.001864070968461752 0.001719526439415128 0.001864070968461752 0.0014135649704002332 0.0014242805509159624 0.0012815869209667336 0.0014242805509159628 0.0014135649704002332 0.00029827731840511846 0.00027840136776850836 0.00029827731840511846 0.0002556588238100481 0.00026302457320394426 0.00024032583092899822 0.00026302457320394426 0.0002556588238100481
0.07585934662593749 0.042183627085142186 0.07585934662593749 0.09573206893575824 0.16138190488571905 0.10215348821291385 0.16138190488571905 0.09573206893575824 0.014882513545182796 0.011817703482571346 0.014882513545182796 0.017907862070018984 0.02240766662822243 0.01949097247452087 0.02240766662822243 0.017907862070018984 0.00564529074844093 0.00567641754356099 0.005645290748440928 0.004808316197591362 0.004785240336958778 0.004360775162831499 0.004785240336958777 0.004808316197591362 0.0010620610679033075 0.000999177149000808 0.0010620610679033075 0.0008749915109800823 0.0009121943662113939 0.0007989250516088109 0.0009121943662113939 0.0008749915109800823
0.06410145605891471 0.055397773244210344 0.06410145605891471 0.10225183932238503 0.15837466349040033 0.13861410767412288 0.15837466349040033 0.10225183932238503 0.011523038601457142 0.011520704087382868 0.011523038601457142 0.015948540071310777 0.01827555912671524 0.018552014740774062 0.01827555912671524 0.015948540071310777 0.004409854491667211 0.004168145190292582 0.004409854491667208 0.003563935682800057 0.0035679084683676535 0.00320073058677476 0.003567908468367654 0.003563935682800057 0.0006531966862139862 0.000581616164336282 0.0006531966862139862 0.0005299474716177346 0.0005443451662510885 0.00047633903590441534 0.0005443451662510885 0.0005299474716177346
0.07260320473783644 0.07461390376228204 0.07260320473783644 0.1243145164222339 0.13643057639328965 0.13672956761619842 0.13643057639328965 0.1243145164222339 0.010386860166001802 0.011706150462278802 0.010386860166001802 0.014807523364940558 0.015202449413340452 0.01611772866714278 0.015202449413340452 0.014807523364940558 0.0017293348777685511 0.0014840298171633068 0.001729334877768552 0.0012434254329227955 0.0012642975720836317 0.00112804438081477 0.0012642975720836324 0.0012434254329227955 0.0003262929646873022 0.00029036089575751567 0.0003262929646873022 0.0002642105764690616 0.00026686487956756837 0.0002511007960791833 0.00026686487956756837 0.0002642105764690616
0.06537978667520548 0.05981834310146374 0.06537978667520548 0.1119296732050817 0.16231136371487437 0.1526301740019712 0.16231136371487437 0.1119296732050817 0.008988635541890434 0.009110663297857292 0.008988635541890434 0.012393793884640071 0.01442106802483939 0.014660307443789712 0.01442106802483939 0.012393793884640071 0.0016789538921350574 0.0016017830192466649 0.0016789538921350568 0.0013428970899024067 0.001298746392183911 0.0012136829695384706 0.0012987463921839111 0.0013428970899024067 0.0002091842869959744 0.00019986129460061015 0.0002091842869959744 0.00017546286365030303 0.0001717391763372054 0.0001625753760596803 0.0001717391763372054 0.00017546286365030303
0.07601803970218456 0.054308767664127816 0.07601803970218456 0.11125454212924338 0.169534048909509 0.1241119140125275 0.169534048909509 0.11125454212924338 0.00916224940502869 0.00830932331470718 0.00916224940502869 0.011788569248362997 0.013936540867129069 0.012850211621656303 0.013936540867129069 0.011788569248362997 0.0020075441418626575 0.0020309632188529004 0.002007544141862657 0.001738451146396291 0.0016561391801961766 0.0016470863299149882 0.0016561391801961764 0.001738451146396291 0.00034433834455321064 0.0003408483260815358 0.00034433834455321064 0.0003096948582046299 0.0003033483564474118 0.0002938729338956698 0.0003033483564474118 0.0003096948582046299
0.06211876658588346 0.06092509617064483 0.06211876658588346 0.10613599867985574 0.14832154267426828 0.15578500507747067 0.14832154267426828 0.10613599867985574 0.011400032645298399 0.01266601248464992 0.011400032645298399 0.016479995656179535 0.01776439180198481 0.02024121554480177 0.01776439180198481 0.016479995656179535 0.0034466405465919986 0.003106359764720306 0.003446640546591997 0.0026363826372672494 0.0026312430023363712 0.0022872055757503645 0.0026312430023363686 0.0026363826372672494 0.0004510467876574288 0.00041290054854501237 0.0004510467876574288 0.00036755219361590027 0.00036719858874976975 0.0003346212340392813 0.00036719858874976975 0.00036755219361590027
0.05337005781590514 0.0677673398362791 0.05337005781590514 0.09116584590459027 0.14511998357177439 0.1740586588176581 0.14511998357177439 0.09116584590459027 0.006647964418376578 0.008842558565461522 0.006647964418376578 0.010269832123611352 0.011501219424449077 0.015442326852319166 0.011501219424449077 0.010269832123611352 0.010398694366919519 0.00949315480104701 0.010398694366919517 0.009295031926176124 0.009778049750588795 0.008282267889412588 0.009778049750588796 0.009295031926176124 0.0028268735734742227 0.0026110952448650158 0.0028268735734742227 0.00253908765776179 0.002668389459631333 0.002340538006440229 0.002668389459631333 0.00253908765776179
0.059297462164439846 0.06694856928237924 0.059297462164439846 0.11361525340669067 0.14327698117361232 0.15130493333937386 0.14327698117361232 0.11361525340669067 0.00982749312446276 0.011648322770322468 0.00982749312446276 0.015071684805875256 0.015815377451748967 0.018077976760411407 0.015815377451748967 0.015071684805875256 0.004737494778111134 0.004281441032807311 0.004737494778111133 0.003922432951152359 0.004044030233254037 0.0035274934980505236 0.0040440302332540356 0.003922432951152359 0.0007215018114589805 0.0006279358069891141 0.0007215018114589805 0.0005835587515288605 0.0006154119118253351 0.0005259623813449257 0.0006154119118253351 0.0005835587515288605
0.0692573103838964 0.0667417160824905 0.0692573103838964 0.10181168165742656 0.1372456821236892 0.1705175179080793 0.1372456821236892 0.10181168165742656 0.010500529839145054 0.010039498417036222 0.010500529839145054 0.013257900505363282 0.014495738296230826 0.01638597904291275 0.014495738296230826 0.013257900505363282 0.0049569938140313335 0.004703548563687955 0.004956993814031332 0.004330777450667431 0.004458842848209927 0.003948545565694834 0.004458842848209927 0.004330777450667431 0.000987701339922429 0.0008656958865447936 0.000987701339922429 0.0008258294541619027 0.0008964379265384189 0.0007466472549881729 0.0008964379265384189 0.0008258294541619027
0.04382083417736264 0.08612549994693544 0.04382083417736264 0.11389471377874949 0.12355644277926187 0.2317933215737283 0.12355644277926187 0.11389471377874949 0.0074000248625597466 0.012287152697561516 0.0074000248625597466 0.014019437845830079 0.012819029251834079 0.020548665655868253 0.012819029251834079 0.014019437845830079 0.0026706209784159727 0.0017917049084906881 0.0026706209784159714 0.0016622445646083082 0.0020515710779363183 0.0012742383624087367 0.0020515710779363183 0.0016622445646083082 0.0003883922959385975 0.0002718514880550293 0.0003883922959385975 0.0002593548250918881 0.0003024727453889855 0.00021728700099601797 0.0003024727453889855 0.0002593548250918881
0.06923477449897952 0.06661673706770124 0.06923477449897952 0.10925419974658201 0.14149620397342053 0.14583761441329418 0.14149620397342053 0.10925419974658201 0.0124240533339528 0.012963978683385032 0.0124240533339528 0.01674573740962449 0.01839107721561147 0.01963732717713182 0.01839107721561147 0.01674573740962449 0.0025632041339233892 0.002394346345593538 0.0025632041339233884 0.001992568278292183 0.0019088942789605905 0.001753783329559137 0.0019088942789605898 0.001992568278292183 0.00039189219325513625 0.00037471500343705085 0.00039189219325513625 0.0003319135215874912 0.00032274028908899435 0.00030698023334079085 0.00032274028908899435 0.0003319135215874912
0.06780517881171079 0.0707456398798063 0.06780517881171079 0.11217649180028501 0.13861799469446662 0.16546463766021158 0.13861799469446662 0.11217649180028501 0.011438051770057479 0.010994009359660899 0.011438051770057479 0.014601506601822105 0.016361698497101916 0.01706096803762945 0.016361698497101916 0.014601506601822105 0.001618074332076091 0.0016487998535467735 0.0016180743320760903 0.0013586525723508517 0.001272593761806803 0.0012195371669141777 0.0012725937618068032 0.0013586525723508517 0.000316968439639186 0.0003101289545270177 0.000316968439639186 0.00028510630441799676 0.00029203183174800185 0.0002675802527381521 0.00029203183174800185 0.00028510630441799676
0.050238138836399826 0.07921775932602158 0.050238138836399826 0.10997951984681703 0.13602472517298217 0.1966647178430299 0.13602472517298217 0.10997951984681703 0.006731550366715373 0.010924594358020122 0.006731550366715373 0.012353433137569892 0.011418269276150894 0.0173006415332448 0.011418269276150894 0.012353433137569892 0.005039766335052401 0.0040792573718910425 0.005039766335052402 0.0039187876939740995 0.004395599398643679 0.003372774043238092 0.004395599398643681 0.0039187876939740995 0.0012440908462607134 0.0009590592883238703 0.0012440908462607134 0.0009265522904015231 0.001072579216420831 0.0007951714014535721 0.001072579216420831 0.0009265522904015231
0.056520208731768926 0.07900582868215869 0.056520208731768926 0.09044537283601274 0.14194016541553403 0.20089280110648086 0.14194016541553403 0.09044537283601274 0.008205881352794797 0.0096754196247995 0.008205881352794797 0.011423548519987085 0.013255533313931762 0.01611584347905084 0.013255533313931762 0.011423548519987085 0.006029400209711644 0.005697715407367722 0.006029400209711646 0.005336981962817171 0.005323085671500778 0.004830619935564603 0.005323085671500778 0.005336981962817171 0.0009564443506428582 0.0008739023368985996 0.0009564443506428582 0.0008166067983673712 0.0008295404577469256 0.0007423301860470565 0.0008295404577469256 0.0008166067983673712
0.07503453266751428 0.06069518859689338 0.07503453266751428 0.11043082778539529 0.15007079063699377 0.14192750913645086 0.15007079063699377 0.11043082778539529 0.010578401449247791 0.010233125393463723 0.010578401449247791 0.01387660370604001 0.0157406487042663 0.015894344354332166 0.0157406487042663 0.01387660370604001 0.002464965131343728 0.002295365739248833 0.002464965131343731 0.0019469920985249207 0.0019257406843431848 0.001736949854065129 0.0019257406843431841 0.0019469920985249207 0.00044990820579428813 0.0003958165771254357 0.00044990820579428813 0.00035940407752678183 0.000366753125651463 0.0003305638031369059 0.000366753125651463 0.00035940407752678183
0.054364566627978804 0.07490890105171108 0.054364566627978804 0.11875969977747611 0.1363189331712305 0.18229780123409703 0.1363189331712305 0.11875969977747611 0.008703895460442606 0.011531720893897231 0.008703895460442606 0.014337890855786066 0.01404193274438694 0.018292967435392576 0.01404193274438694 0.014337890855786066 0.0026122010588027094 0.0021829982606555737 0.002612201058802709 0.0019408344645628656 0.002077601815885878 0.0016914606975317731 0.002077601815885878 0.0019408344645628656 0.00039460794551143694 0.0003593515314583822 0.00039460794551143694 0.00032964349734018516 0.00033398012585276506 0.0003032238047425974 0.00033398012585276506 0.00032964349734018516
0.06849541290454117 0.048787772934602014 0.06849541290454117 0.10082155085150979 0.1767506867493378 0.1367620498467574 0.1767506867493378 0.10082155085150979 0.010439851734297382 0.008272069594387324 0.010439851734297382 0.012562209328350084 0.01633685525594551 0.01390494945684754 0.01633685525594551 0.012562209328350084 0.0023943410707695854 0.0026574086563578066 0.002394341070769586 0.0021571075487307463 0.0019488310397079535 0.0020767874201589116 0.0019488310397079538 0.0021571075487307463 0.0005044156749523423 0.0005167960956217914 0.0005044156749523423 0.0004505754213625645 0.0004346562916692349 0.0004291782529188905 0.0004346562916692349 0.0004505754213625645
