0.04663962000924532 0.06332800985146243 0.04663962000924532 0.1005040942752263 0.14221460525930882 0.18514724435864816 0.14221460525930882 0.1005040942752263 0.011696918395527835 0.013222777424429474 0.011696918395527835 0.017247364505581515 0.020673905112816204 0.022871837402068208 0.020673905112816204 0.017247364505581515 0.004797447102035574 0.004631778206921437 0.004797447102035574 0.0039929411578705195 0.0036881248575583656 0.0035649831232073817 0.0036881248575583634 0.0039929411578705195 0.0006129976375423441 0.0005906442146726566 0.0006129976375423441 0.0005207897923393045 0.0004943761965350993 0.0004763568154159415 0.0004943761965350993 0.0005207897923393045
0.05915049825631221 0.10762592916415141 0.05915049825631221 0.14285295201108852 0.1138761645171699 0.1775814527137205 0.1138761645171699 0.14285295201108852 0.006622595210823261 0.00910682465644355 0.006622595210823261 0.010754872508931836 0.009853740844359292 0.012531471793235986 0.009853740844359292 0.010754872508931836 0.0009053877305270071 0.0008477965791913563 0.000905387730527007 0.0006868746441578383 0.0006604125599245942 0.0006809652665206268 0.0006604125599245941 0.0006868746441578383 0.0001237018670413119 0.00013111247514003172 0.0001237018670413119 0.00010423708989185776 9.9832805361856e-05 0.00011190726041747767 9.9832805361856e-05 0.00010423708989185776
0.07817498387454991 0.05715599088942472 0.07817498387454991 0.0985926667096282 0.16884828351363995 0.1303020550072226 0.16884828351363995 0.0985926667096282 0.011528239520604661 0.009898520422346723 0.011528239520604661 0.013451645239810737 0.017422877301793337 0.01537089236545574 0.017422877301793337 0.013451645239810737 0.0014007219173630936 0.001513057528657806 0.0014007219173630936 0.001204467382947491 0.00101866796694679 0.0010886052218153385 0.0010186679669467898 0.001204467382947491 0.00018934920945396484 0.00020051284331821774 0.00018934920945396484 0.00017003655395874428 0.0001531732053829945 0.00016014092959900882 0.0001531732053829945 0.00017003655395874428
0.050058896592667386 0.044472246480959425 0.050058896592667386 0.08059435320632495 0.14021765388651317 0.12264430896375943 0.14021765388651317 0.08059435320632495 0.018080587965291838 0.01677628388940627 0.018080587965291838 0.02338817232544163 0.031490518109284306 0.029014958658476638 0.031490518109284306 0.02338817232544163 0.012161989868431904 0.012570982679189772 0.012161989868431903 0.011027101067038813 0.009570434214875278 0.010117830385681039 0.009570434214875276 0.011027101067038813 0.0015336966757209733 0.0015919962058797395 0.0015336966757209733 0.0013965203136230891 0.0012370109594271104 0.0012975223673668272 0.0012370109594271104 0.0013965203136230891
0.06781852033735698 0.05457424776850154 0.06781852033735698 0.10818775139794867 0.17534543603116656 0.1491987297130961 0.17534543603116656 0.10818775139794867 0.008225862377234746 0.007130881741498587 0.008225862377234746 0.010382486770392059 0.013546798566068101 0.012048540478656168 0.013546798566068101 0.010382486770392059 0.0012185156393481143 0.0013552535967127264 0.0012185156393481153 0.001068482534048736 0.0008894743691009424 0.0009938760161467394 0.0008894743691009433 0.001068482534048736 0.00018080344154148867 0.0001982505683830261 0.00018080344154148867 0.00016398004101475421 0.00014398278335164306 0.00015603153985949388 0.00014398278335164306 0.00016398004101475421
0.07181559159705213 0.05420451110646263 0.07181559159705213 0.1040926893261088 0.1488256398176574 0.13498490780883157 0.1488256398176574 0.1040926893261088 0.012729503167962229 0.011177764412253764 0.012729503167962229 0.01572641255966449 0.01964673005064276 0.018574568086048578 0.01964673005064276 0.01572641255966449 0.004213185407841403 0.004416873882235631 0.004213185407841405 0.0038195084143363488 0.003335515205154768 0.0035725592379289664 0.0033355152051547667 0.0038195084143363488 0.0006301736458285396 0.0006835051956305683 0.0006301736458285396 0.0005785395694413175 0.0005016220097739585 0.0005550887276800016 0.0005016220097739585 0.0005785395694413175
0.06089558306881324 0.0626107620764398 0.06089558306881324 0.10723896300032063 0.12809567619431622 0.1486073824797462 0.12809567619431622 0.10723896300032063 0.013471000384478108 0.014119254530017765 0.013471000384478108 0.01897885467903403 0.02168116661951871 0.02316031819436716 0.02168116661951871 0.01897885467903403 0.00635185701240604 0.006289342105142595 0.006351857012406041 0.005449006362097606 0.004919712013047405 0.004938232643727646 0.004919712013047404 0.005449006362097606 0.0008645594744605339 0.000860467996192279 0.0008645594744605339 0.0007435690309322777 0.000677975759937902 0.0006783927756412228 0.000677975759937902 0.0007435690309322777
0.0724197617230839 0.08337595981719828 0.0724197617230839 0.10930241552696762 0.1408765209776532 0.1604519834897781 0.1408765209776532 0.10930241552696762 0.009927729529240295 0.010651102421311837 0.009927729529240295 0.012348728657003085 0.01458270327853778 0.015430200492954899 0.01458270327853778 0.012348728657003085 0.001412064846740618 0.0013971967779016546 0.0014120648467406181 0.001267669105494912 0.001050332703916133 0.0010808175968615972 0.0010503327039161337 0.001267669105494912 0.00016924955411535238 0.0001731985837985031 0.00016924955411535238 0.0001571610498862081 0.0001349503844130042 0.0001409661460909918 0.0001349503844130042 0.0001571610498862081
0.06962048585010652 0.06730543018093893 0.06962048585010652 0.10697973945287237 0.16136461235474972 0.1600115485411977 0.16136461235474972 0.10697973945287237 0.008883150600208658 0.00867728137539011 0.008883150600208658 0.011202141719929046 0.013738249281075114 0.013578078594096264 0.013738249281075114 0.011202141719929046 0.0008817590388292326 0.0008979515854917275 0.0008817590388292327 0.0007255163599275057 0.0006362827320223534 0.0006511611445854541 0.0006362827320223534 0.0007255163599275057 0.00011259537515890064 0.00011468936448487598 0.00011259537515890064 9.970957480332175e-05 9.137004597837162e-05 9.263444249269396e-05 9.137004597837162e-05 9.970957480332175e-05
0.06202577799807263 0.05920124505593035 0.06202577799807263 0.10928308745213348 0.15328544552182405 0.14439531044588677 0.15328544552182405 0.10928308745213348 0.012598688869053796 0.011752755963073706 0.012598688869053796 0.01666011108873495 0.020396147395353253 0.01924008489470297 0.020396147395353253 0.01666011108873495 0.0021788507006091683 0.0022882028038975185 0.0021788507006091683 0.0017932575960515707 0.001552777572918866 0.0016319086017521254 0.0015527775729188664 0.0017932575960515707 0.0002689540775455865 0.0002793961210184673 0.0002689540775455865 0.00023594381158174721 0.00021524864519339087 0.00022251465559316612 0.00021524864519339087 0.00023594381158174721
0.049841427750356306 0.053136809226045384 0.049841427750356306 0.10981973634948881 0.14908831087211538 0.16088801033013578 0.14908831087211538 0.10981973634948881 0.012249069659250721 0.01279858154110262 0.012249069659250721 0.017810332681442595 0.021337057935184717 0.02234446956277951 0.021337057935184717 0.017810332681442595 0.0038889683520567275 0.0037702959620431573 0.0038889683520567275 0.0032520105424673038 0.002925978832211761 0.0028124028380668398 0.002925978832211762 0.0032520105424673038 0.0005420508280272846 0.0005264602268054026 0.0005420508280272846 0.00046200426818204034 0.0004336821989951798 0.0004217097734636866 0.0004336821989951798 0.00046200426818204034
0.052096885389265414 0.0670637570210162 0.052096885389265414 0.09956258919383768 0.14730932703408622 0.1852648531431778 0.14730932703408622 0.09956258919383768 0.011359614840131378 0.012692616764716039 0.011359614840131378 0.015657646456566657 0.019341041761070463 0.021242393812526184 0.019341041761070463 0.015657646456566657 0.002941742547638728 0.0028569159163630365 0.0029417425476387276 0.0025264170857599087 0.002226788597317152 0.002206185710184915 0.0022267885973171527 0.0025264170857599087 0.00036820759620429904 0.00036076962193934403 0.00036820759620429904 0.00032582435680319956 0.0002943240665603008 0.0002916901595936707 0.0002943240665603008 0.00032582435680319956
0.08493583896558257 0.07440347924755453 0.08493583896558257 0.10586385552364391 0.1433165373975314 0.1282423592446461 0.1433165373975314 0.10586385552364391 0.011412815728270348 0.011088087319998417 0.011412815728270348 0.01366738928258758 0.015941338792186392 0.015558986607963227 0.015941338792186392 0.01366738928258758 0.0025425602343310014 0.0025197415017139567 0.002542560234331002 0.002212016916714565 0.00203808477407606 0.0020216400308267464 0.0020380847740760605 0.002212016916714565 0.00031398616526054395 0.0003109367175980405 0.00031398616526054395 0.00028163972040419456 0.00026880577323499545 0.00026503078205181033 0.00026880577323499545 0.00028163972040419456
0.06568116705956846 0.07508249499221623 0.06568116705956846 0.11037211204026222 0.15310689554925977 0.16290251037613576 0.15310689554925977 0.11037211204026222 0.009223172780857613 0.00991649175448757 0.009223172780857613 0.012035911384376985 0.014361310598808495 0.014878175399484491 0.014361310598808495 0.012035911384376985 0.0010187270129555673 0.0009515764497092572 0.0010187270129555673 0.0008327275209621304 0.0007319429571528533 0.0006983196889119109 0.0007319429571528534 0.0008327275209621304 0.00011829798120266642 0.00011380332392897588 0.00011829798120266642 0.00010384453557347538 9.550672403394133e-05 9.339572509745816e-05 9.550672403394133e-05 0.00010384453557347538
0.06348195056109666 0.06106370767274314 0.06348195056109666 0.10699773866603213 0.14136589681939654 0.14219358407602886 0.14136589681939654 0.10699773866603213 0.012655494858896797 0.01194647601616717 0.012655494858896797 0.016597385097583375 0.020460115573974706 0.01935273365632318 0.020460115573974706 0.016597385097583375 0.005100400482483613 0.005327431072025156 0.005100400482483614 0.004534279862744476 0.0039419163261549305 0.00423914829583944 0.003941916326154929 0.004534279862744476 0.0007606646033915386 0.0008118793689682344 0.0007606646033915386 0.0006893959858256279 0.0006145943285569071 0.0006653735096301707 0.0006145943285569071 0.0006893959858256279
0.07033602924964 0.06237586200074218 0.07033602924964 0.11063909018982186 0.15308030185315394 0.13942040656703242 0.15308030185315394 0.11063909018982186 0.011568605169308828 0.010415212108937024 0.011568605169308828 0.014728842223379635 0.01777797797387436 0.016137285977319244 0.01777797797387436 0.014728842223379635 0.0019178955785323418 0.002140113345962241 0.0019178955785323422 0.0016489899956641104 0.0014136586199626822 0.001616248093155345 0.001413658619962682 0.0016489899956641104 0.00022584841628061353 0.0002520693676965425 0.00022584841628061353 0.0002017650446503958 0.00018160584045218335 0.0002015822297129427 0.00018160584045218335 0.0002017650446503958
0.05782090783467591 0.06961549645498143 0.05782090783467591 0.11039831260516499 0.13778094905036078 0.1684215714149242 0.13778094905036078 0.11039831260516499 0.011782069816716614 0.012783879440501482 0.011782069816716614 0.01615108864971787 0.018539650202765094 0.020234268737360037 0.018539650202765094 0.01615108864971787 0.0030361160790643277 0.0029436233807315837 0.003036116079064327 0.0025570087288159845 0.0023339911457888854 0.0022400243503397856 0.002333991145788885 0.0025570087288159845 0.0004183315547059006 0.00041113615574259443 0.0004183315547059006 0.0003584702592078329 0.00033401732994641495 0.0003281735515577176 0.00033401732994641495 0.0003584702592078329
0.06712792612937353 0.053848137274454935 0.06712792612937353 0.09105525192537692 0.17483298911662074 0.14027302851410456 0.17483298911662074 0.09105525192537692 0.011962669422363558 0.010802213455821736 0.011962669422363558 0.014589571851992045 0.019923695395531897 0.018025851241886878 0.019923695395531897 0.014589571851992045 0.0023330969683039897 0.0024594674959400225 0.0023330969683039897 0.0019723379150717196 0.0016025910324648856 0.001695974388960157 0.0016025910324648854 0.0019723379150717196 0.0002945490479544835 0.00030551327442400917 0.0002945490479544835 0.00025847554513063517 0.00022463214123615046 0.0002342413715665034 0.00022463214123615046 0.00025847554513063517
0.04451173211453911 0.047971230521961984 0.04451173211453911 0.08024231090067037 0.14246398693066153 0.14978953013349955 0.14246398693066153 0.08024231090067037 0.01747192157300216 0.018027161991587316 0.01747192157300216 0.02413343900878613 0.03202360925170575 0.032551124947195406 0.03202360925170575 0.02413343900878613 0.009029466246634265 0.009001987099512644 0.009029466246634268 0.007694784639992673 0.006620280533172464 0.0067284412068959335 0.006620280533172466 0.007694784639992673 0.0010472455021981514 0.0010516443527585002 0.0010472455021981514 0.0009289631467269999 0.0008434720088961845 0.0008564560326169414 0.0008434720088961845 0.0009289631467269999
0.06510253045299708 0.06440214659310968 0.06510253045299708 0.10893808415275556 0.14703062541067677 0.1468812192011834 0.14703062541067677 0.10893808415275556 0.01230154786145487 0.012319801108768538 0.01230154786145487 0.016422429706951836 0.019304372391033612 0.019301837217795603 0.019304372391033612 0.016422429706951836 0.002430477275815524 0.002435552026947287 0.0024304772758155244 0.0019737640308691343 0.001759517108573081 0.0017569559672419182 0.0017595171085730804 0.0019737640308691343 0.000334177719703674 0.00033440700571759176 0.000334177719703674 0.00028733137411157 0.0002662487635037258 0.00026586838234323747 0.0002662487635037258 0.00028733137411157
0.07421948999430701 0.05896252001000694 0.07421948999430701 0.10577564886865058 0.17130121005290422 0.14909909657068135 0.17130121005290422 0.10577564886865058 0.008612295383459815 0.007699217882081605 0.008612295383459815 0.010424320925418111 0.013331379679230877 0.012388253732036397 0.013331379679230877 0.010424320925418111 0.0005608193151344417 0.0006018559478232394 0.0005608193151344416 0.00047587324770832713 0.00039501118431912747 0.0004181808387373894 0.00039501118431912763 0.00047587324770832713 8.623791426196622e-05 9.044752391233348e-05 8.623791426196622e-05 7.891149723029187e-05 7.205295667992702e-05 7.39254561112078e-05 7.205295667992702e-05 7.891149723029187e-05
0.0554178252501051 0.049726188149866776 0.0554178252501051 0.08959189151379097 0.1563357246848429 0.1393023025380917 0.1563357246848429 0.08959189151379097 0.013181366645679834 0.013087391212605309 0.013181366645679834 0.01738120622952569 0.022492963671088398 0.022109126513258075 0.022492963671088398 0.01738120622952569 0.007590639973821824 0.00758064097584435 0.007590639973821828 0.006907352294131931 0.006404704118793242 0.006420013993830003 0.00640470411879324 0.006907352294131931 0.0014382740015648943 0.001439488338485782 0.0014382740015648943 0.0013824427982862008 0.0013638729082416025 0.0013583200982728897 0.0013638729082416025 0.0013824427982862008
0.07526640460396267 0.07000375666390825 0.07526640460396267 0.10110547258408419 0.1499135425760386 0.14313709830070173 0.1499135425760386 0.10110547258408419 0.012355350084079201 0.012082194824807128 0.012355350084079201 0.014788668753566353 0.017899627548929566 0.01764449623511182 0.017899627548929566 0.014788668753566353 0.0018196505876431806 0.0018077247037319355 0.0018196505876431803 0.0015527356763522257 0.0013757853607929578 0.0013847844385784435 0.0013757853607929567 0.0015527356763522257 0.00024419998489801537 0.00024253668880420734 0.00024419998489801537 0.00022095255343557537 0.0002044346483091612 0.0002037582201731531 0.0002044346483091612 0.00022095255343557537
0.06491939877840938 0.06659500765537937 0.06491939877840938 0.10220796123628019 0.15163444968373194 0.15666602265025578 0.15163444968373194 0.10220796123628019 0.011356174032921282 0.011766035353706615 0.011356174032921282 0.014848127169467183 0.018168276020099825 0.01877491431922555 0.018168276020099825 0.014848127169467183 0.002575196450882807 0.0025381748536026684 0.002575196450882806 0.0021934652006109375 0.0019279090144192841 0.0019156949132536289 0.0019279090144192835 0.0021934652006109375 0.0002919139476379831 0.00029165662913851315 0.0002919139476379831 0.0002577164946170332 0.00023023383281439418 0.0002308499016533288 0.00023023383281439418 0.0002577164946170332
0.0766901303149617 0.0966773517301594 0.0766901303149617 0.15181097720099998 0.12318986751503097 0.13226908058262482 0.12318986751503097 0.15181097720099998 0.006373411997357295 0.0064793304089772385 0.006373411997357295 0.008590093898487125 0.00884676515443574 0.008789886151004313 0.00884676515443574 0.008590093898487125 0.0005985233199916841 0.0006282111361675227 0.0005985233199916837 0.0005019953716800316 0.00046035271912616603 0.0004790655411557568 0.0004603527191261657 0.0005019953716800316 7.467660497767083e-05 7.875679079764899e-05 7.467660497767083e-05 6.726933991026119e-05 6.258232677658368e-05 6.502613164286693e-05 6.258232677658368e-05 6.726933991026119e-05
0.06746143571027259 0.06039322498814946 0.06746143571027259 0.1027377826192304 0.14209161126166986 0.13612513669933354 0.14209161126166986 0.1027377826192304 0.012425458156530894 0.011951770655763241 0.012425458156530894 0.016063131145207972 0.019225837261069408 0.01908714841040576 0.019225837261069408 0.016063131145207972 0.005939887644875875 0.005955905876493291 0.0059398876448758745 0.005411752579319655 0.005126670691588343 0.005111440348940766 0.005126670691588344 0.005411752579319655 0.0011256057799837761 0.001126876085558208 0.0011256057799837761 0.0010324535138882052 0.0009887848575660296 0.0009876744929495514 0.0009887848575660296 0.0010324535138882052
0.0625953119345516 0.05088539939470264 0.0625953119345516 0.09411062312843495 0.16819155360698473 0.1287002103250348 0.16819155360698473 0.09411062312843495 0.013082231591926414 0.011657459689788714 0.013082231591926414 0.016649200677059245 0.022403129339787487 0.019678692375045923 0.022403129339787487 0.016649200677059245 0.004390378210167111 0.004662933000759014 0.004390378210167112 0.003853446420048445 0.003335037785937169 0.0035918031143055275 0.003335037785937172 0.003853446420048445 0.0004969208438110888 0.0005233505710663519 0.0004969208438110888 0.00044363322658357257 0.0003913517734259121 0.0004145144518615009 0.0003913517734259121 0.00044363322658357257
0.06133290613684851 0.06584833626349461 0.06133290613684851 0.09789106658846747 0.16106808288499694 0.17633663160541807 0.16106808288499694 0.09789106658846747 0.009612718807928732 0.009682312601197972 0.009612718807928732 0.01211762973550688 0.016021651704095363 0.016180574843949 0.016021651704095363 0.01211762973550688 0.0020152414859754483 0.002041805628396816 0.0020152414859754483 0.0017905411623217995 0.0014860348526749545 0.0015129802767023975 0.0014860348526749539 0.0017905411623217995 0.00024245113270098673 0.0002425539917159261 0.00024245113270098673 0.00021723236115601607 0.00018761158671865832 0.00018846791034162426 0.00018761158671865832 0.00021723236115601607
0.07327992769860314 0.08428197177403135 0.07327992769860314 0.10154003262807497 0.13524027028259225 0.1513157035509011 0.13524027028259225 0.10154003262807497 0.011775894861543035 0.012634499642549845 0.011775894861543035 0.014570256006378375 0.01731443257254651 0.0183600919409665 0.01731443257254651 0.014570256006378375 0.003275794405883777 0.0032000230723248754 0.003275794405883778 0.002861572758311863 0.002541142134501458 0.002504719525737657 0.0025411421345014587 0.002861572758311863 0.00040725099298927263 0.00039639880672973717 0.00040725099298927263 0.0003578548971636632 0.00032824810261663476 0.00032123700434909215 0.00032824810261663476 0.0003578548971636632
0.057171172863882125 0.06821865149930917 0.057171172863882125 0.09145849398033924 0.15085736203245168 0.17915051094462647 0.15085736203245168 0.09145849398033924 0.011048290076369816 0.011590274666070393 0.011048290076369816 0.013974925716658652 0.018137038152376585 0.019164496266120795 0.018137038152376585 0.013974925716658652 0.00450691004146525 0.004482179334826505 0.004506910041465251 0.004040549943653906 0.0035881411970832785 0.0035817986275240438 0.003588141197083278 0.004040549943653906 0.0005775168798407635 0.0005785632682984213 0.0005775168798407635 0.0005280700766858154 0.0004862148759206933 0.00048415371976861024 0.0004862148759206933 0.0005280700766858154
0.08067544003478885 0.08834591933649243 0.08067544003478885 0.11295596587758201 0.14720015178709597 0.15052308069700085 0.14720015178709597 0.11295596587758201 0.007476767319942224 0.007883611683847694 0.007476767319942224 0.009274587007835521 0.0105765642227667 0.010870402695026092 0.0105765642227667 0.009274587007835521 0.0007584532503142239 0.0007231826610953192 0.0007584532503142239 0.000631539679393485 0.0005923479742674282 0.000564634016882497 0.0005923479742674284 0.000631539679393485 0.00011084691714763975 0.00010701517025758116 0.00011084691714763975 9.828678650656407e-05 9.448729038289471e-05 9.127744335040057e-05 9.448729038289471e-05 9.828678650656407e-05
0.061419079143386346 0.06070103350281735 0.061419079143386346 0.09994930920605825 0.14328444083496883 0.13799698870305407 0.14328444083496883 0.09994930920605825 0.01293712867156049 0.01264936281668546 0.01293712867156049 0.01705791911947252 0.021091674570239746 0.02029287195742326 0.021091674570239746 0.01705791911947252 0.006564994098860903 0.006681621421901426 0.006564994098860905 0.005916394340509494 0.00538599290354537 0.005554318860334898 0.0053859929035453705 0.005916394340509494 0.0011985381344458898 0.0012138515356469638 0.0011985381344458898 0.0010969436276791129 0.0010299715882551804 0.001045178724172273 0.0010299715882551804 0.0010969436276791129
0.10449377916197423 0.10712592407888435 0.10449377916197423 0.11251962754618342 0.1339885022830719 0.1312101830148161 0.1339885022830719 0.11251962754618342 0.0067169170361427305 0.006758073382451586 0.0067169170361427305 0.007011810709025792 0.007685031293986564 0.007597220326215917 0.007685031293986564 0.007011810709025792 0.00029026504414331785 0.000297494759807582 0.0002902650441433179 0.000267862868012163 0.0002461101620526806 0.000255128475441123 0.0002461101620526806 0.000267862868012163 4.147955372161975e-05 4.214423126594766e-05 4.147955372161975e-05 3.91304650783466e-05 3.7408340142644944e-05 3.798280404653701e-05 3.7408340142644944e-05 3.91304650783466e-05
0.06094911372295029 0.046555461214011266 0.06094911372295029 0.09227250107698276 0.17472536577035053 0.13619916859893716 0.17472536577035053 0.09227250107698276 0.011635884811788467 0.01042765669334242 0.011635884811788467 0.01453206473779483 0.01976183419924128 0.017895143206750685 0.01976183419924128 0.01453206473779483 0.00441666268863169 0.0045126363300224594 0.004416662688631691 0.004037414029558673 0.0036800474619686743 0.003735900285907849 0.003680047461968674 0.004037414029558673 0.0011181814168932486 0.001129587890881583 0.0011181814168932486 0.0010723355510058152 0.0010442351751388814 0.001053164495536237 0.0010442351751388814 0.0010723355510058152
0.06839011301228137 0.06448607911817573 0.06839011301228137 0.11175954789812965 0.1391584765938701 0.15053542937907952 0.1391584765938701 0.11175954789812965 0.011131240470195319 0.011464800795684807 0.011131240470195319 0.0150665295108851 0.017398036360332825 0.018211464457329577 0.017398036360332825 0.0150665295108851 0.0036234685794314376 0.003523610909945088 0.0036234685794314355 0.003100084725291525 0.0029079994833893577 0.002821978913580554 0.0029079994833893586 0.003100084725291525 0.0005385503226041717 0.0005302791380305422 0.0005385503226041717 0.00047280664899165413 0.0004452900879338014 0.00044206990150151375 0.0004452900879338014 0.00047280664899165413
0.07449457803767287 0.07452796836050066 0.07449457803767287 0.11904916972760501 0.1575569762055207 0.15112238196362246 0.1575569762055207 0.11904916972760501 0.006185262352874594 0.0061005224702073285 0.006185262352874594 0.008074549741344944 0.009144294783908958 0.00890280952711462 0.009144294783908958 0.008074549741344944 0.0012544470686511296 0.0012679262646740782 0.0012544470686511296 0.0011100545122496152 0.00103886614947658 0.0010407651678341478 0.00103886614947658 0.0011100545122496152 0.00016709155512375202 0.00016817914144513915 0.00016709155512375202 0.00014834181700316761 0.00014053658032110627 0.0001411100410968328 0.00014053658032110627 0.00014834181700316761
0.08321254767738177 0.07932170507672488 0.08321254767738177 0.12253509649544982 0.14692552778177548 0.14042513198875917 0.14692552778177548 0.12253509649544982 0.007040323541907681 0.007089640172445584 0.007040323541907681 0.008771584427295007 0.009681976271275657 0.009651648634793751 0.009681976271275657 0.008771584427295007 0.000867082983041375 0.0008637345700730411 0.0008670829830413753 0.0007471229278271776 0.0007040045976531432 0.0007108151731777041 0.0007040045976531433 0.0007471229278271776 0.00012975672538246657 0.0001322883923646992 0.00012975672538246657 0.000116185960676232 0.00011329369185142942 0.00011602982862672494 0.00011329369185142942 0.000116185960676232
0.053118512972639746 0.0552177208819558 0.053118512972639746 0.09073525747366808 0.13099285107529549 0.1378961413511791 0.13099285107529549 0.09073525747366808 0.016162011033117207 0.017189808811431923 0.016162011033117207 0.022223764620285226 0.026525880921972195 0.028089202047651383 0.026525880921972195 0.022223764620285226 0.009703611407796846 0.00932173675508336 0.009703611407796842 0.008469855113255615 0.007952244866142474 0.007562352408815749 0.007952244866142473 0.008469855113255615 0.00182236632231252 0.0017100415209374861 0.00182236632231252 0.0015711280965694462 0.0015205876295742444 0.0014168531576870431 0.0015205876295742444 0.0015711280965694462
0.09255177545566333 0.09698843469939837 0.09255177545566333 0.11611089168223393 0.13740886769384542 0.13590880957499327 0.13740886769384542 0.11611089168223393 0.00755195570853232 0.00785338317628534 0.00755195570853232 0.008780662051683983 0.009575744190012576 0.00966626806576277 0.009575744190012576 0.008780662051683983 0.0006291422043729368 0.0006094939702360491 0.0006291422043729369 0.0005406807158959621 0.0005183023243702953 0.0005100395744112416 0.0005183023243702952 0.0005406807158959621 0.00014716743542280032 0.00014514971218403455 0.00014716743542280032 0.00013925712126822292 0.00013738101791910438 0.00013476602428707062 0.00013738101791910438 0.00013925712126822292
0.08118815350202108 0.06713690590883656 0.08118815350202108 0.12137608582320031 0.14901539297268698 0.12196280277466214 0.14901539297268698 0.12137608582320031 0.007943375240113144 0.006747789655300161 0.007943375240113144 0.010267304555698041 0.013057205999331696 0.011061557346499943 0.013057205999331696 0.010267304555698041 0.0032437263443483386 0.0034641175738080233 0.003243726344348338 0.002906481189022701 0.00253670355852784 0.0027918228265977852 0.0025367035585278416 0.002906481189022701 0.0005135649502778037 0.0005550064570010362 0.0005135649502778037 0.0004623243742269323 0.0004080516766316449 0.00044325708512132325 0.0004080516766316449 0.0004623243742269323
0.07036697563541756 0.06722221124575552 0.07036697563541756 0.11707482632783707 0.14843753179791125 0.14189976947407168 0.14843753179791125 0.11707482632783707 0.010598238982058332 0.01061282092970187 0.010598238982058332 0.014116857274534683 0.01577857517584334 0.015950437897291895 0.01577857517584334 0.014116857274534683 0.0014913890361281787 0.0014159222506461378 0.0014913890361281787 0.00118166760288436 0.0011470287067195492 0.0010450894977565943 0.001147028706719549 0.00118166760288436 0.0002035199021520531 0.00020057519180595332 0.0002035199021520531 0.00017705998299500717 0.0001692822502797987 0.00016726816344795494 0.0001692822502797987 0.00017705998299500717
0.08934773200962706 0.07240248563779035 0.08934773200962706 0.11857217879037787 0.15547099551933957 0.13405257738283746 0.15547099551933957 0.11857217879037787 0.007063267037297953 0.006442502076917739 0.007063267037297953 0.00824526097292924 0.009487987790926375 0.008882068217240165 0.009487987790926375 0.00824526097292924 0.00022286677367045236 0.00023458061238269088 0.0002228667736704523 0.0001887297797997974 0.00016929545323595536 0.00017421150998171974 0.0001692954532359554 0.0001887297797997974 3.6959374999376904e-05 3.77612407652371e-05 3.6959374999376904e-05 3.37622816326198e-05 3.179280694238629e-05 3.215614052734458e-05 3.179280694238629e-05 3.37622816326198e-05
0.06961273607330336 0.08130445349130107 0.06961273607330336 0.11561767705711937 0.12929527918002143 0.14439680173359834 0.12929527918002143 0.11561767705711937 0.012372221031322465 0.013583232316863997 0.012372221031322465 0.01669042041495139 0.017686531058253758 0.018903064222134208 0.017686531058253758 0.01669042041495139 0.0024569052801846052 0.002294737539345372 0.0024569052801846052 0.0019919997663494725 0.0019465587362995015 0.001809798552501615 0.0019465587362995013 0.0019919997663494725 0.0003343368650653273 0.0003146922119682384 0.0003343368650653273 0.0002804928007843639 0.00027849477758360645 0.0002659138498097866 0.00027849477758360645 0.0002804928007843639
0.08219752125768091 0.08821730393239784 0.08219752125768091 0.12297778477135657 0.14197980541004226 0.1434176975863838 0.14197980541004226 0.12297778477135657 0.007301321045583447 0.007498399736166725 0.007301321045583447 0.008914559576558557 0.010208061269838923 0.01031444186013238 0.010208061269838923 0.008914559576558557 0.00042581159229038076 0.0004166690987558427 0.0004258115922903807 0.0003652117090751999 0.0003167089348939037 0.00031266814674024294 0.0003167089348939038 0.0003652117090751999 6.101557502746429e-05 6.018175785148434e-05 6.101557502746429e-05 5.5635451615759124e-05 5.21089313528046e-05 5.1546830939406364e-05 5.21089313528046e-05 5.5635451615759124e-05
0.06945721224488718 0.07583616019235984 0.06945721224488718 0.11411593302096258 0.1496561965250412 0.1569983517996792 0.1496561965250412 0.11411593302096258 0.00897050988090511 0.00931224856827659 0.00897050988090511 0.011618368727223322 0.01337376470918687 0.01366159574257491 0.01337376470918687 0.011618368727223322 0.0010941388406710195 0.001069618739372469 0.0010941388406710201 0.0009460638501648366 0.000897993234011183 0.0008678488742378102 0.0008979932340111837 0.0009460638501648366 0.0002659854844282944 0.0002597872989725548 0.0002659854844282944 0.0002438598505551513 0.0002402178047794377 0.00023390043889433244 0.0002402178047794377 0.0002438598505551513
0.0708062424944417 0.05901059059356309 0.0708062424944417 0.10417865724135743 0.14433660951304936 0.12225005931067624 0.14433660951304936 0.10417865724135743 0.015614924173029995 0.01392952740267331 0.015614924173029995 0.01919427567463484 0.023290712053798148 0.02114892499986908 0.023290712053798148 0.01919427567463484 0.0035073038445239215 0.003817389977275093 0.0035073038445239215 0.0030752765100329083 0.002636955144370752 0.0029099755545344917 0.0026369551443707544 0.0030752765100329083 0.0004934203259693456 0.0005262373171460508 0.0004934203259693456 0.00044748667830451323 0.00040620455952442713 0.0004311584181879322 0.00040620455952442713 0.00044748667830451323
0.0663970115298824 0.06488568936058922 0.0663970115298824 0.10545093185459059 0.1408875878028864 0.14438730891032497 0.1408875878028864 0.10545093185459059 0.01274827819448439 0.012823000518254303 0.01274827819448439 0.016589844908735076 0.019730573982409492 0.01981409513053637 0.019730573982409492 0.016589844908735076 0.00416221565023623 0.004157292827022797 0.004162215650236231 0.0037224334960264628 0.0034691077400590647 0.003476786104446517 0.0034691077400590673 0.0037224334960264628 0.0005605731126713246 0.0005632507542123226 0.0005605731126713246 0.000507897632443389 0.000478667878384487 0.00048232882899496525 0.000478667878384487 0.000507897632443389
0.06538761851151212 0.0515784430666529 0.06538761851151212 0.10032146781322945 0.17503535979394863 0.14299869671172213 0.17503535979394863 0.10032146781322945 0.010631786622440772 0.009539848261852566 0.010631786622440772 0.013505169730101402 0.017754743727000883 0.016133597652901312 0.017754743727000883 0.013505169730101402 0.0018640393444175206 0.0019395395381713292 0.0018640393444175197 0.0015863316663551053 0.0013434865300775937 0.0013919842829248174 0.0013434865300775939 0.0015863316663551053 0.00021640371790872977 0.00022467341734605612 0.00021640371790872977 0.0001924015173336394 0.00016993930960335811 0.00017572050057049644 0.00016993930960335811 0.0001924015173336394
0.069929211659813 0.06456058012188107 0.069929211659813 0.11223967627233135 0.16078180829172067 0.14298127236132507 0.16078180829172067 0.11223967627233135 0.008865404506045864 0.008916239054436205 0.008865404506045864 0.011772483918901882 0.013799042425201382 0.013601589439423464 0.013799042425201382 0.011772483918901882 0.0017142718835583832 0.0016908117379465515 0.0017142718835583832 0.0014822015636426944 0.0013994266590328693 0.0013976900022612813 0.001399426659032869 0.0014822015636426944 0.00037354208344615063 0.0003853432674584605 0.00037354208344615063 0.0003548987616655373 0.00034357726325777514 0.00035538343803283415 0.00034357726325777514 0.0003548987616655373
0.059707069823556315 0.07035536773811608 0.059707069823556315 0.10374367325379359 0.14554285384103569 0.1759157693333609 0.14554285384103569 0.10374367325379359 0.010602642816363035 0.01163128232832863 0.010602642816363035 0.014181291846005712 0.016989295739341707 0.018927914578808738 0.016989295739341707 0.014181291846005712 0.0027596650034715214 0.0026196717812431362 0.0027596650034715222 0.002348619342201182 0.002170745119595597 0.0019873683327075735 0.002170745119595596 0.002348619342201182 0.00035026279231448355 0.00033062183365979475 0.00035026279231448355 0.0003027337156769779 0.00028487979558628287 0.00026453789589090337 0.00028487979558628287 0.0003027337156769779
0.06118538483796941 0.050428302441144796 0.06118538483796941 0.09708896347321103 0.1605474839925398 0.1378093138680224 0.1605474839925398 0.09708896347321103 0.013578390778121618 0.012103069899582526 0.013578390778121618 0.017236600851222666 0.02233062655268195 0.020218380634540224 0.02233062655268195 0.017236600851222666 0.004229390207346156 0.00447600171036239 0.004229390207346155 0.0037590367797678006 0.0033171328791776525 0.0035414986866683837 0.003317132879177654 0.0037590367797678006 0.0006639594238583905 0.000691707155051961 0.0006639594238583905 0.0005956426416766766 0.0005490599991434558 0.0005683807711941376 0.0005490599991434558 0.0005956426416766766
0.07038167269849965 0.0598831674211939 0.07038167269849965 0.09850798232181196 0.1679956615344834 0.14423283303542145 0.1679956615344834 0.09850798232181196 0.010679962036466545 0.010150827491837742 0.010679962036466545 0.01316207589092561 0.016626935470712135 0.015875469808352968 0.016626935470712135 0.01316207589092561 0.0018152617268221332 0.0018447705713039335 0.0018152617268221319 0.0015820015598459276 0.0014141575487651992 0.0014447067398624216 0.0014141575487651992 0.0015820015598459276 0.00030029311352951655 0.0003006517025290045 0.00030029311352951655 0.0002757026474809744 0.00026129611640013665 0.0002615678980121694 0.00026129611640013665 0.0002757026474809744
0.0703239238638137 0.05975825718046541 0.0703239238638137 0.10226569692086858 0.15330232821233722 0.13968879190447964 0.15330232821233722 0.10226569692086858 0.01199987242841832 0.011537343737924241 0.01199987242841832 0.015203574819717252 0.018784770354762993 0.018269784671145598 0.018784770354762993 0.015203574819717252 0.0033648691261390857 0.003311488428257004 0.0033648691261390844 0.002952044956937767 0.002659032893461521 0.002623755185919012 0.002659032893461521 0.002952044956937767 0.0004317845950468957 0.0004236106597990004 0.0004317845950468957 0.00038152460152998874 0.0003506766401452447 0.00034676940565306753 0.0003506766401452447 0.00038152460152998874
0.05337520784764535 0.05272873465512855 0.05337520784764535 0.09079741933983508 0.14488900525042842 0.14515756135630054 0.14488900525042842 0.09079741933983508 0.016783826510187956 0.016857158089953986 0.016783826510187956 0.02214731196111264 0.028444135128872505 0.028524320127308257 0.028444135128872505 0.02214731196111264 0.005640529843097035 0.005612291921154456 0.005640529843097039 0.004774379891272041 0.004068853977700838 0.004072755792269723 0.0040688539777008394 0.004774379891272041 0.0007343986957387576 0.0007281681232793678 0.0007343986957387576 0.0006427191497245593 0.0005759790638773986 0.0005714766156199926 0.0005759790638773986 0.0006427191497245593
0.07866743678801769 0.06592405936261506 0.07866743678801769 0.10583645792431536 0.1570725697149289 0.14222620099909075 0.1570725697149289 0.10583645792431536 0.009192738220859102 0.00898957046638986 0.009192738220859102 0.011277786132857055 0.013930734516705363 0.013911213015649022 0.013930734516705363 0.011277786132857055 0.0018922954856757036 0.0018782368409258354 0.001892295485675704 0.0016528397425468453 0.001499120544616583 0.0014857465967844574 0.0014991205446165834 0.0016528397425468453 0.0004608867028927082 0.00046480409245264865 0.0004608867028927082 0.00043988599003352765 0.00042321694116898966 0.00042823121685664657 0.00042321694116898966 0.00043988599003352765
0.07259216812635091 0.0584330057481751 0.07259216812635091 0.09793256039672917 0.15908612974728994 0.13427163977286746 0.15908612974728994 0.09793256039672917 0.011431161847453578 0.010567400079894247 0.011431161847453578 0.013833947511999485 0.0174815324541831 0.016426475348158776 0.0174815324541831 0.013833947511999485 0.004139949315908337 0.004163128074211686 0.004139949315908337 0.003803097465759801 0.0035404447433675457 0.0035614514895397137 0.003540444743367544 0.003803097465759801 0.0006408285241922145 0.0006421887246770787 0.0006408285241922145 0.0006040348155783554 0.0005878741882780087 0.0005872524882949613 0.0005878741882780087 0.0006040348155783554
0.06319419673179714 0.06474268038747871 0.06319419673179714 0.10587487443060306 0.1582809851307564 0.15176738878361418 0.1582809851307564 0.10587487443060306 0.01095368674130465 0.010853820354676413 0.01095368674130465 0.014286331690360879 0.017674551160721468 0.016965813673717037 0.017674551160721468 0.014286331690360879 0.0019259312489012302 0.001968318067670149 0.001925931248901229 0.0016509965512983284 0.0014406289232539577 0.0014970643819678998 0.0014406289232539577 0.0016509965512983284 0.00022813738862286157 0.000233668763974314 0.00022813738862286157 0.00020132115326313191 0.00018046230450468383 0.0001870386761256237 0.00018046230450468383 0.00020132115326313191
0.06762258047946952 0.06097798989657914 0.06762258047946952 0.1027128192152126 0.1381641547771032 0.1406884243786716 0.1381641547771032 0.1027128192152126 0.012733704390116653 0.01233392470434878 0.012733704390116653 0.016556150311454725 0.01979130976346145 0.019815451048833907 0.01979130976346145 0.016556150311454725 0.00594357666388868 0.006035446660901841 0.005943576663888681 0.005378963229243391 0.004954248569054274 0.005105391912953874 0.004954248569054275 0.005378963229243391 0.0009900213398573744 0.0010180445346133762 0.0009900213398573744 0.0008993157974351523 0.0008327021998679158 0.0008662333907675246 0.0008327021998679158 0.0008993157974351523
0.08214399019224862 0.05758601562253427 0.08214399019224862 0.1118959403941688 0.17003262970699354 0.1301192088409926 0.17003262970699354 0.1118959403941688 0.008224023674815752 0.00678200068900498 0.008224023674815752 0.009745145487644446 0.012091230740394681 0.010338158793019895 0.012091230740394681 0.009745145487644446 0.00084803442724495 0.0009480096489825658 0.0008480344272449497 0.0007447157493251615 0.000641832910383366 0.0007312158665745607 0.0006418329103833663 0.0007447157493251615 0.00010218950056969874 0.00011072066199496493 0.00010218950056969874 9.271523106346647e-05 8.431489030348402e-05 9.114406658437791e-05 8.431489030348402e-05 9.271523106346647e-05
