0.05082767099806543 0.10064769693900648 0.05082767099806543 0.12473212121790488 0.09929748508462409 0.20740143022470806 0.09929748508462409 0.12473212121790488 0.009064875752600295 0.010693558638772699 0.009064875752600295 0.013149117552187303 0.013193971037113093 0.01700692378285892 0.013193971037113093 0.013149117552187303 0.004160523809074113 0.0039689045181220475 0.0041605238090741134 0.0036324648681073037 0.0036583971324772873 0.003371827465743222 0.0036583971324772877 0.0036324648681073037 0.0017467395092528907 0.0016612437329298526 0.0017467395092528907 0.0016433475160544744 0.0017128645077090171 0.0016092567275183978 0.0017128645077090171 0.0016433475160544744
0.09174789912184288 0.0612017672306123 0.09174789912184288 0.11415324172706813 0.144798018449676 0.12406445658310226 0.144798018449676 0.11415324172706813 0.010714702914575758 0.008769721361202567 0.010714702914575758 0.012406366325950234 0.014987915694169877 0.013534447693670687 0.014987915694169877 0.012406366325950234 0.001818744684224521 0.001979984398357593 0.0018187446842245216 0.0016155985563902134 0.0013492704176111512 0.001463836844460457 0.0013492704176111515 0.0016155985563902134 0.0002471594737458088 0.0002617806918737286 0.0002471594737458088 0.00022255483244133228 0.00019741637950538497 0.0002062280423179147 0.00019741637950538497 0.00022255483244133228
0.06948464393891325 0.056722184273426714 0.06948464393891325 0.10322539082237904 0.14553105224737292 0.126423175124816 0.14553105224737292 0.10322539082237904 0.009137109284054415 0.00795991967922668 0.009137109284054415 0.011405806548174828 0.014070180359215333 0.012552672776965547 0.014070180359215333 0.011405806548174828 0.008961036776777492 0.00904915056667947 0.008961036776777493 0.008637358764000269 0.008559589611767332 0.008527467879001495 0.008559589611767327 0.008637358764000269 0.0026739929625428987 0.0026649630843875866 0.0026739929625428987 0.002536783154196831 0.002578191748315424 0.0024981941800764087 0.002578191748315424 0.002536783154196831
0.06703408351274064 0.07194025324475378 0.06703408351274064 0.08874607214592853 0.15457874615233905 0.15335307193739423 0.15457874615233905 0.08874607214592853 0.010994818411904927 0.011819387233089049 0.010994818411904927 0.013537687239488122 0.01768293477609413 0.018197918601211133 0.01768293477609413 0.013537687239488122 0.004612771535815943 0.0045220252115890595 0.004612771535815943 0.004183815751461194 0.0037589771489403723 0.0037350842662981646 0.0037589771489403736 0.004183815751461194 0.00084014050957546 0.0008247590847644819 0.00084014050957546 0.0007690301224007844 0.0007110225825834724 0.0007073006423547996 0.0007110225825834724 0.0007690301224007844
0.0614536796105559 0.09057262880584062 0.0614536796105559 0.11988055581024105 0.12719642219406235 0.17356957987107777 0.12719642219406235 0.11988055581024105 0.010309737827254988 0.012163889316483361 0.010309737827254988 0.01442462139362692 0.015067424242936762 0.017405085926105342 0.015067424242936762 0.01442462139362692 0.0012386005843474743 0.0011546123971380195 0.0012386005843474743 0.000963675531095029 0.0009102452707237952 0.0008389912429084877 0.0009102452707237953 0.000963675531095029 0.00019769284992330832 0.00018447601476847335 0.00019769284992330832 0.00016900596800249965 0.00016559077283566804 0.0001562323144664819 0.00016559077283566804 0.00016900596800249965
0.06619544445078192 0.06789750939671851 0.06619544445078192 0.10658123765670706 0.15523144811534662 0.15555466792649725 0.15523144811534662 0.10658123765670706 0.010031967102059966 0.00960883805343828 0.010031967102059966 0.012852592324369595 0.016138475035646433 0.015438405067844161 0.016138475035646433 0.012852592324369595 0.0020733228792446825 0.0022139469253877036 0.0020733228792446834 0.0018219138643110729 0.001561684070432422 0.0016930692483323124 0.0015616840704324223 0.0018219138643110729 0.0003486557621949826 0.0003741924408112519 0.0003486557621949826 0.0003243469573250522 0.00029099533294306087 0.0003152038382446472 0.00029099533294306087 0.0003243469573250522
0.09160015702694195 0.05082024687786686 0.09160015702694195 0.1155473106892233 0.15955048219646153 0.1072646019647434 0.15955048219646153 0.1155473106892233 0.011467523448596926 0.008315512780511965 0.011467523448596926 0.013048409086915543 0.01587117007081973 0.012624725076903156 0.01587117007081973 0.013048409086915543 0.0007967595074072082 0.001016210067137683 0.000796759507407208 0.0007045459696782218 0.0005681918866265721 0.0007094729141837533 0.0005681918866265722 0.0007045459696782218 0.00012257434352068946 0.00014371751774624518 0.00012257434352068946 0.00011447061713114101 0.00010338191938670688 0.00011555927548792855 0.00010338191938670688 0.00011447061713114101
0.07282765440961149 0.06573983085530145 0.07282765440961149 0.11121699887476143 0.15705856838692248 0.1447709524930941 0.15705856838692248 0.11121699887476143 0.009346478395431875 0.00884297358195805 0.009346478395431875 0.011956602451515959 0.014340553983560411 0.01378995615869795 0.014340553983560411 0.011956602451515959 0.0016963116605541702 0.00174724784358443 0.00169631166055417 0.001461884102453724 0.0012925062920506902 0.0013123586662910185 0.0012925062920506902 0.001461884102453724 0.00019481196117843616 0.00019753192308309036 0.00019481196117843616 0.00017180722713050993 0.00015687679767739475 0.00015703939229259165 0.00015687679767739475 0.00017180722713050993
0.08166513246014358 0.057374792809282676 0.08166513246014358 0.09931127734209869 0.14343091757124118 0.12179864132023809 0.14343091757124118 0.09931127734209869 0.015447992595109261 0.012557834626618115 0.015447992595109261 0.01750595731791528 0.021362337621654782 0.019238416107316945 0.021362337621654782 0.01750595731791528 0.0038598456492071223 0.004189934554553026 0.0038598456492071236 0.0034876666683113155 0.0030818437344467906 0.0032362745626109586 0.0030818437344467898 0.0034876666683113155 0.00044725607971224715 0.0004766542580954131 0.00044725607971224715 0.00040442001947563953 0.0003685037292816742 0.00038115018408977345 0.0003685037292816742 0.00040442001947563953
0.056086382152503916 0.05523638859254628 0.056086382152503916 0.09432494811805588 0.13412608298313855 0.1371844373298366 0.13412608298313855 0.09432494811805588 0.01604286022964097 0.014682198602040803 0.01604286022964097 0.020574219901105084 0.02571089167392918 0.02373057793986033 0.02571089167392918 0.020574219901105084 0.008373784325344793 0.00887877597253913 0.008373784325344793 0.007642664672116804 0.00681183067053501 0.007506965703393304 0.006811830670535003 0.007642664672116804 0.0017516984783677643 0.0019730866617115495 0.0017516984783677643 0.0016292728467274867 0.001462413046068248 0.0017334710030045188 0.001462413046068248 0.0016292728467274867
0.08136764467372033 0.05836748463056942 0.08136764467372033 0.10969433986502572 0.1363478684961471 0.12080801894080438 0.1363478684961471 0.10969433986502572 0.01471420403863213 0.011976695284042363 0.01471420403863213 0.01741403086449941 0.019613166009724882 0.018031681027152427 0.019613166009724882 0.01741403086449941 0.003245842838147322 0.0035476102765457157 0.0032458428381473216 0.0029369072456740726 0.002758590807282002 0.0028923155587288747 0.0027585908072820017 0.0029369072456740726 0.0010430145308532623 0.0010636064931293882 0.0010430145308532623 0.0010159343361751945 0.0009982907595606045 0.0010129188581433867 0.0009982907595606045 0.0010159343361751945
0.08390559529121723 0.07002351585755537 0.08390559529121723 0.09177387973942198 0.14869695601556124 0.15284793817101544 0.14869695601556124 0.09177387973942198 0.010052898113518921 0.009489935819161861 0.010052898113518921 0.011379664473146138 0.01397601457840002 0.01461907577062931 0.01397601457840002 0.011379664473146138 0.0031514501219115807 0.0030159590553069 0.003151450121911581 0.0028018707516328676 0.002778802344833911 0.002562813690491363 0.0027788023448339113 0.0028018707516328676 0.0013438399120697128 0.0012876401069450963 0.0013438399120697128 0.0012756335953937562 0.0013182001158703886 0.0012435114229391467 0.0013182001158703886 0.0012756335953937562
0.07400180221200282 0.08247695903023806 0.07400180221200282 0.11745509600966762 0.13192536649006847 0.14447545791309108 0.13192536649006847 0.11745509600966762 0.010910430782919155 0.010647532721913404 0.010910430782919155 0.013578727362621884 0.015468298014101826 0.01512322048783466 0.015468298014101826 0.013578727362621884 0.0023402999747882854 0.0025045034354100157 0.0023402999747882854 0.0020876766077900545 0.0018072560321001946 0.0019623886279471914 0.0018072560321001942 0.0020876766077900545 0.0004966677229314159 0.0005378090855774136 0.0004966677229314159 0.0004512550264460857 0.0003975453673033536 0.00043128549250591404 0.0003975453673033536 0.0004512550264460857
0.08200077440763753 0.07288704594674357 0.08200077440763753 0.1059460388124868 0.13025004443582652 0.12380272290913122 0.13025004443582652 0.1059460388124868 0.01570494871508952 0.014786737787230723 0.01570494871508952 0.01837267271865555 0.02060889632030244 0.020222122882169086 0.02060889632030244 0.01837267271865555 0.0027219789220271156 0.0027706887802224057 0.0027219789220271177 0.002367957177324305 0.0021631944827262104 0.002155265377800678 0.0021631944827262095 0.002367957177324305 0.00041963694838541223 0.00042853054169321117 0.00041963694838541223 0.00038140820505027875 0.0003565423305533224 0.00035869882287906845 0.0003565423305533224 0.00038140820505027875
0.08329182274960487 0.05857766333568021 0.08329182274960487 0.10205843676632796 0.13927822466985415 0.11236939806614359 0.13927822466985415 0.10205843676632796 0.014370366414739353 0.011230004598689466 0.014370366414739353 0.01618214368196536 0.019832642683980443 0.016575635507446725 0.019832642683980443 0.01618214368196536 0.005524774935994247 0.0061082344685765965 0.005524774935994246 0.0052687943692667485 0.004794356034990101 0.005285638140949364 0.004794356034990098 0.0052687943692667485 0.0011184731625426241 0.0011963605963877563 0.0011184731625426241 0.0010686904408468776 0.0010078103611067368 0.0010639927436872534 0.0010078103611067368 0.0010686904408468776
0.08699043476010677 0.05350330007426758 0.08699043476010677 0.11278743225132888 0.15142242897690086 0.1122234866975871 0.15142242897690086 0.11278743225132888 0.012412397172409004 0.009761137500037464 0.012412397172409004 0.014493645143888704 0.017095374430306835 0.014658815140804669 0.017095374430306835 0.014493645143888704 0.002220846075032451 0.0024165082976588324 0.00222084607503245 0.0019914555152372717 0.0018146574706834923 0.0019230152407673869 0.0018146574706834925 0.0019914555152372717 0.00040966580490625105 0.00043144847948224223 0.00040966580490625105 0.00037786818946803675 0.00034474321146686784 0.0003603905659238612 0.00034474321146686784 0.00037786818946803675
0.06260527180968117 0.05488285105261612 0.06260527180968117 0.09952298094620983 0.16559676577479812 0.15179029329053834 0.16559676577479812 0.09952298094620983 0.011723072238882666 0.011127918069291268 0.011723072238882666 0.015352042525477835 0.019695405026439197 0.01904509080225884 0.019695405026439197 0.015352042525477835 0.0018838720059678662 0.0019317423376066446 0.0018838720059678646 0.0015099068607622636 0.0012615299388361386 0.0012941659775591032 0.0012615299388361381 0.0015099068607622636 0.0002301537092402554 0.00023396059068436304 0.0002301537092402554 0.00019885541301317784 0.00017737743889794855 0.00017951050303241048 0.00017737743889794855 0.00019885541301317784
0.06839018849811718 0.0696187795723644 0.06839018849811718 0.10639634514505096 0.12864128727001267 0.15044395707197344 0.12864128727001267 0.10639634514505096 0.013129630250966322 0.013420982579420954 0.013129630250966322 0.01703288174381522 0.018813379564220224 0.02052404491257245 0.018813379564220224 0.01703288174381522 0.00501603432454282 0.004840082412578824 0.0050160343245428205 0.004395130354925713 0.004236931210333331 0.0038790818572357524 0.004236931210333332 0.004395130354925713 0.0007177738804680957 0.0006860273511279041 0.0007177738804680957 0.0006286449936844501 0.0006101664218421831 0.0005702569267678853 0.0006101664218421831 0.0006286449936844501
0.0510285241036735 0.0890900468414462 0.0510285241036735 0.11106549437463735 0.12850086107754508 0.20526194439355175 0.12850086107754508 0.11106549437463735 0.008960235752005455 0.010837141235036638 0.008960235752005455 0.01267923919831856 0.014440819766778202 0.017550591595870794 0.014440819766778202 0.01267923919831856 0.0024904103201094864 0.0023607154257017475 0.002490410320109487 0.002135496865170919 0.0019902714577681386 0.0018804878869042067 0.0019902714577681386 0.002135496865170919 0.0008368077601406678 0.0008006771428769952 0.0008368077601406678 0.0007903284657948211 0.0008170462946457305 0.0007473246054358077 0.0008170462946457305 0.0007903284657948211
0.05204611728435935 0.08984292260474495 0.05204611728435935 0.12209874832785649 0.11073333632724201 0.1910225053373579 0.11073333632724201 0.12209874832785649 0.009471563897788108 0.010609441043451918 0.009471563897788108 0.013791895806643348 0.014301297673283043 0.017286264825690553 0.014301297673283043 0.013791895806643348 0.0044672243688408005 0.004291673452812933 0.004467224368840799 0.003875712498457868 0.003881616931908467 0.003621390267063647 0.0038816169319084676 0.003875712498457868 0.0018028279747091872 0.001733289512585795 0.0018028279747091872 0.0017164209478305837 0.0017728200551409723 0.0016733487681718066 0.0017728200551409723 0.0017164209478305837
0.09354538885670866 0.052096352739855044 0.09354538885670866 0.10586962470160097 0.16612051069106976 0.09775906856521166 0.16612051069106976 0.10586962470160097 0.009363296960448892 0.006786107407963797 0.009363296960448892 0.010249188362303055 0.013296027340518171 0.009793451016977362 0.013296027340518171 0.010249188362303055 0.0028600212190921055 0.0030241768148367813 0.0028600212190921055 0.0027378734840506195 0.0025985113739375202 0.0027337237053074474 0.0025985113739375215 0.0027378734840506195 0.0018222727082106874 0.0018508757974898258 0.0018222727082106874 0.0018119845142031148 0.0017847144482647393 0.001837414631541524 0.0017847144482647393 0.0018119845142031148
0.06035476600259847 0.09954048201996121 0.06035476600259847 0.13057270762862935 0.11346975079747057 0.2060840330194187 0.11346975079747057 0.13057270762862935 0.006245340678393334 0.007703861760440667 0.006245340678393334 0.009499635475024271 0.009252458074598723 0.012095994862558775 0.009252458074598723 0.009499635475024271 0.0016572570170255354 0.0015196495770101687 0.0016572570170255356 0.0013650055572681083 0.001379472572699839 0.001234098297691022 0.0013794725726998392 0.0013650055572681083 0.0005585288275146837 0.0005193747145306347 0.0005585288275146837 0.0005120196851342005 0.0005411765843898802 0.00048626794689495033 0.0005411765843898802 0.0005120196851342005
0.07761391513551165 0.062438588239902296 0.07761391513551165 0.10781856321207454 0.1322691622944602 0.12677939738258553 0.1322691622944602 0.10781856321207454 0.01459100428188331 0.012735695052690666 0.01459100428188331 0.01736756086034991 0.019435346498244407 0.018551568536820526 0.019435346498244407 0.01736756086034991 0.004031351680295251 0.0042374007921060445 0.004031351680295251 0.003765207838615891 0.0035968976930972406 0.0036953969697812827 0.003596897693097242 0.003765207838615891 0.001350360690735386 0.0013753741587052412 0.001350360690735386 0.0013152146694734134 0.0012807246214962046 0.0013159599149334823 0.0012807246214962046 0.0013152146694734134
0.07114932086351683 0.058395700216874485 0.07114932086351683 0.10766020360706482 0.14093182755189632 0.13422730597393007 0.14093182755189632 0.10766020360706482 0.012748269363648642 0.011731196622530027 0.012748269363648642 0.016218357070187768 0.018599919248749743 0.018427603550054995 0.018599919248749743 0.016218357070187768 0.004984335036275575 0.004964023655692686 0.0049843350362755775 0.004492175697029563 0.0043455754453883486 0.004191724867321004 0.004345575445388345 0.004492175697029563 0.0007889658330547334 0.0007732163865398898 0.0007889658330547334 0.0007062212316197731 0.0006907307703228146 0.0006574252895468992 0.0006907307703228146 0.0007062212316197731
0.07379394380738076 0.046634518795269524 0.07379394380738076 0.09482765281224785 0.1306852870119719 0.09627697068249637 0.1306852870119719 0.09482765281224785 0.014615919536096382 0.011633584307412834 0.014615919536096382 0.017545125386690133 0.022595639057791207 0.01934415795015363 0.022595639057791207 0.017545125386690133 0.013197848789685726 0.01355202425058801 0.01319784878968573 0.012247099437744813 0.011572124684418707 0.011533914556954 0.011572124684418712 0.012247099437744813 0.002569632448608044 0.0025862103331544587 0.002569632448608044 0.0023086220410535115 0.002194662433995804 0.0021315042286015606 0.002194662433995804 0.0023086220410535115
0.0367198582488657 0.11669135933633266 0.0367198582488657 0.13009555381348034 0.0861568955658052 0.24313051738638006 0.0861568955658052 0.13009555381348034 0.00794992876505114 0.011392023844515398 0.00794992876505114 0.013025471280098925 0.01255050075832038 0.017979702062935195 0.01255050075832038 0.013025471280098925 0.003700318361440006 0.0033434812645699694 0.003700318361440008 0.0031138044363239 0.0031192350508777856 0.0028062349279952934 0.0031192350508777856 0.0031138044363239 0.0015170404123378937 0.0014639433064460073 0.0015170404123378937 0.0014528839454511287 0.0014905107277642324 0.001408735139192086 0.0014905107277642324 0.0014528839454511287
0.07664234785378932 0.08982105703176126 0.07664234785378932 0.12117622955677079 0.13323229340005066 0.14699490744740176 0.13323229340005066 0.12117622955677079 0.009845528710051824 0.010575202212515443 0.009845528710051824 0.012532855234335142 0.013363503651996119 0.01388547427456479 0.013363503651996119 0.012532855234335142 0.0006556285577521289 0.0006188239039764623 0.000655628557752129 0.0005304385999434799 0.0004917140982152123 0.0004753128551060858 0.0004917140982152125 0.0005304385999434799 9.413890389206832e-05 9.118130165237558e-05 9.413890389206832e-05 8.370550555840486e-05 8.089523342797216e-05 7.948236145550406e-05 8.089523342797216e-05 8.370550555840486e-05
0.06417759396014136 0.07182995579735121 0.06417759396014136 0.11250398510483241 0.14095982746797175 0.15523848242172755 0.14095982746797175 0.11250398510483241 0.011663040337251109 0.01252231393366168 0.011663040337251109 0.015961582842591148 0.01784524066979529 0.01855823929128225 0.01784524066979529 0.015961582842591148 0.002055503809153427 0.0019553480434403433 0.0020555038091534276 0.0016190897983641395 0.0015110455268527987 0.0014639770183114977 0.0015110455268527994 0.0016190897983641395 0.0002596109076873984 0.0002500726218042242 0.0002596109076873984 0.00022077651870216312 0.00021021243089766172 0.00020659212393996356 0.00021021243089766172 0.00022077651870216312
0.08252823948911465 0.04588509137080903 0.08252823948911465 0.113102289032851 0.1796512938820198 0.1147935181925345 0.1796512938820198 0.113102289032851 0.00751012188684044 0.0062583033568846935 0.00751012188684044 0.009435432767672218 0.011937378485667902 0.010088403503303072 0.011937378485667902 0.009435432767672218 0.0012818357344353342 0.001371898249329655 0.001281835734435334 0.0011680900896809219 0.0010752856519886164 0.001144558049845276 0.0010752856519886161 0.0011680900896809219 0.000640034174314911 0.0006581432175864747 0.000640034174314911 0.0006320034092712337 0.0006142147024255746 0.0006476454471420975 0.0006142147024255746 0.0006320034092712337
0.06662118254049317 0.047440131882806456 0.06662118254049317 0.09206373808784996 0.13658187020053816 0.10931049963467084 0.13658187020053816 0.09206373808784996 0.018285013742257127 0.015238900447999467 0.018285013742257127 0.022070700260141185 0.027630986141586798 0.02417364038359213 0.027630986141586798 0.022070700260141185 0.0089769593705552 0.009490994629207801 0.008976959370555199 0.008195195652052002 0.007376975557391078 0.007771275248011145 0.007376975557391076 0.008195195652052002 0.0014882023759060432 0.0015359381311920394 0.0014882023759060432 0.0013541942687972687 0.0012373360356292824 0.0012739111761256186 0.0012373360356292824 0.0013541942687972687
0.0576094367906293 0.08927029906454714 0.0576094367906293 0.12297943684607297 0.12387437568324322 0.19341107831432827 0.12387437568324322 0.12297943684607297 0.008127302117605133 0.009123004105204606 0.008127302117605133 0.011632779343482806 0.012310736027978988 0.014456173322486329 0.012310736027978988 0.011632779343482806 0.0018722200238226797 0.0018668325700885752 0.00187222002382268 0.0016526181390837424 0.0015917369527460494 0.0015624429491191874 0.0015917369527460497 0.0016526181390837424 0.0008971640709319527 0.000870010195861123 0.0008971640709319527 0.0008629686700230104 0.0008881826996145071 0.0008422447478959606 0.0008881826996145071 0.0008629686700230104
0.06884078928241942 0.0637479742046013 0.06884078928241942 0.10573226208508354 0.14479336526375403 0.13623630073122656 0.14479336526375403 0.10573226208508354 0.011989787284899113 0.012062861891843274 0.011989787284899113 0.015587579281042603 0.017671889140932314 0.017951641023468405 0.017671889140932314 0.015587579281042603 0.0044420022036945695 0.004367514993259424 0.004442002203694568 0.004031698405910223 0.003943651224591127 0.0038345116558918713 0.003943651224591127 0.004031698405910223 0.0010143128615622376 0.000999770665264618 0.0010143128615622376 0.0009496201967819163 0.00094599463302421 0.0009135211070540733 0.00094599463302421 0.0009496201967819163
0.0786073146254621 0.07864231615430176 0.0786073146254621 0.11048717070809672 0.14956428274911757 0.15360997571030804 0.14956428274911757 0.11048717070809672 0.008615861731118977 0.008551142738056764 0.008615861731118977 0.01045015205306178 0.012264270782283745 0.012378850036296891 0.012264270782283745 0.01045015205306178 0.0008676432281081078 0.0008733201541228991 0.0008676432281081079 0.0007375944053892091 0.0006705710694598469 0.0006578005696954673 0.0006705710694598466 0.0007375944053892091 0.00010405662776066675 0.00010362349818532513 0.00010405662776066675 9.268695061191807e-05 8.711573981973116e-05 8.552979845202016e-05 8.711573981973116e-05 9.268695061191807e-05
0.0644318250554782 0.05828707228816749 0.0644318250554782 0.10126979337964935 0.14740718589870244 0.13570506088906223 0.14740718589870244 0.10126979337964935 0.013720445356568974 0.011997556074833904 0.013720445356568974 0.017057395673632455 0.021817143348387063 0.01962698892818462 0.021817143348387063 0.017057395673632455 0.005275743422349202 0.005714431142986981 0.005275743422349204 0.004791720646889248 0.004069966797106877 0.004479100517019085 0.004069966797106873 0.004791720646889248 0.0006036284554056219 0.000655872558079397 0.0006036284554056219 0.0005598032092392239 0.0004934380917798482 0.0005377389312891955 0.0004934380917798482 0.0005598032092392239
0.08798867882222958 0.044954647474147666 0.08798867882222958 0.09892918744101172 0.1718478438931178 0.10503460498442552 0.1718478438931178 0.09892918744101172 0.012772887271528645 0.009097811165169075 0.012772887271528645 0.014252228086672538 0.019107077320518355 0.014567684382482689 0.019107077320518355 0.014252228086672538 0.0019507727667157704 0.002298927770085101 0.00195077276671577 0.00173783806307213 0.0014451925180867108 0.0016868845521593452 0.0014451925180867108 0.00173783806307213 0.00030521298474035937 0.00034095578360331065 0.00030521298474035937 0.00028223544243510004 0.00025273611659550386 0.00027470243447909294 0.00025273611659550386 0.00028223544243510004
0.07258430692562552 0.06756446008163546 0.07258430692562552 0.10374089852894237 0.1423984125639591 0.13220246314525044 0.1423984125639591 0.10374089852894237 0.014133011212010714 0.01331159644110166 0.014133011212010714 0.017456500204562304 0.020531566051936987 0.019579547060729716 0.020531566051936987 0.017456500204562304 0.003103084298467163 0.003209648981350927 0.003103084298467163 0.0026862245815523367 0.002466222359614985 0.002491384569187837 0.002466222359614985 0.0026862245815523367 0.0004789903697555705 0.00047338238573550837 0.0004789903697555705 0.00041554931507000614 0.0003963735476778418 0.00038523741665870843 0.0003963735476778418 0.00041554931507000614
0.05435127618140081 0.0990127228180964 0.05435127618140081 0.1245614942658362 0.11469422109875643 0.20600713477547528 0.11469422109875643 0.1245614942658362 0.007587351790297017 0.009266027387576384 0.007587351790297017 0.01110299448193709 0.011588672736167016 0.014371951252065706 0.011588672736167016 0.01110299448193709 0.002227167864573635 0.002093160796981941 0.002227167864573634 0.001918166786426437 0.0018780167868699324 0.0017676178433473266 0.0018780167868699318 0.001918166786426437 0.0009844294822171516 0.0009484208876938572 0.0009844294822171516 0.000943309511858279 0.0009698716160531674 0.0009190190339766143 0.0009698716160531674 0.000943309511858279
0.07832766510101805 0.08587270614080426 0.07832766510101805 0.12133154287998535 0.13592827851694067 0.1584713027879675 0.13592827851694067 0.12133154287998535 0.007731579130713401 0.007750518987993879 0.007731579130713401 0.009551539055019657 0.010287333007080698 0.010836718890118089 0.010287333007080698 0.009551539055019657 0.0009035154395748871 0.0009068080402223265 0.0009035154395748877 0.0008254941431173651 0.0008100637167477703 0.0007901302831442084 0.0008100637167477704 0.0008254941431173651 0.0005082536750463695 0.0004948103078513599 0.0005082536750463695 0.000490836336748179 0.0005037259610322928 0.00047735063584900743 0.0005037259610322928 0.000490836336748179
0.08314391019595521 0.043934988559468265 0.08314391019595521 0.10824430955740985 0.14967678932773085 0.10565451330713961 0.14967678932773085 0.10824430955740985 0.0147456639381099 0.010610870158776587 0.0147456639381099 0.017319271299169693 0.02149998093386595 0.017358228772328153 0.02149998093386595 0.017319271299169693 0.0038251838192357884 0.004362128619425899 0.003825183819235788 0.0034230621497600942 0.002928715554567958 0.00329315634220317 0.0029287155545679577 0.0034230621497600942 0.0006966409660855323 0.0007794892070336444 0.0006966409660855323 0.0006319451667755378 0.0005611688456194667 0.000613341525052958 0.0005611688456194667 0.0006319451667755378
0.09408204453768497 0.0491926169933301 0.09408204453768497 0.11638701375692384 0.1511337340030498 0.10230069185866644 0.1511337340030498 0.11638701375692384 0.012777021373427563 0.009040565274617735 0.012777021373427563 0.014646237822826057 0.0170242268330228 0.013602487429604885 0.0170242268330228 0.014646237822826057 0.0015738782379045733 0.0018784109462101496 0.001573878237904574 0.0013698982680483203 0.001222129384798642 0.0014172702769976806 0.0012221293847986421 0.0013698982680483203 0.00028467595574556713 0.0003208902811627046 0.00028467595574556713 0.0002559274192426218 0.00023643426047843864 0.000260623233103948 0.00023643426047843864 0.0002559274192426218
0.057957911417238384 0.06753200827686508 0.057957911417238384 0.11598476394865473 0.1449578120576397 0.16535566384320718 0.1449578120576397 0.11598476394865473 0.008777087107033496 0.009750866005963213 0.008777087107033496 0.013110168050392095 0.01435099339492299 0.01607715959483987 0.01435099339492299 0.013110168050392095 0.003216944678128862 0.0030895673939953547 0.0032169446781288615 0.0027201151862546176 0.0026797774994177536 0.0025541937866270462 0.0026797774994177528 0.0027201151862546176 0.0010670136047769112 0.0010056232649149923 0.0010670136047769112 0.0009909557959491254 0.001028360763796456 0.0009511108251769919 0.001028360763796456 0.0009909557959491254
0.03676251592342583 0.11890100200621828 0.03676251592342583 0.12019127750052637 0.09255791739147613 0.26668609969053153 0.09255791739147613 0.12019127750052637 0.005024334697749976 0.008793967815714522 0.005024334697749976 0.00951770468482064 0.008249662887089212 0.014810285927214397 0.008249662887089212 0.00951770468482064 0.004535628816282439 0.004038315653130998 0.00453562881628244 0.0038846400818586596 0.004099019766180166 0.0035535819922142046 0.004099019766180167 0.0038846400818586596 0.0017621909175594781 0.0016666199655518998 0.0017621909175594781 0.0016554414724896803 0.0017284011442400195 0.0016126563820269282 0.0017284011442400195 0.0016554414724896803
0.06772514082197958 0.061716446116765855 0.06772514082197958 0.10716128297100562 0.1402527261764401 0.14598194457695318 0.1402527261764401 0.10716128297100562 0.012214343184212575 0.011965354370100156 0.012214343184212575 0.01610564728368482 0.019071873811593754 0.01936799216002905 0.019071873811593754 0.01610564728368482 0.0042553243073397825 0.004202397576556787 0.004255324307339784 0.0036640004769213845 0.0033776889519033745 0.0032394220296261714 0.0033776889519033767 0.0036640004769213845 0.000826049727874483 0.0008031781301777774 0.000826049727874483 0.0007129806570444293 0.0006717330449484848 0.0006456822098943704 0.0006717330449484848 0.0007129806570444293
0.08912335004256869 0.03576276684103523 0.08912335004256869 0.10218798045859248 0.18459327146499688 0.09252273048694601 0.18459327146499688 0.10218798045859248 0.00999074127389457 0.006727128739781092 0.00999074127389457 0.011021170662359277 0.015329835168319662 0.010953703173209756 0.015329835168319662 0.011021170662359277 0.0023861940878725204 0.00266390047159483 0.0023861940878725195 0.0022866826061700243 0.0020840746837967722 0.002283822944052175 0.0020840746837967727 0.0022866826061700243 0.0013884985075467272 0.001423543126139299 0.0013884985075467272 0.0013812272184276922 0.001355952631428833 0.0014044466052934236 0.001355952631428833 0.0013812272184276922
0.07569312252646272 0.06298458119125712 0.07569312252646272 0.11202720003217613 0.13558366009934783 0.13111903342857045 0.13558366009934783 0.11202720003217613 0.011724218650397104 0.011243043473233336 0.011724218650397104 0.015210699407380986 0.016891205481785087 0.017263509175943353 0.016891205481785087 0.015210699407380986 0.004971312843594233 0.004890685081116598 0.004971312843594235 0.0044275151280591335 0.004267607890118534 0.004027739074386089 0.0042676078901185376 0.0044275151280591335 0.0009607444819321626 0.0009241958765526471 0.0009607444819321626 0.0008379008265023703 0.000805096308785016 0.0007466453458578195 0.000805096308785016 0.0008379008265023703
0.07880796372341876 0.060926158426923574 0.07880796372341876 0.09952524978325963 0.13976467463683215 0.1176278730508497 0.13976467463683215 0.09952524978325963 0.014206606193340602 0.011132806034560556 0.014206606193340602 0.015996051825949518 0.020318153576761335 0.016715660390719957 0.020318153576761335 0.015996051825949518 0.006136036522332948 0.006832611986375343 0.006136036522332949 0.005819921211655437 0.005084428170578535 0.005771957596954308 0.005084428170578533 0.005819921211655437 0.0012783753683495646 0.0014256263619073055 0.0012783753683495646 0.0012055718253327766 0.0010445350074536248 0.0011921704611794857 0.0010445350074536248 0.0012055718253327766
0.05695328183973548 0.08624538220755877 0.05695328183973548 0.11578765115959998 0.12840661629993178 0.20084583953276183 0.12840661629993178 0.11578765115959998 0.008474500323975882 0.00967719132730667 0.008474500323975882 0.011816037841743666 0.013318788825196754 0.015858980388145164 0.013318788825196754 0.011816037841743666 0.0018413791569883457 0.0017430273397131158 0.0018413791569883453 0.001563592050839694 0.0014531086693927438 0.0013522926698633017 0.0014531086693927435 0.001563592050839694 0.0006552111803842411 0.0006280746394925826 0.0006552111803842411 0.0006201522361611809 0.0006407263169492137 0.0005871200933607553 0.0006407263169492137 0.0006201522361611809
0.08838907571762646 0.03080589154961213 0.08838907571762646 0.11199008054338774 0.1965794761742377 0.07936293303131228 0.1965794761742377 0.11199008054338774 0.007744414583797772 0.005767543504562184 0.007744414583797772 0.009497491867355892 0.01279118986786091 0.009357717810374823 0.01279118986786091 0.009497491867355892 0.001979945691993499 0.002168567348894527 0.001979945691993499 0.001801224893043097 0.0016063867216783187 0.0017932570104501131 0.0016063867216783193 0.001801224893043097 0.0007535150974678288 0.0007838819530655702 0.0007535150974678288 0.0007459848338670889 0.0007167438481454139 0.0007691481108048698 0.0007167438481454139 0.0007459848338670889
0.06269788539027503 0.08356141837386727 0.06269788539027503 0.12263472650243852 0.13251882864242742 0.1793837014724936 0.13251882864242742 0.12263472650243852 0.008688006810588154 0.009176282760266349 0.008688006810588154 0.011914088098414361 0.01290438970391584 0.014189567636510124 0.01290438970391584 0.011914088098414361 0.001245615330501281 0.0012395443102789403 0.0012456153305012807 0.0010133681664377435 0.0009726022382977111 0.0009454128460248867 0.0009726022382977115 0.0010133681664377435 0.0003115924777850913 0.0002913389996268185 0.0003115924777850913 0.0002797571713687979 0.00029785064386768763 0.0002553112482968051 0.00029785064386768763 0.0002797571713687979
0.06568877338700976 0.0722669392280323 0.06568877338700976 0.10879072464210544 0.1478077892580267 0.14602212688822458 0.1478077892580267 0.10879072464210544 0.01132597807736005 0.011056113069736197 0.01132597807736005 0.014467970592180917 0.018019054614253367 0.016951617772042214 0.018019054614253367 0.014467970592180917 0.0027078685699591888 0.0028292741679803385 0.0027078685699591888 0.0023630130082581448 0.0020165392324285026 0.0021282770188774044 0.0020165392324285026 0.0023630130082581448 0.0003303380105264064 0.00033874329949964987 0.0003303380105264064 0.00029286570399374265 0.0002586837288801494 0.0002677109056424219 0.0002586837288801494 0.00029286570399374265
0.07495987206484377 0.07297472923236263 0.07495987206484377 0.12422628426006746 0.133087645033487 0.15898871569497036 0.133087645033487 0.12422628426006746 0.008372500786617764 0.007452330153232648 0.008372500786617764 0.010715625267661974 0.011514199714456521 0.012128678153563057 0.011514199714456521 0.010715625267661974 0.0021078290687802106 0.0020866561377419946 0.002107829068780211 0.0018433428464239214 0.0018436777943487026 0.0017407011155947704 0.0018436777943487026 0.0018433428464239214 0.0009364025525649841 0.0009048892882028357 0.0009364025525649841 0.0008956771639294391 0.0009228998373880801 0.0008713874431920331 0.0009228998373880801 0.0008956771639294391
0.05687384563503159 0.10129516129134804 0.05687384563503159 0.13280952089627537 0.10859551695371909 0.202838864508381 0.10859551695371909 0.13280952089627537 0.0066852787854007265 0.008212990667339196 0.0066852787854007265 0.010094520653329164 0.00962238757817764 0.012654228834209472 0.00962238757817764 0.010094520653329164 0.002439007983895862 0.002292880304001566 0.0024390079838958615 0.00213521759299612 0.002158948616402392 0.0019929630144135315 0.002158948616402392 0.00213521759299612 0.0010223877377249673 0.0009735033431545989 0.0010223877377249673 0.000963421534346252 0.0010014241296195502 0.0009364518433152507 0.0010014241296195502 0.000963421534346252
0.0903648582796049 0.05634058783674793 0.0903648582796049 0.10796873202073284 0.17419066879754305 0.1104566448973526 0.17419066879754305 0.10796873202073284 0.008728326245167143 0.007236669421087965 0.008728326245167143 0.009950388888547669 0.012557795926188966 0.010614273396843616 0.012557795926188966 0.009950388888547669 0.0009095202939222214 0.0009637806460714695 0.0009095202939222216 0.0007733634760586727 0.0007092018009678566 0.0007352804752470765 0.0007092018009678565 0.0007733634760586727 0.00017358526423976535 0.0001896112288385423 0.00017358526423976535 0.00016708263493279317 0.00014946797476911896 0.00017716889246083967 0.00014946797476911896 0.00016708263493279317
0.07806936853510031 0.06925585183541574 0.07806936853510031 0.1081086829079001 0.1344958056268013 0.13787361666772208 0.1344958056268013 0.1081086829079001 0.012711474302284524 0.011821618274052098 0.012711474302284524 0.01510021847197812 0.017230109986371183 0.017098442510190177 0.017230109986371183 0.01510021847197812 0.00369313977490777 0.0037787707334229147 0.003693139774907772 0.003430586153816035 0.003184980921579114 0.0032076377302053417 0.0031849809215791143 0.003430586153816035 0.000660995181359599 0.0006740443161570086 0.000660995181359599 0.000610476558716136 0.0005618061302488644 0.0005747288307086043 0.0005618061302488644 0.000610476558716136
0.05592115452359172 0.08022699156158168 0.05592115452359172 0.11653919594213176 0.1373156331670621 0.18811675944475342 0.1373156331670621 0.11653919594213176 0.00780976812777721 0.00860888596251728 0.00780976812777721 0.011167870871098622 0.01254710762226664 0.014553091175616838 0.01254710762226664 0.011167870871098622 0.002432491478743659 0.0023549226364448566 0.00243249147874366 0.0021085389211389595 0.00204643436421034 0.001948066124230453 0.0020464343642103396 0.0021085389211389595 0.0010787388373376995 0.0010464152261798647 0.0010787388373376995 0.0010385788521587028 0.0010618902306928815 0.0010100619922551054 0.0010618902306928815 0.0010385788521587028
0.06538898867907833 0.05597882931196732 0.06538898867907833 0.09770623295836593 0.15792757455557682 0.13472768112304245 0.15792757455557682 0.09770623295836593 0.007126077748687096 0.006361359982907258 0.007126077748687096 0.0090359016172619 0.01168168787848071 0.01049556522821788 0.01168168787848071 0.0090359016172619 0.010451223537896162 0.010571874250792443 0.010451223537896162 0.010176982019143636 0.009984111324866532 0.010070205304448498 0.009984111324866532 0.010176982019143636 0.0018171011249019445 0.001754570439402035 0.0018171011249019445 0.0014975873963090371 0.001546940910296671 0.001359094857492549 0.001546940910296671 0.0014975873963090371
0.07890471477520561 0.04536684268280425 0.07890471477520561 0.09788969208506011 0.16478176065080596 0.10837175925789738 0.16478176065080596 0.09788969208506011 0.015155299435257777 0.01108918784707914 0.015155299435257777 0.01702667812535837 0.022746617946998712 0.017961332246170168 0.022746617946998712 0.01702667812535837 0.002830909522224807 0.0033079889112397464 0.0028309095222248076 0.00258110002171929 0.0021600797410183756 0.002476745367765725 0.0021600797410183756 0.00258110002171929 0.00043336552830501113 0.0004753187922504191 0.00043336552830501113 0.00040453040132107203 0.00036503745127275925 0.000391253525697399 0.00036503745127275925 0.00040453040132107203
0.035602637546311246 0.11210891069894974 0.035602637546311246 0.13997794790532558 0.09128973557753625 0.25506648266638815 0.09128973557753625 0.13997794790532558 0.005956520030413057 0.009649189869599891 0.005956520030413057 0.011219558613665265 0.009759794587316115 0.015635874823026464 0.009759794587316115 0.011219558613665265 0.0022030023046539756 0.0018523781865897404 0.002203002304653976 0.001724594043955469 0.001830279955554217 0.0015061385148970772 0.0018302799555542173 0.001724594043955469 0.0006618677929578466 0.0006223599989894796 0.0006618677929578466 0.0006171144516991229 0.0006449923006330659 0.0005825750215170122 0.0006449923006330659 0.0006171144516991229
0.048804831878242735 0.10086910844319838 0.048804831878242735 0.1325181634281727 0.09682142757282287 0.20457056945765903 0.09682142757282287 0.1325181634281727 0.008815465262773648 0.009068880533322374 0.008815465262773648 0.012774532711497158 0.012995588381226893 0.014676512624613398 0.012995588381226893 0.012774532711497158 0.004198382163026948 0.004476739665805508 0.004198382163026948 0.003838889853013388 0.0036781649484240357 0.0038582591274736486 0.003678164948424036 0.003838889853013388 0.0017460256839968357 0.00171610831140747 0.0017460256839968357 0.001667871707967567 0.0017059736072700797 0.0016331874396504772 0.0017059736072700797 0.001667871707967567
