0.058384897447277075 0.06694478128008956 0.058384897447277075 0.10448557468533433 0.15514784861255065 0.1625660722007434 0.15514784861255065 0.10448557468533433 0.010219821876463892 0.010752682257347625 0.010219821876463892 0.013865925911237179 0.017036857892076106 0.01767904177967471 0.017036857892076106 0.013865925911237179 0.003010222969517553 0.0028951899839905707 0.00301022296951755 0.00251158340169776 0.002289462440424123 0.0021225972027089594 0.0022894624404241246 0.00251158340169776 0.00044497616177430194 0.00042273349249086304 0.00044497616177430194 0.0003798150296695156 0.00036191593979224064 0.00033909706732495877 0.00036191593979224064 0.0003798150296695156
0.05168424115799577 0.049014726109983545 0.05168424115799577 0.0742717571763416 0.13721208458414513 0.13004974133484792 0.13721208458414513 0.0742717571763416 0.018816572905895324 0.01783333998646517 0.018816572905895324 0.02358958481745855 0.032498249561826044 0.030640560928132582 0.032498249561826044 0.02358958481745855 0.011887139895346548 0.01221004044974366 0.011887139895346548 0.010597205252646543 0.009192004606078446 0.009641474906367924 0.00919200460607845 0.010597205252646543 0.0015263234913778202 0.0015873008632853905 0.0015263234913778202 0.00137034457260228 0.001220606832973193 0.0012905857117993488 0.001220606832973193 0.00137034457260228
0.054571104291482674 0.057519982398961896 0.054571104291482674 0.10084251165275109 0.15366408826134273 0.15407651121374988 0.15366408826134273 0.10084251165275109 0.01284690897021122 0.012725114004632727 0.01284690897021122 0.017720267528870577 0.0221317651786515 0.021292159883919776 0.0221317651786515 0.017720267528870577 0.003940316814675377 0.0040564897302345715 0.003940316814675378 0.00332486997218343 0.0028734065618432588 0.003038776244914925 0.0028734065618432583 0.00332486997218343 0.00048515134350647957 0.000497507800024943 0.00048515134350647957 0.000420951801589153 0.00037867415610354867 0.00039342565713929646 0.00037867415610354867 0.000420951801589153
0.06504750623703574 0.06455610928300679 0.06504750623703574 0.10714516625840362 0.16614019122674492 0.15599219141662035 0.16614019122674492 0.10714516625840362 0.009277215501882086 0.007860369825132558 0.009277215501882086 0.011413207100443442 0.015244727989863252 0.0125446089583085 0.015244727989863252 0.011413207100443442 0.0012719484772983818 0.001550225504127421 0.0012719484772983833 0.0011388486356638142 0.0008917401954121745 0.0011720749750882525 0.0008917401954121746 0.0011388486356638142 0.0001564117669647206 0.0001842930246111407 0.0001564117669647206 0.00014557401368435612 0.00012323545331262815 0.00014858129968674632 0.00012323545331262815 0.00014557401368435612
0.0656461811934669 0.07313942504331106 0.0656461811934669 0.11328266771478299 0.14946707639266066 0.16775006978236623 0.14946707639266066 0.11328266771478299 0.008735778888360664 0.008757667624046674 0.008735778888360664 0.011546773792150949 0.01362061506895528 0.013823823260536751 0.01362061506895528 0.011546773792150949 0.001521438749195542 0.0015592814112678657 0.0015214387491955413 0.0012788630134221255 0.0011400805194168217 0.0011557979372642626 0.0011400805194168222 0.0012788630134221255 0.00018425127990862663 0.00018964183313590653 0.00018425127990862663 0.00016286020864482784 0.00014962906636050574 0.0001518613334194692 0.00014962906636050574 0.00016286020864482784
0.0519615689886359 0.05469164186015945 0.0519615689886359 0.0864844140732141 0.15371721315577452 0.12858765924780238 0.15371721315577452 0.0864844140732141 0.015216628636494046 0.014929510860342806 0.015216628636494046 0.020518491502944942 0.027254716251108656 0.025128326908928744 0.027254716251108656 0.020518491502944942 0.0083818211755383 0.008483445663012443 0.0083818211755383 0.0071404194194155685 0.006330461972303128 0.006492114165604366 0.006330461972303128 0.0071404194194155685 0.0010804411124598699 0.0010850712062867808 0.0010804411124598699 0.0009312480184628006 0.0008551788333417902 0.0008570238084757897 0.0008551788333417902 0.0009312480184628006
0.062713825113977 0.06828497393257907 0.062713825113977 0.09477201274422764 0.1526867306491136 0.16212447780449726 0.1526867306491136 0.09477201274422764 0.01279809257900033 0.01288495317700479 0.01279809257900033 0.015939511427265143 0.020387862761035738 0.020445138686695355 0.020387862761035738 0.015939511427265143 0.00224449330047349 0.002309534396249803 0.002244493300473491 0.0018923372569165584 0.0015683863635531405 0.0016297602477369341 0.0015683863635531407 0.0018923372569165584 0.00031788124555595724 0.000331419325870012 0.00031788124555595724 0.0002884123385368517 0.0002530836042806205 0.0002644836614947279 0.0002530836042806205 0.0002884123385368517
0.07283073950827534 0.0714293963092062 0.07283073950827534 0.09959941770130554 0.15419837109255566 0.14634483814836818 0.15419837109255566 0.09959941770130554 0.011327187317046256 0.01103665422936768 0.011327187317046256 0.013746626650645449 0.016811197078209685 0.01644543824248124 0.016811197078209685 0.013746626650645449 0.002173322983413366 0.0021933008412459713 0.002173322983413366 0.0018602566789768721 0.001693618853712318 0.001664200361228615 0.0016936188537123177 0.0018602566789768721 0.0003324467886953378 0.0003270249703484568 0.0003324467886953378 0.00029125198936618844 0.00027926377560603065 0.00027174606213752316 0.00027926377560603065 0.00029125198936618844
0.05057361724635457 0.07449010919921985 0.05057361724635457 0.09743191167943395 0.13551952585335733 0.17533495902763757 0.13551952585335733 0.09743191167943395 0.00991072272906739 0.01114008631739341 0.00991072272906739 0.013997272824729179 0.016838337959473045 0.018207783204239544 0.016838337959473045 0.013997272824729179 0.007751137239404195 0.0076389908414797696 0.007751137239404195 0.007062723997134419 0.0067512996229347755 0.006644265570732267 0.0067512996229347755 0.007062723997134419 0.002009868495731209 0.0019613056197949324 0.002009868495731209 0.00180782724311927 0.001774366282593741 0.0017252778728364712 0.001774366282593741 0.00180782724311927
0.06263057940586479 0.0466234778202019 0.06263057940586479 0.09656818969497524 0.17322193857237658 0.1342292462483885 0.17322193857237658 0.09656818969497524 0.012547132220328184 0.01100713593043255 0.012547132220328184 0.01606633881612492 0.02146079008580895 0.01908288746358076 0.02146079008580895 0.01606633881612492 0.0030581130047341656 0.0033122899170494606 0.0030581130047341656 0.0026015421035547486 0.0021846424716229795 0.002373086995827435 0.00218464247162298 0.0026015421035547486 0.0003701777192332771 0.0003952975613818008 0.0003701777192332771 0.00032981204665346296 0.0002934523307852326 0.0003111611190124738 0.0002934523307852326 0.00032981204665346296
0.08259144989799079 0.06979994547381414 0.08259144989799079 0.07419354692348898 0.16492107280277854 0.15117997245055942 0.16492107280277854 0.07419354692348898 0.011524172322385156 0.010626012840444971 0.011524172322385156 0.012068297670283413 0.01757406174220365 0.0164581144985059 0.01757406174220365 0.012068297670283413 0.00302918465589595 0.00313801585384881 0.0030291846558959516 0.002782426324788696 0.002364140060091917 0.0024986945825669934 0.0023641400600919182 0.002782426324788696 0.0005678039828112325 0.0005942657992853925 0.0005678039828112325 0.0005304702112900573 0.00046026619844659805 0.000491192916064384 0.00046026619844659805 0.0005304702112900573
0.054292007831880366 0.0569782886756734 0.054292007831880366 0.08370798588373222 0.1537188796720087 0.13404915618803998 0.1537188796720087 0.08370798588373222 0.013910658104827956 0.013038752820006775 0.013910658104827956 0.018274461194953837 0.024282375078131555 0.021652492767476862 0.024282375078131555 0.018274461194953837 0.009334337290248906 0.009515582256362223 0.0093343372902489 0.008278474343908448 0.007613105514477881 0.007698013608510277 0.007613105514477878 0.008278474343908448 0.0014140310106361817 0.0014223036511669704 0.0014140310106361817 0.0012485149802600193 0.0011654350777792533 0.0011648780670728378 0.0011654350777792533 0.0012485149802600193
0.06777703731906876 0.06859540767422495 0.06777703731906876 0.10137935452447183 0.14023445334776594 0.14862001144603645 0.14023445334776594 0.10137935452447183 0.013224895362013867 0.013306428170631658 0.013224895362013867 0.017039444320424993 0.019972647955829616 0.020272767790536526 0.019972647955829616 0.017039444320424993 0.0037856149557129637 0.0037939351467180396 0.003785614955712965 0.0031535969128066626 0.0028517494168267057 0.0028432654464922024 0.0028517494168267044 0.0031535969128066626 0.0005201316033597755 0.0005219686059367092 0.0005201316033597755 0.00045253495398275243 0.0004215111702064233 0.0004202720344828584 0.0004215111702064233 0.00045253495398275243
0.06458385534200985 0.06050120211795195 0.06458385534200985 0.10145305945120935 0.15050036990223714 0.13742889425221735 0.15050036990223714 0.10145305945120935 0.013442999490337067 0.013207073291278449 0.013442999490337067 0.01748524735664617 0.021283350985032496 0.020427990106587756 0.021283350985032496 0.01748524735664617 0.00392909139599644 0.0040490725323270305 0.00392909139599644 0.0033192255288255427 0.002921051086135727 0.0030749226340757423 0.0029210510861357284 0.0033192255288255427 0.0004796177771585459 0.000490764610059082 0.0004796177771585459 0.0004233040719949153 0.0003881102447000353 0.00040151519093600384 0.0003881102447000353 0.0004233040719949153
0.052501935608348684 0.07500848787429903 0.052501935608348684 0.10699979514585486 0.14798741829246534 0.1899033267835924 0.14798741829246534 0.10699979514585486 0.009138379877054521 0.010543156920151684 0.009138379877054521 0.013146793502387155 0.015761875523653008 0.017537826146533632 0.015761875523653008 0.013146793502387155 0.00209836391687648 0.0019947754526599202 0.002098363916876481 0.0016959435989889944 0.001498468509491511 0.0014244169588715136 0.0014984685094915108 0.0016959435989889944 0.00027846818489672947 0.0002676512246846615 0.00027846818489672947 0.0002343333799594885 0.00021461761642202167 0.00020757232640943816 0.00021461761642202167 0.0002343333799594885
0.06299222111752543 0.06327238871567498 0.06299222111752543 0.10760275984162511 0.16021161826994507 0.1558412105045674 0.16021161826994507 0.10760275984162511 0.009193012237141352 0.009166339454734496 0.009193012237141352 0.012614571952402258 0.0153349889921465 0.015229331691294534 0.0153349889921465 0.012614571952402258 0.002534107176625664 0.002527564319557846 0.0025341071766256636 0.0021060517642717456 0.0019347969063329602 0.0019408970397826937 0.0019347969063329591 0.0021060517642717456 0.00041674098299082337 0.00041549988774038397 0.00041674098299082337 0.0003595715335683795 0.00033469474934128804 0.0003364973388145523 0.00033469474934128804 0.0003595715335683795
0.0642637978784194 0.07379494349760521 0.0642637978784194 0.1033517392540218 0.14774311735326767 0.16334102596205016 0.14774311735326767 0.1033517392540218 0.011573275218504663 0.011951750580438947 0.011573275218504663 0.01478053513379349 0.01811632018156153 0.018590283776081837 0.01811632018156153 0.01478053513379349 0.0016545513803578398 0.0016515873264981388 0.00165455138035784 0.0013562263654771185 0.0011640984782041869 0.0011574946781317066 0.0011640984782041873 0.0013562263654771185 0.00021104265715782004 0.00021017273118309398 0.00021104265715782004 0.0001859625016053378 0.000167711979834935 0.00016598468359931717 0.000167711979834935 0.0001859625016053378
0.06677762188245531 0.08536493160244181 0.06677762188245531 0.1048066035146834 0.13321260325403453 0.17192045123225483 0.13321260325403453 0.1048066035146834 0.010389717193618718 0.010941621372211049 0.010389717193618718 0.013324612901225167 0.015291497727169015 0.016245711004366805 0.015291497727169015 0.013324612901225167 0.003252580524372454 0.0033645441330792045 0.0032525805243724553 0.0029265599326589926 0.002659891062700761 0.0028738663711565145 0.002659891062700762 0.0029265599326589926 0.0005312164169403507 0.0005764931122296237 0.0005312164169403507 0.00048822705585910465 0.00044269944595252915 0.0005047193489194845 0.00044269944595252915 0.00048822705585910465
0.06758872857416323 0.08086058544282688 0.06758872857416323 0.10867354505103115 0.14230422509348126 0.16196197080784724 0.14230422509348126 0.10867354505103115 0.01075966263907373 0.010983973310396815 0.01075966263907373 0.013642580715818664 0.0161256344589566 0.016410784780042854 0.0161256344589566 0.013642580715818664 0.0014721784602746645 0.0015473985407110675 0.0014721784602746652 0.0012214897647752172 0.0010590022927911367 0.001105943223313389 0.001059002292791137 0.0012214897647752172 0.00019756564524871513 0.00020320823714006905 0.00019756564524871513 0.00017645213706822676 0.0001601308895563308 0.0001637442132438132 0.0001601308895563308 0.00017645213706822676
0.05974510949994481 0.07688782101774067 0.05974510949994481 0.10712212487991335 0.15587418852193416 0.1790855460860348 0.15587418852193416 0.10712212487991335 0.007471808806740156 0.009752891790084248 0.007471808806740156 0.011225371331015876 0.012266715731717993 0.01526014808665556 0.012266715731717993 0.011225371331015876 0.00162629897399215 0.0013163566740255017 0.0016262989739921497 0.00120325893650036 0.0012232900959898276 0.0009472589155639513 0.0012232900959898276 0.00120325893650036 0.00018217132110800774 0.00015558213258625808 0.00018217132110800774 0.00014613782529863267 0.00014763954039834193 0.00012616436820168898 0.00014763954039834193 0.00014613782529863267
0.05555330667341208 0.03928404389943922 0.05555330667341208 0.08129054323959356 0.15701554129967132 0.10265069463327817 0.15701554129967132 0.08129054323959356 0.016446577006083558 0.013157322225117141 0.016446577006083558 0.020763648130789115 0.02933171430737948 0.022331287803398613 0.02933171430737948 0.020763648130789115 0.01216667212978109 0.0132240114997268 0.01216667212978109 0.01111503302080625 0.00959350506532873 0.011180061167087283 0.009593505065328736 0.01111503302080625 0.001533829500592587 0.0017624512109034598 0.001533829500592587 0.0014145409700084882 0.0012295821464836517 0.0015011405811894225 0.0012295821464836517 0.0014145409700084882
0.08604998082500362 0.08818227011592913 0.08604998082500362 0.09554591962589323 0.14963446542464617 0.14655207379634402 0.14963446542464617 0.09554591962589323 0.010041128563654555 0.010265800157688604 0.010041128563654555 0.011249403652805098 0.01383531287533997 0.013742745137358089 0.01383531287533997 0.011249403652805098 0.0010359159052654202 0.0010200745324396867 0.00103591590526542 0.0008879106302125061 0.0007999339266664037 0.0007979662468322811 0.0007999339266664034 0.0008879106302125061 0.0001727538544022136 0.00016983879837637479 0.0001727538544022136 0.0001570806107611043 0.00014973792420396655 0.00015014357732321055 0.00014973792420396655 0.0001570806107611043
0.06399794424928229 0.06123972168972954 0.06399794424928229 0.09947373861844752 0.1463881422485306 0.15401191556585508 0.1463881422485306 0.09947373861844752 0.012696799858515802 0.010993139006529852 0.012696799858515802 0.015609923991845387 0.018958003537634428 0.01802320844422952 0.018958003537634428 0.015609923991845387 0.0045971305613008 0.005117793240253527 0.0045971305613008015 0.004187123334193935 0.0037724442829692806 0.004106771578810311 0.00377244428296928 0.004187123334193935 0.0009405559145417339 0.0010472141028044968 0.0009405559145417339 0.0008761402139462652 0.0008010120930363264 0.0008623185632989256 0.0008010120930363264 0.0008761402139462652
0.07665105146103393 0.08954394905765764 0.07665105146103393 0.11405184799161011 0.14276692864164883 0.14951732206156446 0.14276692864164883 0.11405184799161011 0.009145544660032682 0.009941988864462795 0.009145544660032682 0.01126407523560387 0.012372759536370442 0.012804596003023635 0.012372759536370442 0.01126407523560387 0.0007162791553349197 0.0006786697345158007 0.0007162791553349201 0.0005957906096855446 0.0005628721241316434 0.0005420418307750515 0.0005628721241316435 0.0005957906096855446 9.732169478139459e-05 9.402216090914372e-05 9.732169478139459e-05 8.779344701950479e-05 8.4718004134236e-05 8.344516431737435e-05 8.4718004134236e-05 8.779344701950479e-05
0.06379742003547292 0.054054554443275414 0.06379742003547292 0.09103335413697292 0.17274726244502084 0.1392587807104325 0.17274726244502084 0.09103335413697292 0.011541820568527891 0.010250927197755237 0.011541820568527891 0.014171402579224295 0.01941456466028458 0.017011957540094276 0.01941456466028458 0.014171402579224295 0.003977209666504679 0.004180712124592506 0.003977209666504681 0.0035195043879784177 0.0031158993081584424 0.003252426064306428 0.0031158993081584437 0.0035195043879784177 0.0007490707968693256 0.0007336473264160611 0.0007490707968693256 0.0006482833569083845 0.0006145251332056097 0.0005963604428710804 0.0006145251332056097 0.0006482833569083845
0.07760416055551554 0.09047758721471845 0.07760416055551554 0.1212029564651558 0.1404351592125647 0.15376194812322697 0.1404351592125647 0.1212029564651558 0.007268816219538761 0.007878652163743415 0.007268816219538761 0.009246968068161205 0.010173865972876296 0.01061660223447856 0.010173865972876296 0.009246968068161205 0.0006854979153301298 0.0006519781109381697 0.0006854979153301295 0.0005597955656707887 0.0005164846553752857 0.0004924636267165218 0.0005164846553752859 0.0005597955656707887 0.00010163192795267063 9.819827348310798e-05 0.00010163192795267063 8.883753669298814e-05 8.577680671268884e-05 8.266844960117179e-05 8.577680671268884e-05 8.883753669298814e-05
0.05514054552210357 0.06659887666741723 0.05514054552210357 0.10715424415792715 0.1382051447271232 0.16681351577795542 0.1382051447271232 0.10715424415792715 0.01142153846074208 0.012089651108377623 0.01142153846074208 0.01593335762871109 0.018237881373537462 0.01944619563905248 0.018237881373537462 0.01593335762871109 0.00486894026562921 0.004790276313740134 0.0048689402656292066 0.004213559087844194 0.003995074050584483 0.00386890634016314 0.003995074050584481 0.004213559087844194 0.0011200903220674181 0.0010749869536771284 0.0011200903220674181 0.0009751468889136083 0.0009414631201097005 0.0009036199890304665 0.0009414631201097005 0.0009751468889136083
0.06861099502689774 0.05385977570187537 0.06861099502689774 0.10429812183750731 0.170512240588367 0.13581115325646684 0.170512240588367 0.10429812183750731 0.01023264724021498 0.009154833214409212 0.01023264724021498 0.012677916335158758 0.016591864531685367 0.01494393155652272 0.016591864531685367 0.012677916335158758 0.002527934886853395 0.0026637429922215217 0.0025279348868533958 0.00218948984157092 0.001869137612055495 0.001984015208878675 0.001869137612055495 0.00218948984157092 0.00034991291226806363 0.0003735628597013372 0.00034991291226806363 0.00031623624760859163 0.0002802447767926489 0.00029550153596374966 0.0002802447767926489 0.00031623624760859163
0.08521015843519526 0.050962518425214307 0.08521015843519526 0.09318340849891277 0.2068261362778067 0.1280006276252345 0.2068261362778067 0.09318340849891277 0.003814137515447042 0.002974269486383372 0.003814137515447042 0.0039550120655740305 0.006263811070560625 0.004767282092011826 0.006263811070560625 0.0039550120655740305 0.0010746794912834675 0.001115748349435554 0.0010746794912834677 0.0010653972674083813 0.0010102239955594866 0.0010429050517344102 0.0010102239955594864 0.0010653972674083813 0.0007928526823331941 0.0008126830617264523 0.0007928526823331941 0.0007911556789086295 0.0007789912950518786 0.0007920373601767586 0.0007789912950518786 0.0007911556789086295
0.07947704913137457 0.05504549492723128 0.07947704913137457 0.09705429113903753 0.19133260152603626 0.13363612698363553 0.19133260152603626 0.09705429113903753 0.007431328282930309 0.0061005261052960846 0.007431328282930309 0.008398322245899698 0.011688497634541438 0.00973668296347012 0.011688497634541438 0.008398322245899698 0.0005583880189242528 0.0006411902600600648 0.0005583880189242533 0.0005035996156666535 0.0004134561701120408 0.0004692709720964444 0.00041345617011204054 0.0005035996156666535 8.698399490850116e-05 9.617337181974622e-05 8.698399490850116e-05 8.116961638566286e-05 7.219429455244704e-05 7.877107565194839e-05 7.219429455244704e-05 8.116961638566286e-05
0.05720021013132745 0.05415180741450028 0.05720021013132745 0.09687819881101549 0.13758890226455844 0.12355287553435645 0.13758890226455844 0.09687819881101549 0.015578016477064737 0.01478083314286096 0.015578016477064737 0.020551518121613762 0.02560704400178954 0.024011689089579253 0.02560704400178954 0.020551518121613762 0.00919607695700132 0.00936728413491017 0.009196076957001312 0.00816251189633787 0.00725595962572411 0.007430374383569074 0.007255959625724108 0.00816251189633787 0.0014917278963297912 0.001504294813705712 0.0014917278963297912 0.001312133821703544 0.0011848611385430355 0.0011865192005000194 0.0011848611385430355 0.001312133821703544
0.05281490119436045 0.07277591914302002 0.05281490119436045 0.10407204919731522 0.1339836730192338 0.18849357308755565 0.1339836730192338 0.10407204919731522 0.011987690345710407 0.014191997073781035 0.011987690345710407 0.01701978713277651 0.019492266634577482 0.023409058570896566 0.019492266634577482 0.01701978713277651 0.0030068692427237683 0.0026543833922711064 0.003006869242723769 0.0023637170980533345 0.0021803289931174377 0.0018540769648746416 0.0021803289931174377 0.0023637170980533345 0.0004031887250813572 0.0003673185234728512 0.0004031887250813572 0.0003393600006287448 0.0003182105851709394 0.0002895889066292466 0.0003182105851709394 0.0003393600006287448
0.06529075988528817 0.07460827157633647 0.06529075988528817 0.10518165443822396 0.14122461248590643 0.17002745673970213 0.14122461248590643 0.10518165443822396 0.01000428647389053 0.011304431395104097 0.01000428647389053 0.013640952333111361 0.015522643227213648 0.018134896168344104 0.015522643227213648 0.013640952333111361 0.00322856196521051 0.002875490866133187 0.0032285619652105105 0.002580733847825606 0.0024743111456317878 0.0020990804659160073 0.0024743111456317864 0.002580733847825606 0.0003933705630766131 0.0003412671812858981 0.0003933705630766131 0.00031863508075513484 0.0003113871215367659 0.00026528847183719586 0.0003113871215367659 0.00031863508075513484
0.05932665278613946 0.06985526272719567 0.05932665278613946 0.11266394898081095 0.15359117789416218 0.16916105378252583 0.15359117789416218 0.11266394898081095 0.008726777079670105 0.009372245350078537 0.008726777079670105 0.012066974614584745 0.01434885753664417 0.015045407213440219 0.01434885753664417 0.012066974614584745 0.0019653269971835496 0.0018790769755848123 0.0019653269971835483 0.0016271089978642979 0.0014843298698428455 0.0014147121820832066 0.0014843298698428457 0.0016271089978642979 0.0002359240119003469 0.0002257136247724692 0.0002359240119003469 0.0002036272702121477 0.00019099184022752127 0.00018313238583472362 0.00019099184022752127 0.0002036272702121477
0.06869480197061052 0.06320010259264111 0.06869480197061052 0.10492967250290718 0.1620874067657414 0.15438160429000927 0.1620874067657414 0.10492967250290718 0.009636725341678615 0.009232651780435478 0.009636725341678615 0.01201499378051199 0.01498263185279482 0.01458907411561036 0.01498263185279482 0.01201499378051199 0.0017111315446405098 0.001768781133943887 0.0017111315446405092 0.0014894375278729356 0.0013002086483928541 0.0013380524337011266 0.001300208648392854 0.0014894375278729356 0.0002482496360243125 0.00024735025257743566 0.0002482496360243125 0.00022160530424947304 0.000204335189964981 0.00019998327030213326 0.000204335189964981 0.00022160530424947304
0.04586995331256151 0.0788378988180079 0.04586995331256151 0.1019650845114423 0.12228723742778314 0.1908995773703 0.12228723742778314 0.1019650845114423 0.012531876826748887 0.01554264375659363 0.012531876826748887 0.018446162234587525 0.02106184339331566 0.025149095227972335 0.02106184339331566 0.018446162234587525 0.005726515427369535 0.005343062338554947 0.005726515427369535 0.004812673008548135 0.004492327419276339 0.004178238893631632 0.00449232741927634 0.004812673008548135 0.0008062759578631034 0.0007588463190680083 0.0008062759578631034 0.0006870639824487738 0.0006493166051280066 0.0006179770617257765 0.0006493166051280066 0.0006870639824487738
0.06898322323606593 0.07323287138955584 0.06898322323606593 0.11330665712237466 0.1546993603537326 0.15457270861926772 0.1546993603537326 0.11330665712237466 0.008895088385951539 0.008792538126067093 0.008895088385951539 0.011408132265094479 0.0136763103549184 0.01332863468480384 0.0136763103549184 0.011408132265094479 0.0009634362340636856 0.001016839234106183 0.0009634362340636849 0.0008329293145338199 0.000722729411533791 0.0007662381347214265 0.0007227294115337912 0.0008329293145338199 0.00017482616111892972 0.00018652290456459158 0.00017482616111892972 0.00016103630411262536 0.00014873514096595927 0.0001587183379804803 0.00014873514096595927 0.00016103630411262536
0.07534187533959578 0.05464786865151347 0.07534187533959578 0.11688289674165242 0.17155367275520844 0.12926048976455312 0.17155367275520844 0.11688289674165242 0.007968035434309337 0.006926901309704747 0.007968035434309337 0.010285624766319446 0.012521997087451357 0.010857048364448302 0.012521997087451357 0.010285624766319446 0.0010573967761666068 0.0010927186165577171 0.0010573967761666064 0.000877697219154403 0.0008123898955134086 0.0008567103625732447 0.0008123898955134083 0.000877697219154403 0.00022842250114524156 0.00023993872705910943 0.00022842250114524156 0.00021539573172044924 0.00020104470617810468 0.00022542629476031905 0.00020104470617810468 0.00021539573172044924
0.058266604112109335 0.0671187933087852 0.058266604112109335 0.10268667230502018 0.14533868368435893 0.15122446322305275 0.14533868368435893 0.10268667230502018 0.012374945850027288 0.012136262535729985 0.012374945850027288 0.016079473494558898 0.020137380206608532 0.019612393062752666 0.020137380206608532 0.016079473494558898 0.004893796663822183 0.005064817986791778 0.004893796663822185 0.00437857186457927 0.0038466452278937014 0.004003506769933077 0.003846645227893703 0.00437857186457927 0.0006705054576487092 0.0006832293612740068 0.0006705054576487092 0.0005946052330765879 0.0005378981993323047 0.0005449691536086951 0.0005378981993323047 0.0005946052330765879
0.05040290798704477 0.07286975523539106 0.05040290798704477 0.09799521420882643 0.1396708346654304 0.1828646559546355 0.1396708346654304 0.09799521420882643 0.010233834174657924 0.011300678002972204 0.010233834174657924 0.013952491451503967 0.01802053158427724 0.019172839460740505 0.01802053158427724 0.013952491451503967 0.006423879108713387 0.006358725654376592 0.0064238791087133885 0.005722361440264838 0.0050562899269356205 0.005011857423197686 0.005056289926935623 0.005722361440264838 0.0010121183438757308 0.0009994452184104465 0.0010121183438757308 0.0009233699566460572 0.0008742843706046688 0.0008458086127139499 0.0008742843706046688 0.0009233699566460572
0.0739005456219257 0.07242467686247239 0.0739005456219257 0.10910831157086714 0.15465937385828385 0.14912596875540293 0.15465937385828385 0.10910831157086714 0.00932198475154422 0.00930264429956579 0.00932198475154422 0.011575656366293739 0.013756603357522032 0.013412094487777625 0.013756603357522032 0.011575656366293739 0.0013512858460820684 0.001340491652275674 0.0013512858460820684 0.001153319685917611 0.0010638960819255134 0.0010869202686736878 0.0010638960819255132 0.001153319685917611 0.00020887803761619013 0.00020649069153272194 0.00020887803761619013 0.0001858122595978241 0.00017481407725808925 0.00017974995263128518 0.00017481407725808925 0.0001858122595978241
0.09857328160731944 0.0788921018058635 0.09857328160731944 0.10295635555466202 0.13664403239031062 0.1308263657728526 0.13664403239031062 0.10295635555466202 0.010680911549802021 0.010336458610813512 0.010680911549802021 0.011868646280309014 0.013436804165568679 0.013793277076907308 0.013436804165568679 0.011868646280309014 0.0020478292127327612 0.001909962755392121 0.0020478292127327612 0.001773503491980143 0.0017383717305285958 0.0015745921137440176 0.0017383717305285954 0.001773503491980143 0.0004571949691882211 0.0004173660113697093 0.0004571949691882211 0.0003887599516874702 0.0003869009577147767 0.0003446921294497514 0.0003869009577147767 0.0003887599516874702
0.061520476135528135 0.07687477003650589 0.061520476135528135 0.10864935713713875 0.12235602483316037 0.14593653046680913 0.12235602483316037 0.10864935713713875 0.01545638522904749 0.01668718169689321 0.01545638522904749 0.020329821011624807 0.022692777486524675 0.024010463866416202 0.022692777486524675 0.020329821011624807 0.004120568437371097 0.004040404886713777 0.004120568437371094 0.0035568099147144923 0.0031844853206829957 0.0031554654782778944 0.0031844853206829957 0.0035568099147144923 0.0007614513960991984 0.0007519820419785695 0.0007614513960991984 0.0006905787538717911 0.0006352114787292645 0.0006353072574192416 0.0006352114787292645 0.0006905787538717911
0.06632615211382924 0.07569830532136095 0.06632615211382924 0.1113800777476202 0.14286161761953528 0.17258469442997 0.14286161761953528 0.1113800777476202 0.009213530741183003 0.010082315024831786 0.009213530741183003 0.012708621176529274 0.014545077800379667 0.016320356851172314 0.014545077800379667 0.012708621176529274 0.0015462701268834193 0.0014069369404687013 0.0015462701268834195 0.0011609662386341084 0.0010631926165355673 0.0009325985462101721 0.001063192616535568 0.0011609662386341084 0.00019952438465152384 0.0001867936999002628 0.00019952438465152384 0.00016408765075831593 0.00015337398917008788 0.0001430147746664035 0.00015337398917008788 0.00016408765075831593
0.06979534959576046 0.06369495635616475 0.06979534959576046 0.09737623395991077 0.1706169756624173 0.15571348749327044 0.1706169756624173 0.09737623395991077 0.009479413616814253 0.008927723356069537 0.009479413616814253 0.011657211250983391 0.015246562715412419 0.014402665307473448 0.015246562715412419 0.011657211250983391 0.0011511447809307775 0.001197126390672452 0.0011511447809307777 0.0009495379332234449 0.0008102170070335815 0.0008540702162405922 0.0008102170070335815 0.0009495379332234449 0.0001451442393767016 0.0001500814976931288 0.0001451442393767016 0.00012822224032812846 0.00011472018883437445 0.00011842300036443251 0.00011472018883437445 0.00012822224032812846
0.06926472710570868 0.07019438395301161 0.06926472710570868 0.11806343685418572 0.150991237084622 0.16402955730299737 0.150991237084622 0.11806343685418572 0.008243047182744202 0.008226818439049476 0.008243047182744202 0.010837304872932326 0.012444335370102033 0.012810508426945257 0.012444335370102033 0.010837304872932326 0.000643018697756135 0.0006461500997811718 0.000643018697756135 0.0005103102167987387 0.0004550332123394106 0.00045318132565623173 0.00045503321233941046 0.0005103102167987387 0.00010191446561077548 0.00010191099850520136 0.00010191446561077548 8.935220143605637e-05 8.346899391673999e-05 8.311693774803352e-05 8.346899391673999e-05 8.935220143605637e-05
0.04065159067576479 0.0920242324834163 0.04065159067576479 0.1048022163771088 0.10239129372673968 0.22309283644017536 0.10239129372673968 0.1048022163771088 0.011664210829676122 0.014551124125536585 0.011664210829676122 0.01693351736813179 0.018828658356903852 0.023678657678471653 0.018828658356903852 0.01693351736813179 0.006645308996919628 0.0064956350158987975 0.006645308996919624 0.005899948976177689 0.00538217314875101 0.005265422513611358 0.005382173148751012 0.005899948976177689 0.001182950910471716 0.0011520710485450718 0.001182950910471716 0.0010471934714294151 0.0009670807025691527 0.0009477336130576335 0.0009670807025691527 0.0010471934714294151
0.06724903106439484 0.07068188765805784 0.06724903106439484 0.11682186837937107 0.14906345103132068 0.15969238041901712 0.14906345103132068 0.11682186837937107 0.008426124761611156 0.00882596088324002 0.008426124761611156 0.011401641810978774 0.013179605286032035 0.013936516485522162 0.013179605286032035 0.011401641810978774 0.0018990547940816492 0.0017737338648841957 0.0018990547940816486 0.00158493434626825 0.001453912996346885 0.0013169713903092345 0.001453912996346885 0.00158493434626825 0.00023417842839143388 0.00021475198725885535 0.00023417842839143388 0.00019523345114473122 0.0001854455345348808 0.0001688335427577071 0.0001854455345348808 0.00019523345114473122
0.0722264555812078 0.06935085545738201 0.0722264555812078 0.10552864158346066 0.14918759304585982 0.15480659192393856 0.14918759304585982 0.10552864158346066 0.011230506345214983 0.010612685278077788 0.011230506345214983 0.013746298408186626 0.01660504285739188 0.01590349425619187 0.01660504285739188 0.013746298408186626 0.001528790638913658 0.0016398873716852104 0.0015287906389136584 0.0012941129752214726 0.0011222568679016501 0.001259416095913024 0.0011222568679016504 0.0012941129752214726 0.00020053936596251494 0.00021198504955028348 0.00020053936596251494 0.0001816367491100994 0.0001663962113578689 0.00017854330768314543 0.0001663962113578689 0.0001816367491100994
0.07084126684317878 0.08525022987001715 0.07084126684317878 0.10567867993052242 0.14588920918821582 0.17096022261998764 0.14588920918821582 0.10567867993052242 0.008963546117007897 0.009624669934954248 0.008963546117007897 0.011115957150224764 0.013180751399460325 0.014034620880368122 0.013180751399460325 0.011115957150224764 0.0010458527510570825 0.0010404072625515768 0.001045852751057082 0.000898543350378262 0.0008105695360126793 0.0007967416387030165 0.000810569536012679 0.000898543350378262 0.00019941721066288632 0.0001971640107873879 0.00019941721066288632 0.00017691296261872336 0.0001660652176996303 0.00016240046855209886 0.0001660652176996303 0.00017691296261872336
0.07371016422112585 0.07456636494760445 0.07371016422112585 0.11032620046043752 0.14166979857829567 0.15415494883609 0.14166979857829567 0.11032620046043752 0.010160577350480694 0.00992966229117676 0.010160577350480694 0.012737152971309994 0.01472673642639395 0.014825355306787271 0.01472673642639395 0.012737152971309994 0.002299572643637937 0.0023351960505737274 0.0022995726436379382 0.0019842132047746307 0.0018267809202996295 0.0018720846111865588 0.0018267809202996291 0.0019842132047746307 0.00046088898799583126 0.00046847059103345326 0.00046088898799583126 0.0004187935685055526 0.00040060060574802594 0.0004049574875370659 0.00040060060574802594 0.0004187935685055526
0.06265409340406343 0.06654301772213854 0.06265409340406343 0.09927701730499526 0.1563889992304427 0.16597399717284939 0.1563889992304427 0.09927701730499526 0.010603671786427042 0.010624702472239076 0.010603671786427042 0.013632528682647546 0.017360042487115295 0.017529427135759713 0.017360042487115295 0.013632528682647546 0.0025177166397765444 0.002530602237330608 0.002517716639776544 0.002149231504866535 0.001875917734985158 0.0018578796374885854 0.0018759177349851586 0.002149231504866535 0.0002839408971632573 0.000283380985677694 0.0002839408971632573 0.0002491307764289311 0.00022498568039865295 0.00022244037789559632 0.00022498568039865295 0.0002491307764289311
0.06854443490849058 0.06320647089654692 0.06854443490849058 0.10194545032987809 0.16488684610096851 0.1430675535871207 0.16488684610096851 0.10194545032987809 0.008897062455357926 0.008166738553997056 0.008897062455357926 0.010784218687244357 0.013740790796660211 0.012499094318335477 0.013740790796660211 0.010784218687244357 0.00318662581419604 0.0033929005123725362 0.0031866258141960402 0.002992049992891251 0.002773656204406831 0.002945925172047054 0.002773656204406831 0.002992049992891251 0.0014186764693688142 0.001436759382460482 0.0014186764693688142 0.0013958228347650233 0.0013784172311150037 0.0013964539264345343 0.0013784172311150037 0.0013958228347650233
0.05938003137199179 0.05145490807605708 0.05938003137199179 0.09493835522951642 0.1796422468569847 0.15955820970390733 0.1796422468569847 0.09493835522951642 0.009159966473282035 0.008378775606648414 0.009159966473282035 0.012055720855580477 0.016254187658561355 0.015061217026078688 0.016254187658561355 0.012055720855580477 0.0026973163785351494 0.0027793215536653453 0.0026973163785351494 0.0023087398281113084 0.002132091908783156 0.0021552151875900774 0.002132091908783155 0.0023087398281113084 0.0004595473224609937 0.00046706664375107255 0.0004595473224609937 0.00042391914755434556 0.0004120499013623791 0.000416940336853685 0.0004120499013623791 0.00042391914755434556
0.07184540713898824 0.08258052381128607 0.07184540713898824 0.10698777904216873 0.16108213862674986 0.17361728215015912 0.16108213862674986 0.10698777904216873 0.006150418490333862 0.006427672682135923 0.006150418490333862 0.007473422285433741 0.009396612147204258 0.009534139900552544 0.009396612147204258 0.007473422285433741 0.0002490200740824703 0.0002521610744820459 0.0002490200740824702 0.00021811306029977473 0.00017612140484693216 0.00018076454685603683 0.0001761214048469322 0.00021811306029977473 3.428794123508537e-05 3.410696366902422e-05 3.428794123508537e-05 3.1306834110167974e-05 2.7983960883470887e-05 2.8126858186064975e-05 2.7983960883470887e-05 3.1306834110167974e-05
0.06397099280790727 0.05803148372589183 0.06397099280790727 0.11152878864363794 0.15549683128812422 0.14833165506311738 0.15549683128812422 0.11152878864363794 0.0098903432481775 0.008666138366153637 0.0098903432481775 0.013418291542527208 0.015721450050466036 0.014441191831353166 0.015721450050466036 0.013418291542527208 0.0034353250683154084 0.003732898965859412 0.0034353250683154084 0.003025569473609562 0.00272315947482475 0.003029709165919535 0.00272315947482475 0.003025569473609562 0.0007176809667575193 0.0007106179098090073 0.0007176809667575193 0.0006420629151708777 0.0006434387215895165 0.0006284365696805888 0.0006434387215895165 0.0006420629151708777
0.06662392464808861 0.06773415912702667 0.06662392464808861 0.1163231246079531 0.15536536503431772 0.1535832292574963 0.15536536503431772 0.1163231246079531 0.00937127283148023 0.008835400109458163 0.00937127283148023 0.012311478245397084 0.01457825299580563 0.013758088197061535 0.01457825299580563 0.012311478245397084 0.0008760447867526131 0.0009684366577610806 0.0008760447867526134 0.0007212424596175627 0.0006263187860520547 0.0006920898825140116 0.0006263187860520547 0.0007212424596175627 0.00011443317667483654 0.00012160804748681468 0.00011443317667483654 0.00010077697721977206 9.26376944060726e-05 9.724423366488856e-05 9.26376944060726e-05 0.00010077697721977206
0.05031682738169027 0.10675649896130707 0.05031682738169027 0.11022642229021502 0.11969730517475845 0.22912443050222103 0.11969730517475845 0.11022642229021502 0.00741569959886977 0.010389019144079347 0.00741569959886977 0.01130354348219933 0.0119337175362992 0.01590477725617263 0.0119337175362992 0.01130354348219933 0.00206608040096122 0.0018957013318795474 0.0020660804009612205 0.001722671592895917 0.0016212656916954496 0.001521834716498706 0.0016212656916954503 0.001722671592895917 0.0002540210185617474 0.0002379928641242159 0.0002540210185617474 0.00021643067603871133 0.0002110007528814336 0.00019977402958440987 0.0002110007528814336 0.00021643067603871133
0.07319778920225445 0.06386200719472661 0.07319778920225445 0.08705542292613311 0.18429763944328698 0.1596114517721575 0.18429763944328698 0.08705542292613311 0.007995688882712954 0.0070748258318752725 0.007995688882712954 0.008821051880540208 0.01293149543201755 0.01120800749121224 0.01293149543201755 0.008821051880540208 0.00116157365334983 0.001294769090057734 0.0011615736533498293 0.0010519239409481538 0.0008557682086325784 0.0009970192440405148 0.0008557682086325779 0.0010519239409481538 0.00016194657568897557 0.00017872625662337948 0.00016194657568897557 0.0001519407424632691 0.00013146652320796348 0.00014577829683457523 0.00013146652320796348 0.0001519407424632691
