0.04550514702742238 0.1046285502716953 0.04550514702742238 0.13258443300633488 0.11013608939446876 0.23752438771802248 0.11013608939446876 0.13258443300633488 0.004851855133059532 0.008383202121654384 0.004851855133059532 0.009612652600456179 0.007743243147057646 0.013199282845322345 0.007743243147057646 0.009612652600456179 0.0018785875389655503 0.0015624565899871284 0.0018785875389655492 0.0014544562472415846 0.001644125977852254 0.0013283422503027956 0.0016441259778522544 0.0014544562472415846 0.0003495477709214041 0.0003201554206862416 0.0003495477709214041 0.000302074231509309 0.0003203237122983486 0.0002885512071536371 0.0003203237122983486 0.000302074231509309
0.04018918977831804 0.10941475009047599 0.04018918977831804 0.1417657128232893 0.09130894902217852 0.24261061154184643 0.09130894902217852 0.1417657128232893 0.004046120271693748 0.007032198613799446 0.004046120271693748 0.008098400779789352 0.0061927701503528484 0.010975712447924788 0.0061927701503528484 0.008098400779789352 0.004506252619820881 0.004258021106640347 0.004506252619820881 0.004158848703085752 0.004328134944322792 0.004070639961378894 0.004328134944322791 0.004158848703085752 0.001621603833379561 0.0015571653711845515 0.001621603833379561 0.0015077861091996585 0.0015716723487646399 0.001490018098359469 0.0015716723487646399 0.0015077861091996585
0.042763299952846466 0.11454417392562675 0.042763299952846466 0.13214346658447665 0.10050887461596103 0.2600983414812002 0.10050887461596103 0.13214346658447665 0.004033929242012204 0.008439498826945443 0.004033929242012204 0.008962278684617738 0.006392213898241821 0.012760402562193797 0.006392213898241821 0.008962278684617738 0.0019318219346777749 0.00147257720370667 0.0019318219346777749 0.0014405312513146675 0.0016894469447907643 0.0012472442819441395 0.0016894469447907648 0.0014405312513146675 0.00024653403630276854 0.00020224099548773049 0.00024653403630276854 0.00019742000084256898 0.00021680225368683121 0.00018228192335266208 0.00021680225368683121 0.00019742000084256898
0.06061010363435497 0.07709321708813335 0.06061010363435497 0.11427982997476613 0.14653492382318395 0.18276760223703908 0.14653492382318395 0.11427982997476613 0.006974605636011351 0.009147257499285433 0.006974605636011351 0.010602621482278158 0.010938310451729508 0.014366797045246653 0.010938310451729508 0.010602621482278158 0.002201417095620474 0.0017726674663007833 0.002201417095620474 0.0017071380338679087 0.0019191140199101297 0.0013586030187952847 0.00191911401991013 0.0017071380338679087 0.00028534462611164613 0.00023281831731240463 0.00028534462611164613 0.00022470919464053765 0.0002487518785048494 0.00020729762592776226 0.0002487518785048494 0.00022470919464053765
0.05648626856128564 0.09658706858533321 0.05648626856128564 0.12007531163925411 0.113955026937566 0.18999818519585857 0.113955026937566 0.12007531163925411 0.008868995755071465 0.012055602613597402 0.008868995755071465 0.013428389781237119 0.012898433789203276 0.01734445786104151 0.012898433789203276 0.013428389781237119 0.0040720101306177155 0.0036109294026319926 0.004072010130617714 0.003464853922707194 0.003562961166142745 0.003017431295750966 0.003562961166142743 0.003464853922707194 0.0005352068875760757 0.0004658911540916961 0.0005352068875760757 0.0004468985517723736 0.00046734383727485486 0.0003970319722775737 0.00046734383727485486 0.0004468985517723736
0.030953299301387616 0.11547542547983936 0.030953299301387616 0.12076104756137047 0.07915733571024564 0.27170590306851766 0.07915733571024564 0.12076104756137047 0.004298010045012513 0.010215892239806028 0.004298010045012513 0.010821883666414255 0.006880584269829723 0.01650434407977955 0.006880584269829723 0.010821883666414255 0.007007584182149625 0.0062342439065715075 0.007007584182149625 0.00607183625428078 0.006667744706771046 0.005843095210109509 0.006667744706771044 0.00607183625428078 0.0036557608221520744 0.003592784866476481 0.0036557608221520744 0.00356382652336811 0.0036040687423579887 0.003542347578220368 0.0036040687423579887 0.00356382652336811
0.048352844789282805 0.09298537414411248 0.048352844789282805 0.12251036269388996 0.1171906986789212 0.21652009258976201 0.1171906986789212 0.12251036269388996 0.0074313357082494294 0.011865054723114176 0.0074313357082494294 0.013560767977001764 0.011809283759173202 0.01873272607965809 0.011809283759173202 0.013560767977001764 0.002495337016158733 0.0018795012523839998 0.0024953370161587304 0.0017755822595229725 0.0020894083679096212 0.001424732572183976 0.0020894083679096217 0.0017755822595229725 0.0003204318877511211 0.00025792202138553207 0.0003204318877511211 0.0002481048494046616 0.0002748041916789911 0.0002166722595107715 0.0002748041916789911 0.0002481048494046616
0.040777137623259935 0.07493994065112676 0.040777137623259935 0.10199885426060598 0.09922528034203357 0.16286911756650968 0.09922528034203357 0.10199885426060598 0.010240888314728872 0.015204845952254013 0.010240888314728872 0.017721029474806593 0.0176521925084292 0.02506948252529278 0.0176521925084292 0.017721029474806593 0.017759667176423563 0.01628794425938286 0.017759667176423563 0.015610360657882011 0.015614689822910803 0.013691711981909821 0.015614689822910794 0.015610360657882011 0.0025972651348678435 0.002377378784206426 0.0025972651348678435 0.002272046564202895 0.0022872760488414773 0.0020462024213321497 0.0022872760488414773 0.002272046564202895
0.0494785087900793 0.10068182172244858 0.0494785087900793 0.12619818742472394 0.10858384126578081 0.20209646508306306 0.10858384126578081 0.12619818742472394 0.006894867164532729 0.012625260802408396 0.006894867164532729 0.014396847565200866 0.010783128818223292 0.018844166838048095 0.010783128818223292 0.014396847565200866 0.004346841918336474 0.0034407232435334123 0.004346841918336473 0.0031846177489370203 0.0036405961044773537 0.002789647145674282 0.0036405961044773537 0.0031846177489370203 0.0006864567923474963 0.0005448840063997073 0.0006864567923474963 0.0005066181460455186 0.0005621297931790336 0.0004517480946969464 0.0005621297931790336 0.0005066181460455186
0.06102176002335183 0.07998342619364925 0.06102176002335183 0.08955304273079032 0.14361725493921665 0.20639625117330737 0.14361725493921665 0.08955304273079032 0.006083719025416011 0.008339929505330418 0.006083719025416011 0.008415914617461677 0.009661941668088685 0.013801359439764686 0.009661941668088685 0.008415914617461677 0.005828082842551756 0.005402012073162378 0.005828082842551756 0.00536886468421647 0.005480182588316616 0.004936439635355163 0.005480182588316618 0.00536886468421647 0.0014424570106645002 0.0013757466272504926 0.0014424570106645002 0.0013510449623476617 0.0014059798565527264 0.0013043454542305934 0.0014059798565527264 0.0013510449623476617
0.04562270973784218 0.07760509727159699 0.04562270973784218 0.1202122623580835 0.11705140745135148 0.20169805699010873 0.11705140745135148 0.1202122623580835 0.0033868137812513694 0.005153518133699981 0.0033868137812513694 0.00661332951064851 0.005690081247609194 0.008882196415566557 0.005690081247609194 0.00661332951064851 0.007164804308639582 0.007016855964503892 0.007164804308639582 0.0069288458032612955 0.007016869286876747 0.006853826863671739 0.0070168692868767465 0.0069288458032612955 0.006727774764083739 0.00668862473571198 0.006727774764083739 0.006653314362258164 0.006679610329588166 0.006606177742152353 0.006679610329588166 0.006653314362258164
0.028483795841516654 0.13039520347706818 0.028483795841516654 0.12554806621999134 0.07081069192767012 0.2763277524360087 0.07081069192767012 0.12554806621999134 0.006167635067503075 0.014643332465228502 0.006167635067503075 0.01495413899101992 0.01000381992899573 0.02163837096195941 0.01000381992899573 0.01495413899101992 0.005717232887594398 0.004461618169843609 0.005717232887594395 0.0043020236187426815 0.004978557165298801 0.0037448747418177574 0.004978557165298801 0.0043020236187426815 0.001023466915252277 0.0008032168901938491 0.001023466915252277 0.0007701469461828577 0.0008866241003651652 0.0006932316376139593 0.0008866241003651652 0.0007701469461828577
0.06722144791782546 0.08302404125242188 0.06722144791782546 0.11321243075143289 0.1358295012048308 0.1839763833201537 0.1358295012048308 0.11321243075143289 0.007102066816481083 0.008893958734704107 0.007102066816481083 0.010135745804162802 0.010711607500109582 0.013735563704417792 0.010711607500109582 0.010135745804162802 0.00270561706587123 0.0024506460421117138 0.0027056170658712286 0.002320398116675087 0.0022978403441049106 0.0020249817075903543 0.002297840344104911 0.002320398116675087 0.000397453031627366 0.00036144318188794104 0.000397453031627366 0.00034162530274188193 0.0003376428287162031 0.00030622868755387985 0.0003376428287162031 0.00034162530274188193
0.04030633676115778 0.1042964686747984 0.04030633676115778 0.11318686477255407 0.09801174456705018 0.25413483320790975 0.09801174456705018 0.11318686477255407 0.00703711679274255 0.013142460955073411 0.00703711679274255 0.01371570879287505 0.011118186874655886 0.021410630418222793 0.011118186874655886 0.01371570879287505 0.005005746684282432 0.004107831783068747 0.005005746684282433 0.004050072416785708 0.004540752867524479 0.0034210304311578345 0.004540752867524479 0.004050072416785708 0.000765465330304109 0.0006614606823122838 0.000765465330304109 0.0006513973262066739 0.0007219597300972419 0.0006025780149844731 0.0007219597300972419 0.0006513973262066739
0.02904654553386255 0.11253728878508759 0.02904654553386255 0.11880577034266597 0.08092707635858017 0.30389307844423563 0.08092707635858017 0.11880577034266597 0.005205755983829998 0.01190715896091666 0.005205755983829998 0.012124888102855351 0.008617838560260301 0.0201807560561361 0.008617838560260301 0.012124888102855351 0.005039259802745452 0.004199537416125472 0.0050392598027454525 0.004108143581168751 0.004606998162027351 0.0036652463919832124 0.004606998162027351 0.004108143581168751 0.0009559319840915608 0.0007860331941797841 0.0009559319840915608 0.0007633891801154933 0.0008699133580398472 0.000687878850849936 0.0008699133580398472 0.0007633891801154933
0.054910392069730696 0.08077904042888669 0.054910392069730696 0.1235343530516964 0.1358576358145114 0.2100204845562622 0.1358576358145114 0.1235343530516964 0.00366814580479187 0.006762430058091046 0.00366814580479187 0.00788650983164057 0.00634152041554147 0.011849102655795744 0.00634152041554147 0.00788650983164057 0.0031865907015207317 0.002633175907511343 0.003186590701520731 0.0025566432601309037 0.00279571034867467 0.002167304195101112 0.002795710348674671 0.0025566432601309037 0.0005825893841398186 0.0005317204461140939 0.0005825893841398186 0.0005210243630544917 0.0005452048839143345 0.00048410189354321107 0.0005452048839143345 0.0005210243630544917
0.053057876279139535 0.09541558284166052 0.053057876279139535 0.1132493437982156 0.13064241245532313 0.23637713283205225 0.13064241245532313 0.1132493437982156 0.0038630876340585312 0.005306656201058959 0.0038630876340585312 0.006304755316314295 0.006223109440683705 0.008701745767423798 0.006223109440683705 0.006304755316314295 0.002603223662274374 0.0024429542384048443 0.0026032236622743734 0.0023416933995242073 0.002464781432419922 0.002277393813950633 0.002464781432419922 0.0023416933995242073 0.0010808867107842887 0.000990659133192421 0.0010808867107842887 0.0009502072913038943 0.0010089845436665557 0.0009071512448406391 0.0010089845436665557 0.0009502072913038943
0.05122671483808709 0.09067254454831335 0.05122671483808709 0.11639750969137513 0.123856717545218 0.21865568475677566 0.123856717545218 0.11639750969137513 0.0066257235700416545 0.01029037352950139 0.0066257235700416545 0.011430641606416783 0.010635433300216934 0.016457884951814404 0.010635433300216934 0.011430641606416783 0.0030126768575736208 0.002497122447639731 0.0030126768575736208 0.0023850950057771663 0.0025730963244222577 0.002039338655354889 0.002573096324422258 0.0023850950057771663 0.0004443618043506458 0.0003858586495664916 0.0004443618043506458 0.00036657932283098483 0.0003822898061069569 0.0003275131161997379 0.0003822898061069569 0.00036657932283098483
0.030028370935011355 0.12365226117115466 0.030028370935011355 0.1479429280879678 0.06935843614816692 0.27004205736086506 0.06935843614816692 0.1479429280879678 0.004266919599532139 0.009517355942829434 0.004266919599532139 0.010599884439322626 0.006650776334612608 0.014973498670756234 0.006650776334612608 0.010599884439322626 0.005243570454294191 0.004597660583886982 0.005243570454294193 0.004441731391225085 0.004831892519884583 0.00404519675911375 0.004831892519884585 0.004441731391225085 0.0009099399653826508 0.0007984821036575082 0.0009099399653826508 0.0007600215926995844 0.0008073588150009359 0.0006898268415353251 0.0008073588150009359 0.0007600215926995844
0.0527300611225643 0.0996648145020184 0.0527300611225643 0.12877552993155075 0.10578307678115303 0.21766833748824466 0.10578307678115303 0.12877552993155075 0.006206162717673509 0.011092023305130367 0.006206162717673509 0.012592370344740473 0.009264314465167971 0.01711936535350149 0.009264314465167971 0.012592370344740473 0.0031280364643053124 0.0023963123271716607 0.0031280364643053132 0.0022899909863081155 0.0027457025324874183 0.001977227072947689 0.002745702532487418 0.0022899909863081155 0.000456587023344212 0.00035577041471820427 0.000456587023344212 0.00034271817529046806 0.0003956415510154303 0.00030576534506560597 0.0003956415510154303 0.00034271817529046806
0.053181217130625874 0.09122682118775044 0.053181217130625874 0.1308733284763737 0.12110896970458987 0.2077069678580145 0.12110896970458987 0.1308733284763737 0.0066178572350870275 0.00921140915729401 0.0066178572350870275 0.01100044878673048 0.01007082778230166 0.014097175889756772 0.01007082778230166 0.01100044878673048 0.0015376705521867899 0.0012515912081872635 0.0015376705521867899 0.0011596819391811726 0.001298348163840837 0.0010184234428427135 0.0012983481638408365 0.0011596819391811726 0.00025927733355292734 0.0002144293321103675 0.00025927733355292734 0.00020610271483323557 0.00022945501623528714 0.0001868122529661659 0.00022945501623528714 0.00020610271483323557
0.06019723703250088 0.07032734591774026 0.06019723703250088 0.10114129968045608 0.14620905963156478 0.17686464505629307 0.14620905963156478 0.10114129968045608 0.010180603137931057 0.009959390221377052 0.010180603137931057 0.012984454996269221 0.017048695863352833 0.01682387621446371 0.017048695863352833 0.012984454996269221 0.003769979640260022 0.003945924766446158 0.003769979640260019 0.00340508958449579 0.002882545122718535 0.003034489570484996 0.0028825451227185352 0.00340508958449579 0.0004643854433117324 0.0004949645561435659 0.0004643854433117324 0.00042890813357924704 0.0003664389877138137 0.00039196918874311867 0.0003664389877138137 0.00042890813357924704
0.0579690393342193 0.08734207831240944 0.0579690393342193 0.12171711928033024 0.13133208268964588 0.203575098958005 0.13133208268964588 0.12171711928033024 0.004349068351964295 0.006373321273103373 0.004349068351964295 0.00774849334087109 0.006897934527078242 0.01020965201240448 0.006897934527078242 0.00774849334087109 0.0032263765385315804 0.0029832292589821972 0.003226376538531582 0.0028513657014191704 0.003011613984314062 0.002713078305226916 0.003011613984314064 0.0028513657014191704 0.0011106065836418806 0.0010800074920253434 0.0011106065836418806 0.0010524968390479407 0.0010718447193248922 0.001047450607065974 0.0010718447193248922 0.0010524968390479407
0.05266489424285591 0.09920805305355838 0.05266489424285591 0.12359046452915722 0.11773660351235168 0.22075513049784123 0.11773660351235168 0.12359046452915722 0.003683002083082952 0.0072302733428177115 0.003683002083082952 0.008193236399921693 0.005650640189715064 0.011345578515384577 0.005650640189715064 0.008193236399921693 0.003981061554431402 0.0033639345736863097 0.003981061554431401 0.0032598178430575976 0.0037969212391463923 0.003069438412484267 0.0037969212391463936 0.0032598178430575976 0.001341249860352 0.0012007708163886213 0.001341249860352 0.0011754119382654453 0.001283254542923215 0.001113704917317802 0.001283254542923215 0.0011754119382654453
0.047060208763369374 0.09023890541297536 0.047060208763369374 0.11722396513938685 0.11904199585953569 0.2201084662562764 0.11904199585953569 0.11722396513938685 0.004962400427857098 0.008246740250293427 0.004962400427857098 0.009681793192464516 0.008077022893523543 0.013526372740021412 0.008077022893523543 0.009681793192464516 0.005288381579787111 0.004762374656408411 0.005288381579787108 0.004598623599707493 0.004975023385333637 0.004338579497168125 0.004975023385333635 0.004598623599707493 0.0021588693624582946 0.0021186110813578834 0.0021588693624582946 0.0020983595420058583 0.002125718775095362 0.0020752250644493417 0.002125718775095362 0.0020983595420058583
0.05087755043036066 0.08380597462869735 0.05087755043036066 0.12196542477511568 0.12850930172507943 0.21708976803457622 0.12850930172507943 0.12196542477511568 0.006479236868923063 0.008925151799826652 0.006479236868923063 0.010541701623140536 0.010393029436746979 0.014793485123185622 0.010393029436746979 0.010541701623140536 0.00234291038402238 0.001997216943297283 0.0023429103840223813 0.0018694719557492176 0.0019454384391135585 0.0015732937282533614 0.0019454384391135568 0.0018694719557492176 0.00028037049132201053 0.0002454361269756355 0.00028037049132201053 0.00023561046401309724 0.00024030233459964708 0.0002089757588153202 0.00024030233459964708 0.00023561046401309724
0.05305772085900358 0.09541643194977352 0.05305772085900358 0.1132495987140481 0.1306416374764521 0.23637702293786367 0.1306416374764521 0.1132495987140481 0.0038633171771009344 0.005307216093388637 0.0038633171771009344 0.006305101268183755 0.006222912270542595 0.008701773696756798 0.006222912270542595 0.006305101268183755 0.0026030691596563996 0.002442690649390664 0.002603069159656399 0.0023415022926010463 0.002464800200640989 0.0022773142659354424 0.0024648002006409896 0.0023415022926010463 0.0010809295434762152 0.0009906262820498957 0.0010809295434762152 0.0009502081050099665 0.0010090451550918563 0.000907239681226197 0.0010090451550918563 0.0009502081050099665
0.03699113521231016 0.10919688337499904 0.03699113521231016 0.1230486993034395 0.09171547001383792 0.25451890577072306 0.09171547001383792 0.1230486993034395 0.004841662249986113 0.009229504562721908 0.004841662249986113 0.009979915482584636 0.00785004038641015 0.014549588133594861 0.00785004038641015 0.009979915482584636 0.006540593596498155 0.006162979480383976 0.006540593596498155 0.005940827071830502 0.006074259584872586 0.0058204718419874926 0.006074259584872586 0.005940827071830502 0.001909258782824314 0.0018177727929682866 0.001909258782824314 0.001774784331216366 0.0018115787323103336 0.0017474445463798978 0.0018115787323103336 0.001774784331216366
0.055456992521814935 0.08982478582650767 0.055456992521814935 0.10755753221694125 0.1327271870156395 0.21311028295772858 0.1327271870156395 0.10755753221694125 0.005993004583060483 0.008158028898318641 0.005993004583060483 0.008997710243732 0.009420571751696784 0.012949073617672694 0.009420571751696784 0.008997710243732 0.003621177560254954 0.003389847121589453 0.0036211775602549546 0.0032899158440911837 0.0033057760174845362 0.0030457271691989134 0.0033057760174845367 0.0032899158440911837 0.0011185557175563258 0.0011028090390590541 0.0011185557175563258 0.0010908712725261735 0.0010945868116619788 0.0010716822570047823 0.0010945868116619788 0.0010908712725261735
0.050938680924702634 0.0950790281154111 0.050938680924702634 0.1033072963107864 0.10417481844813592 0.20213649160688954 0.10417481844813592 0.1033072963107864 0.008871411719087513 0.013074169731508304 0.008871411719087513 0.014979245639054091 0.014079701629205589 0.020827296480718974 0.014079701629205589 0.014979245639054091 0.009596046197652721 0.008642585686287698 0.009596046197652726 0.007930699536618544 0.008247507663723801 0.007020372266725518 0.008247507663723796 0.007930699536618544 0.001301831209687589 0.0011541128640762757 0.001301831209687589 0.0010468428298636328 0.001087786805111755 0.0009422054211221154 0.001087786805111755 0.0010468428298636328
0.029860923354449873 0.12141072446870169 0.029860923354449873 0.13992037065754506 0.06789977416016324 0.297311523337286 0.06789977416016324 0.13992037065754506 0.004401542691071024 0.012544421526726607 0.004401542691071024 0.01321291379794307 0.007173863328481991 0.020239374083478347 0.007173863328481991 0.01321291379794307 0.003498673834096144 0.0021100121859964544 0.0034986738340961458 0.0020506965980170502 0.0029113697543327872 0.0015735659992084585 0.0029113697543327885 0.0020506965980170502 0.0004896443893990868 0.0003079367719418126 0.0004896443893990868 0.00030265061102945155 0.000401114202007108 0.00025536686958890195 0.000401114202007108 0.00030265061102945155
0.04681559108404849 0.09720831144706048 0.04681559108404849 0.12001285042501571 0.10143436971134742 0.22220434926251553 0.10143436971134742 0.12001285042501571 0.006399032449326868 0.010767817030033927 0.006399032449326868 0.011913025807023877 0.009887807341935062 0.017430145550699612 0.009887807341935062 0.011913025807023877 0.00727380890428541 0.006289385677440689 0.007273808904285409 0.006083021911117895 0.0065637962068131215 0.005315848315601878 0.0065637962068131215 0.006083021911117895 0.0011521105910041712 0.000974582076572534 0.0011521105910041712 0.0009377331964783568 0.0010121188737184288 0.0008390276358457592 0.0010121188737184288 0.0009377331964783568
0.05927506599594431 0.0928496369204783 0.05927506599594431 0.10652967528966652 0.1327070688394268 0.20377266206852146 0.1327070688394268 0.10652967528966652 0.007721624130133573 0.010530435847596234 0.007721624130133573 0.011296867411168723 0.011569847800190684 0.015784108613540175 0.011569847800190684 0.011296867411168723 0.0024153124125673325 0.002040206914953983 0.0024153124125673338 0.001925772335766452 0.002115035192992074 0.0016627599487830948 0.002115035192992073 0.001925772335766452 0.0003233786515598851 0.00027191923925919245 0.0003233786515598851 0.0002583386629665646 0.0002855846040757082 0.00024112779395044412 0.0002855846040757082 0.0002583386629665646
0.039902471481320395 0.10954336232640419 0.039902471481320395 0.11935637967694979 0.09204582414909632 0.24038688620090193 0.09204582414909632 0.11935637967694979 0.0063652278243363555 0.012508842790710977 0.0063652278243363555 0.013240038586065865 0.009670678577774752 0.019331732825718023 0.009670678577774752 0.013240038586065865 0.006680957625045969 0.0054195626544765955 0.006680957625045971 0.005287631104376704 0.006201507501531299 0.004721707060714338 0.006201507501531301 0.005287631104376704 0.0015364277775222312 0.0012234973977605795 0.0015364277775222312 0.0011873383209739918 0.0014070806374429424 0.0011012822184401324 0.0014070806374429424 0.0011873383209739918
0.03322607219470955 0.11863595851733616 0.03322607219470955 0.12922169119754395 0.08429864846864157 0.2708298716918386 0.08429864846864157 0.12922169119754395 0.005618964249183432 0.011178473349742462 0.005618964249183432 0.011900083808427477 0.009242710287423064 0.017799020441065586 0.009242710287423064 0.011900083808427477 0.004399480785848567 0.003898592192435406 0.004399480785848567 0.0036724530138649665 0.003807172008988548 0.0032456963530201146 0.003807172008988548 0.0036724530138649665 0.0005268842116492153 0.00046280634569196975 0.0005268842116492153 0.00042580100819296807 0.0004407316450207095 0.00038819534988164095 0.0004407316450207095 0.00042580100819296807
0.07230633728871223 0.08664493941150023 0.07230633728871223 0.12359453520475133 0.13197284449108235 0.17558506077028063 0.13197284449108235 0.12359453520475133 0.006369960469820809 0.008132170371033953 0.006369960469820809 0.00947912070858158 0.008821810447570688 0.011917907185290493 0.008821810447570688 0.00947912070858158 0.0017235293438210718 0.0012992584788551888 0.0017235293438210711 0.0012469003521654897 0.0015590083628230294 0.0009324242070836691 0.0015590083628230294 0.0012469003521654897 0.00020055584003581182 0.00015253897393374718 0.00020055584003581182 0.0001486456852823181 0.00017873248297091158 0.00013173924678685654 0.00017873248297091158 0.0001486456852823181
0.05354390550528692 0.08671091932099471 0.05354390550528692 0.12262532941326915 0.12744814228452886 0.19505172403202833 0.12744814228452886 0.12262532941326915 0.006224966934981628 0.009268817975748633 0.006224966934981628 0.010965444218701829 0.010234686723627267 0.014859707588559755 0.010234686723627267 0.010965444218701829 0.003951637134721627 0.0033665086020596463 0.003951637134721627 0.003154295466525516 0.003331929403859654 0.0026699677798394123 0.003331929403859654 0.003154295466525516 0.0007482353050526153 0.0006344181003349364 0.0007482353050526153 0.0005996613262380054 0.000626400192733297 0.0005286687813817496 0.000626400192733297 0.0005996613262380054
0.03942516944019702 0.10858592798649457 0.03942516944019702 0.1370016100018107 0.09580838717360596 0.23414706049296413 0.09580838717360596 0.1370016100018107 0.0031043150127158187 0.007099631447138254 0.0031043150127158187 0.008170853419141475 0.0051404544862181266 0.011659018963360919 0.0051404544862181266 0.008170853419141475 0.007320406022199717 0.006388293568066708 0.007320406022199717 0.006209076223977515 0.006917770609994744 0.005569119833480662 0.006917770609994744 0.006209076223977515 0.001193022858854649 0.0009958604055549615 0.001193022858854649 0.0009599364005125549 0.00109860970376398 0.0008558645969553521 0.00109860970376398 0.0009599364005125549
0.042206750691947015 0.09942644872647802 0.042206750691947015 0.12950636457712303 0.09320964222630673 0.23213360261997248 0.09320964222630673 0.12950636457712303 0.006031470177881948 0.01278580843166411 0.006031470177881948 0.013944513064546114 0.009327607556557482 0.020966700386842327 0.009327607556557482 0.013944513064546114 0.006080333171494061 0.0044519303673833015 0.0060803331714940605 0.004331223228887746 0.005399899658506337 0.0033923135038474005 0.005399899658506341 0.004331223228887746 0.0010455540746542858 0.0007440229843584784 0.0010455540746542858 0.0007302548371600905 0.0009228125920147491 0.0006263212652946432 0.0009228125920147491 0.0007302548371600905
0.04603566671888418 0.10930162892060236 0.04603566671888418 0.14037029811505264 0.10994606827745497 0.22134737311385708 0.10994606827745497 0.14037029811505264 0.004390016231079798 0.00680067925099874 0.004390016231079798 0.008329414200142883 0.00686344487698659 0.010531893161357782 0.00686344487698659 0.008329414200142883 0.0020256908150851835 0.00191777605031372 0.0020256908150851835 0.0017833357864985373 0.0018516234074566578 0.0016937502358348056 0.001851623407456658 0.0017833357864985373 0.0006842700777703186 0.0006499304446992903 0.0006842700777703186 0.0006296347726863106 0.0006568801599600341 0.0006242819442200542 0.0006568801599600341 0.0006296347726863106
0.04917082350130758 0.09732035037943468 0.04917082350130758 0.11936788358824706 0.0941296583023003 0.18286254127384713 0.0941296583023003 0.11936788358824706 0.008308410831684288 0.011519969094878254 0.008308410831684288 0.013757466276960699 0.012509393192099585 0.01723317669774423 0.012509393192099585 0.013757466276960699 0.0103230246398014 0.009865753764448612 0.010323024639801403 0.009366678211345363 0.009450078869137244 0.008837465935522678 0.009450078869137242 0.009366678211345363 0.0025792713154479344 0.0024975963589876707 0.0025792713154479344 0.0023716599724831794 0.002438139743250391 0.002318169607006712 0.002438139743250391 0.0023716599724831794
0.05776078434012623 0.07792695636584834 0.05776078434012623 0.11907062031306119 0.1336173681789046 0.18493227530565573 0.1336173681789046 0.11907062031306119 0.005616619307368792 0.007376305497121978 0.005616619307368792 0.009271472586015817 0.008731375405041045 0.011869092155817542 0.008731375405041045 0.009271472586015817 0.00465495230206997 0.004319964713976257 0.004654952302069969 0.004132825751199558 0.0043744902167610015 0.003948671749909331 0.004374490216761004 0.004132825751199558 0.0019293425340797857 0.001900410687595613 0.0019293425340797857 0.0018792812680682 0.0018943724286353775 0.0018593142614120903 0.0018943724286353775 0.0018792812680682
0.05250183044679266 0.06172240113040619 0.05250183044679266 0.09821145599333675 0.12677462137759699 0.15015778419108025 0.12677462137759699 0.09821145599333675 0.007728157510779916 0.008887397109284455 0.007728157510779916 0.011526272370581231 0.012390990362631875 0.013537452451095031 0.012390990362631875 0.011526272370581231 0.01660779696106316 0.01640410205809892 0.01660779696106316 0.015572156950978551 0.015445370886699828 0.015432292222334068 0.015445370886699823 0.015572156950978551 0.002710513269815259 0.002695409269667322 0.002710513269815259 0.0024890797407463023 0.002398596536677246 0.002449476752634125 0.002398596536677246 0.0024890797407463023
0.04747682220100257 0.1035308777785609 0.04747682220100257 0.1359214828850568 0.09907413650147005 0.21348396844229786 0.09907413650147005 0.1359214828850568 0.0057473720102542165 0.010642945305518138 0.0057473720102542165 0.01223820120076294 0.0086226196951613 0.015854758756227064 0.0086226196951613 0.01223820120076294 0.004465058888973259 0.0037523918383862535 0.00446505888897326 0.00359062324486475 0.004091332747018474 0.003391415162488055 0.004091332747018475 0.00359062324486475 0.0009378083597140236 0.0008439248842372096 0.0009378083597140236 0.0008160852652596966 0.0008700687279779611 0.000796494377252482 0.0008700687279779611 0.0008160852652596966
0.07511391070195303 0.08427592021571398 0.07511391070195303 0.08001658063255862 0.15323484598449538 0.1869233512611088 0.15323484598449538 0.08001658063255862 0.006455687391230546 0.007364782337296071 0.006455687391230546 0.006549249794486378 0.009573210354399227 0.011148730165174328 0.009573210354399227 0.006549249794486378 0.005236253723287899 0.005035093468460353 0.005236253723287898 0.004992122340700631 0.0049472310091306145 0.0047128048410788395 0.004947231009130617 0.004992122340700631 0.001108993044880262 0.001052022173885348 0.001108993044880262 0.001015609600333318 0.0010205222068746876 0.0009588619686210548 0.0010205222068746876 0.001015609600333318
0.045793097530277806 0.10307641718294648 0.045793097530277806 0.13186610460469303 0.09421511772300326 0.2399543132323102 0.09421511772300326 0.13186610460469303 0.006383368897488823 0.009698080286345523 0.006383368897488823 0.011798925866094314 0.009392933948139302 0.015342299374966945 0.009392933948139302 0.011798925866094314 0.004212938712030007 0.003647839515676572 0.004212938712030009 0.003351944458332736 0.003720362029347638 0.002914014605031462 0.0037203620293476377 0.003351944458332736 0.0005547029586710025 0.0004946151099963125 0.0005547029586710025 0.00045529784914502406 0.00048042890060628386 0.00042197373706808036 0.00048042890060628386 0.00045529784914502406
0.05605551161711204 0.09080698492966978 0.05605551161711204 0.11181246778538773 0.13065032856460612 0.21484213184772097 0.13065032856460612 0.11181246778538773 0.006844574130569142 0.009297419036180294 0.006844574130569142 0.010276473776592762 0.010799838621412924 0.01468439261121652 0.010799838621412924 0.010276473776592762 0.0022522855118377373 0.0019815845103641457 0.0022522855118377364 0.0018567408779321453 0.001822856892791304 0.0015511278600918534 0.0018228568927913043 0.0018567408779321453 0.00030125568035259116 0.0002656566071720156 0.00030125568035259116 0.00025130386948678035 0.00025168845953670965 0.00022005102234849575 0.00025168845953670965 0.00025130386948678035
0.04628033037794873 0.09380172933425965 0.04628033037794873 0.09767206748318505 0.11476861689989022 0.2334893615684833 0.11476861689989022 0.09767206748318505 0.0067747586686312 0.009705108868520081 0.0067747586686312 0.010208737342475802 0.010779634815306456 0.015562994045877965 0.010779634815306456 0.010208737342475802 0.0076291213041464415 0.007331697334037102 0.007629121304146439 0.00711832884681443 0.00716372847930296 0.006888402928452224 0.007163728479302956 0.00711832884681443 0.0021531413615102682 0.0021003075495032116 0.0021531413615102682 0.0020107653823941292 0.002011757511491081 0.0019784214246730274 0.002011757511491081 0.0020107653823941292
0.0560179064016003 0.09062724342375625 0.0560179064016003 0.10547079426038065 0.11574937548922042 0.20491267702938068 0.11574937548922042 0.10547079426038065 0.008243236495187154 0.011576882986641106 0.008243236495187154 0.01226376146130792 0.012334908897890847 0.01796695109458233 0.012334908897890847 0.01226376146130792 0.0065388263271369245 0.005914569880904298 0.006538826327136921 0.005768536457014837 0.005889005016108413 0.0050754114891856114 0.0058890050161084055 0.005768536457014837 0.001038459172233242 0.0009168345327688924 0.001038459172233242 0.0008847170255167318 0.0009076615949020582 0.0007950523657817087 0.0009076615949020582 0.0008847170255167318
0.03998621305622211 0.09922200580491357 0.03998621305622211 0.12029765051847363 0.08998789872751987 0.2314058392366223 0.08998789872751987 0.12029765051847363 0.007636098914247628 0.01378119195235658 0.007636098914247628 0.015310695231344705 0.012390601355133193 0.022663845553546773 0.012390601355133193 0.015310695231344705 0.00794446346856504 0.006674762266055539 0.00794446346856504 0.006391179683124867 0.006932215145133858 0.005503783473563422 0.006932215145133861 0.006391179683124867 0.0010071187079606517 0.0008674310588537865 0.0010071187079606517 0.0008189253607488768 0.0008665834461990703 0.0007418534247410009 0.0008665834461990703 0.0008189253607488768
0.04903627814142846 0.0990536206287358 0.04903627814142846 0.1019203122952639 0.12036380831951565 0.24829593213954007 0.12036380831951565 0.1019203122952639 0.004956322643466777 0.007947153225542722 0.004956322643466777 0.008293763754274349 0.008076551228153187 0.013258892310962254 0.008076551228153187 0.008293763754274349 0.004355487561255181 0.004005083719485865 0.004355487561255183 0.003922287140504745 0.0040461402342417 0.003638387306993159 0.0040461402342417 0.003922287140504745 0.0017583869153094342 0.0017305946935218018 0.0017583869153094342 0.0017202525483253422 0.0017356830414624802 0.001699788328815891 0.0017356830414624802 0.0017202525483253422
0.045473154772641675 0.10974880036166128 0.045473154772641675 0.15257061104159933 0.10476611996026207 0.21176885309089452 0.10476611996026207 0.15257061104159933 0.004928245012548824 0.008069611887259987 0.004928245012548824 0.00972756227462124 0.0076462255295348105 0.011720676148122567 0.0076462255295348105 0.00972756227462124 0.0011187261855677485 0.000925113220900495 0.0011187261855677487 0.0008445783849944942 0.0009461252126795007 0.000761869921038277 0.0009461252126795007 0.0008445783849944942 0.0001408385388361939 0.00011881222991779243 0.0001408385388361939 0.00010976378151075528 0.00011982053076902784 0.00010272068907384577 0.00011982053076902784 0.00010976378151075528
0.04879183025573721 0.09924608701833328 0.04879183025573721 0.12485115348170729 0.10396434811243216 0.2174165168269802 0.10396434811243216 0.12485115348170729 0.00541389144655629 0.008567908812062893 0.00541389144655629 0.010045780327453459 0.008067093133857403 0.013108534235640578 0.008067093133857403 0.010045780327453459 0.00547643322920321 0.005140463111033289 0.005476433229203209 0.0049479820189496666 0.005178599443703769 0.004739135997154221 0.005178599443703768 0.0049479820189496666 0.0023559333911803166 0.0022897888760379597 0.0023559333911803166 0.002234328640091746 0.002293878020725609 0.002249062119561308 0.002293878020725609 0.002234328640091746
0.04321855007971857 0.11588425699536575 0.04321855007971857 0.11899002936523226 0.09957099527406849 0.2605660344272761 0.09957099527406849 0.11899002936523226 0.004257952271966541 0.008897352075188268 0.004257952271966541 0.008981937659042148 0.006495121493738053 0.014032413842100643 0.006495121493738053 0.008981937659042148 0.004390157826502871 0.0038634177316698563 0.004390157826502871 0.003793616092271408 0.004155730687194846 0.0034356765948009085 0.004155730687194846 0.003793616092271408 0.0007672251720133487 0.0006785103732442027 0.0007672251720133487 0.0006667750714464229 0.0007225364261083081 0.000621083121747723 0.0007225364261083081 0.0006667750714464229
0.041185804415677506 0.11265487239858078 0.041185804415677506 0.13312420366737487 0.08951703215506815 0.24845126256168484 0.08951703215506815 0.13312420366737487 0.0071472932496507696 0.013973270892353161 0.0071472932496507696 0.01519869569014271 0.01114644152158248 0.021150171302682978 0.01114644152158248 0.01519869569014271 0.0014972189255837679 0.0008129129669821431 0.0014972189255837668 0.0007519307871216412 0.0010869701253722434 0.0005589034865954513 0.0010869701253722428 0.0007519307871216412 0.0001778670389014918 0.00012040432316027241 0.0001778670389014918 0.00011521615427072382 0.00014123962110022508 9.837536426712469e-05 0.00014123962110022508 0.00011521615427072382
0.052939878332824764 0.08814701696437145 0.052939878332824764 0.1283780278428392 0.11727510416914182 0.21345602696429156 0.11727510416914182 0.1283780278428392 0.006065976460259496 0.01022712128167411 0.006065976460259496 0.011943541183914136 0.009452760062458362 0.016481215659066174 0.009452760062458362 0.011943541183914136 0.0025992226085323417 0.001954425291065063 0.002599222608532342 0.0018391865251031307 0.0021742937565102814 0.0015109858378834758 0.002174293756510281 0.0018391865251031307 0.00043532801830986503 0.0003387094848260518 0.00043532801830986503 0.0003251710284717064 0.0003723047796458318 0.00028290898080028713 0.0003723047796458318 0.0003251710284717064
0.048889275551046496 0.09348850235259197 0.048889275551046496 0.12580866293086948 0.11926886807164794 0.2414483583183134 0.11926886807164794 0.12580866293086948 0.004343239863299216 0.007254581585121532 0.004343239863299216 0.00859592752870681 0.007264655240388204 0.012398677042121144 0.007264655240388204 0.00859592752870681 0.0022134161833985855 0.0018690661938699851 0.0022134161833985864 0.001735345407531104 0.0018686022580802404 0.001490525980280659 0.0018686022580802386 0.001735345407531104 0.0003021199953307436 0.00025763884294441596 0.0003021199953307436 0.00024091846358700766 0.00025832408070471216 0.00021393853557573315 0.00025832408070471216 0.00024091846358700766
0.052664626892401686 0.09670736621229244 0.052664626892401686 0.13008117563831453 0.1185790071625754 0.21944491673331326 0.1185790071625754 0.13008117563831453 0.004695980556350934 0.007672555806289147 0.004695980556350934 0.008953124376118006 0.007181522134105462 0.012020819276564532 0.007181522134105462 0.008953124376118006 0.002412103601351319 0.002026437913863064 0.0024121036013513186 0.001960104655000857 0.002199055339854726 0.0017635898669220947 0.002199055339854725 0.001960104655000857 0.00041233821975549185 0.00034554137855189447 0.00041233821975549185 0.0003391947681541376 0.00037704451054376573 0.0003082171031510763 0.00037704451054376573 0.0003391947681541376
0.06272639545496309 0.085300467841051 0.06272639545496309 0.0752950586800434 0.1554226913348507 0.2184499038203985 0.1554226913348507 0.0752950586800434 0.006663595794837887 0.007569311841162671 0.006663595794837887 0.007034388743654795 0.010933097469173269 0.012548102835486226 0.010933097469173269 0.007034388743654795 0.0036176577836650077 0.003582794415360673 0.0036176577836650073 0.003563631372857824 0.003358837253559244 0.0033414870831798248 0.0033588372535592447 0.003563631372857824 0.0015503411411719869 0.0015333405390633502 0.0015503411411719869 0.0014923519650556249 0.0014578711598703799 0.0014427553168911951 0.0014578711598703799 0.0014923519650556249
