0.055129413658958584 0.0601379428426499 0.055129413658958584 0.10897020659576222 0.15410453854994605 0.15633851407939142 0.15410453854994605 0.10897020659576222 0.009300428064951485 0.009400278553756893 0.009300428064951485 0.01358121917652397 0.016019195465394747 0.016060760022935754 0.016019195465394747 0.01358121917652397 0.004982483967340467 0.004974440322817348 0.004982483967340466 0.004417043467494105 0.004258198825333228 0.004215707807216732 0.004258198825333228 0.004417043467494105 0.0009845906188020877 0.0009810837148954612 0.0009845906188020877 0.0008881380230131218 0.0008791130288787083 0.000862133771539031 0.0008791130288787083 0.0008881380230131218
0.04587615280709149 0.04349068576049946 0.04587615280709149 0.07909555281730617 0.12537321987976463 0.1145425696619539 0.12537321987976463 0.07909555281730617 0.012303262795583128 0.009857174969259225 0.012303262795583128 0.015788563988739197 0.02120625094620554 0.01759104808219545 0.02120625094620554 0.015788563988739197 0.0202854759889945 0.0209914581499271 0.0202854759889945 0.019414034243745586 0.018610320588600338 0.019186207314326503 0.018610320588600338 0.019414034243745586 0.007499979725626134 0.007549321345354043 0.007499979725626134 0.007214626651726173 0.007163358715161062 0.007129936419396391 0.007163358715161062 0.007214626651726173
0.05343999710270469 0.05068273053119853 0.05343999710270469 0.09130487338209528 0.15411128351417072 0.14476742552219588 0.15411128351417072 0.09130487338209528 0.014327480254744961 0.015206432712034805 0.014327480254744961 0.02068643929780261 0.025047889529020945 0.026486380414017015 0.025047889529020945 0.02068643929780261 0.005991850393868196 0.0056341471545355805 0.005991850393868198 0.004698098487244497 0.004383620668232829 0.004016562904485991 0.004383620668232828 0.004698098487244497 0.0007636127884587193 0.0007160188918824312 0.0007636127884587193 0.0006242711774454666 0.0005894086441318639 0.0005526513898081832 0.0005894086441318639 0.0006242711774454666
0.060421759572176575 0.04618527218040483 0.060421759572176575 0.09169416435653768 0.15684164920308105 0.126452074306252 0.15684164920308105 0.09169416435653768 0.013794502144460801 0.01261872633602287 0.013794502144460801 0.01838126345504939 0.023395942525507623 0.021703281604192937 0.023395942525507623 0.01838126345504939 0.007741896225195037 0.0077000190037096105 0.007741896225195034 0.006665322999793537 0.006392879470819815 0.00617197698118155 0.006392879470819815 0.006665322999793537 0.0011639133897577089 0.0011337567535723483 0.0011639133897577089 0.001024954686449767 0.0010181589645477582 0.0009620788479103284 0.0010181589645477582 0.001024954686449767
0.056618272854794684 0.04191775642743928 0.056618272854794684 0.09337764157383836 0.16083430413648225 0.12025279306867552 0.16083430413648225 0.09337764157383836 0.01429138342167072 0.012570036067052644 0.01429138342167072 0.019129896164121342 0.02508130722558888 0.022322587585579784 0.02508130722558888 0.019129896164121342 0.007999343270616145 0.008190261054762794 0.007999343270616143 0.007040127561138652 0.006311246053486186 0.006396778012501964 0.006311246053486186 0.007040127561138652 0.0009669175795749419 0.000993673378117689 0.0009669175795749419 0.0008555619204932309 0.0007760779162889186 0.0007919550496817374 0.0007760779162889186 0.0008555619204932309
0.04546768769553302 0.0467687354922743 0.04546768769553302 0.08698226609189895 0.13453014740298488 0.13462621089243704 0.13453014740298488 0.08698226609189895 0.01295632136933244 0.01319615773225997 0.01295632136933244 0.019104707054973302 0.023423373391183163 0.02348075359629217 0.023423373391183163 0.019104707054973302 0.015562118145288602 0.015385430993703663 0.015562118145288604 0.014060334570564994 0.013585983569321815 0.013315859732013163 0.01358598356932182 0.014060334570564994 0.0029584974327178147 0.0029110608311860744 0.0029584974327178147 0.0026597481696694998 0.0026010660879457843 0.002531288767005033 0.0026010660879457843 0.0026597481696694998
0.05466499036337551 0.04120223151755092 0.05466499036337551 0.09144328471164863 0.17120522029406945 0.1232631306558971 0.17120522029406945 0.09144328471164863 0.013239486472817318 0.01324478565888553 0.013239486472817318 0.01880663471654375 0.023531389014960304 0.023166805013467417 0.023531389014960304 0.01880663471654375 0.006788623446105071 0.006324551151998357 0.006788623446105069 0.005442278667065712 0.005291057771260416 0.004715197788264702 0.005291057771260419 0.005442278667065712 0.0010795465504735277 0.0009538875438472442 0.0010795465504735277 0.000848417691630725 0.0008508889060219986 0.0007457734581438416 0.0008508889060219986 0.000848417691630725
0.08420652694965612 0.04737584568034636 0.08420652694965612 0.10823213406383299 0.15269697619470635 0.11259510136887367 0.15269697619470635 0.10823213406383299 0.013093324439083067 0.010064878308866635 0.013093324439083067 0.015479226976914135 0.018817151506093786 0.016147912599824815 0.018817151506093786 0.015479226976914135 0.0031363659729684258 0.003341156723084399 0.003136365972968426 0.002775675845585807 0.002558541693620381 0.0026321805612489766 0.0025585416936203796 0.002775675845585807 0.0008112547703506985 0.0007988975229723026 0.0008112547703506985 0.000701720651731778 0.0006894572927775759 0.000647314520140545 0.0006894572927775759 0.000701720651731778
0.059892693335693345 0.05239471756911864 0.059892693335693345 0.09192260744314668 0.13448710461239993 0.1260541900658583 0.13448710461239993 0.09192260744314668 0.01661095622920974 0.015600697537135288 0.01661095622920974 0.022169079807828108 0.02553952439091055 0.025379165868359053 0.02553952439091055 0.022169079807828108 0.009458871050471407 0.009794314970854931 0.009458871050471404 0.008164431121914962 0.007835817251781367 0.008110536118035321 0.00783581725178137 0.008164431121914962 0.0013813247691645118 0.0015636255685696442 0.0013813247691645118 0.0012369951024731962 0.0011938309849593295 0.0013162801021626169 0.0011938309849593295 0.0012369951024731962
0.07342556164567343 0.030843883301138 0.07342556164567343 0.06032517144447593 0.22975186096484215 0.09755848989566111 0.22975186096484215 0.06032517144447593 0.009912242143383947 0.006908684637766228 0.009912242143383947 0.00974890591157354 0.01794109387249347 0.012588096672877315 0.01794109387249347 0.00974890591157354 0.00544304353303399 0.005824004705816956 0.005443043533033991 0.005296200941760292 0.004543704321280426 0.004910219372838327 0.004543704321280427 0.005296200941760292 0.0011210979401916389 0.0012030198646358367 0.0011210979401916389 0.0011031332134989282 0.0009587486971220319 0.0010220722906066524 0.0009587486971220319 0.0011031332134989282
0.05000038615313159 0.05989629165889276 0.05000038615313159 0.09100325094281224 0.1391386732877935 0.1743181712313765 0.1391386732877935 0.09100325094281224 0.011220409581026247 0.013148464457352464 0.011220409581026247 0.0158632179928426 0.019361607514284236 0.022887765272851825 0.019361607514284236 0.0158632179928426 0.009086749816408116 0.008374525362586012 0.009086749816408125 0.00789266725907725 0.007698593294552706 0.006752905886802955 0.0076985932945527105 0.00789266725907725 0.0016390926625842253 0.0015251441828974435 0.0016390926625842253 0.0014832275622310165 0.001485546245200308 0.0013498873233519935 0.001485546245200308 0.0014832275622310165
0.062429973387314916 0.055947526786272295 0.062429973387314916 0.10040406989274735 0.1384003134059094 0.14688331490989665 0.1384003134059094 0.10040406989274735 0.013515778221123083 0.011067574744620315 0.013515778221123083 0.016920313905414236 0.021719762304894908 0.018994285267053056 0.021719762304894908 0.016920313905414236 0.006959278147429008 0.007778832581191278 0.006959278147429008 0.0063562724038135005 0.005537226404608037 0.006322737080513776 0.00553722640460804 0.0063562724038135005 0.0011429784411485584 0.0012441650582416014 0.0011429784411485584 0.001042326317692208 0.0009441977945972247 0.0010165823188261658 0.0009441977945972247 0.001042326317692208
0.06365589486377066 0.058811199110724424 0.06365589486377066 0.11030862784042045 0.13468117734813823 0.14444355355894328 0.13468117734813823 0.11030862784042045 0.010685539685427424 0.011211939283722733 0.010685539685427424 0.01503071406004417 0.016729624311101737 0.0186013821914503 0.016729624311101737 0.01503071406004417 0.007488890391711662 0.007211958532739346 0.007488890391711662 0.006783472810706995 0.006608447863720251 0.006155869171107271 0.006608447863720252 0.006783472810706995 0.0013150874939625828 0.0012484996085494005 0.0013150874939625828 0.00118896285018215 0.0011449217024961421 0.0010728760993985007 0.0011449217024961421 0.00118896285018215
0.04977366796795357 0.05665455613839729 0.04977366796795357 0.0924013672552914 0.1341294575648715 0.15002628453660102 0.1341294575648715 0.0924013672552914 0.01251769075812355 0.013931773624584719 0.01251769075812355 0.018445825790557663 0.021486888310031208 0.02405221455158732 0.021486888310031208 0.018445825790557663 0.011640551968473379 0.011167105814702533 0.011640551968473372 0.01013173681145506 0.009841630709291135 0.009201777468587432 0.009841630709291137 0.01013173681145506 0.0019617239964995 0.0018878778852761077 0.0019617239964995 0.0017282499944055332 0.0016782486831811304 0.0016043303599943821 0.0016782486831811304 0.0017282499944055332
0.06750069097171854 0.06874397983195991 0.06750069097171854 0.11024021121895634 0.13536157604578952 0.17197634734486994 0.13536157604578952 0.11024021121895634 0.009226976646801392 0.010331141523105613 0.009226976646801392 0.013129562491674754 0.014863605935406548 0.017644372913589727 0.014863605935406548 0.013129562491674754 0.003972331618393252 0.003662062070746259 0.0039723316183932515 0.00328661714179007 0.0031638529768309074 0.0027639120317575574 0.003163852976830908 0.00328661714179007 0.0004881420790041955 0.0004444368861606191 0.0004881420790041955 0.0004088788802448006 0.00039797981354240924 0.00035289575750486075 0.00039797981354240924 0.0004088788802448006
0.06849459533755504 0.042707648194196014 0.06849459533755504 0.08564183693000703 0.18825193590853817 0.11898259695076387 0.18825193590853817 0.08564183693000703 0.009347488292803637 0.0071200065142831195 0.009347488292803637 0.010573811070010134 0.016065103734549616 0.01228250249218028 0.016065103734549616 0.010573811070010134 0.007003095259081467 0.0074232791020995914 0.0070030952590814655 0.006776435385410492 0.0060457448104744085 0.006576126127076803 0.00604574481047441 0.006776435385410492 0.0011225154793319285 0.0012006312673664625 0.0011225154793319285 0.0010715065235820296 0.0009456240518637026 0.0010278237856184654 0.0009456240518637026 0.0010715065235820296
0.07761282897958742 0.07989613811945116 0.07761282897958742 0.10988214917298675 0.1505134570205033 0.14754539167702882 0.1505134570205033 0.10988214917298675 0.008988591127929053 0.008929992099359614 0.008988591127929053 0.010857824268503189 0.012801276894615006 0.012515913460743721 0.012801276894615006 0.010857824268503189 0.0012211774408811154 0.0012638931001734829 0.0012211774408811154 0.0010755277088806564 0.0009717369367290489 0.0010223748287735593 0.0009717369367290492 0.0010755277088806564 0.00013223669895675506 0.00013751586977266082 0.00013223669895675506 0.00011960625531554761 0.000110275775270798 0.00011540428437961255 0.000110275775270798 0.00011960625531554761
0.06315743974152323 0.06599158749504765 0.06315743974152323 0.09870731628368988 0.1363884881780413 0.12928768933654633 0.1363884881780413 0.09870731628368988 0.01692875432862704 0.01820655704787365 0.01692875432862704 0.0219778413365176 0.024533446775010823 0.02520584629934269 0.024533446775010823 0.0219778413365176 0.004728038426237112 0.004347766813652482 0.00472803842623711 0.003863153859218313 0.003769992640535343 0.0034630711354029795 0.0037699926405353416 0.003863153859218313 0.0007507256735028809 0.0006927446390923883 0.0007507256735028809 0.0006451382558287203 0.000646910351512797 0.0006102455325516874 0.000646910351512797 0.0006451382558287203
0.05576142559210471 0.05110693511337755 0.05576142559210471 0.09298541907964829 0.14660899361598448 0.13160957079236965 0.14660899361598448 0.09298541907964829 0.015582021204647372 0.015556503528117504 0.015582021204647372 0.02151869207940126 0.02616423480142314 0.02626597410914612 0.02616423480142314 0.02151869207940126 0.007397002567230196 0.007185030501739202 0.007397002567230195 0.006124343331252838 0.00572979955476902 0.005424052096651087 0.005729799554769024 0.006124343331252838 0.0010221832988509315 0.0009659889787829405 0.0010221832988509315 0.0008497135667255856 0.0008182719666732828 0.0007617435623937046 0.0008182719666732828 0.0008497135667255856
0.07495298911846587 0.059721351367208485 0.07495298911846587 0.10920882344117469 0.16571198073665708 0.14240148908647052 0.16571198073665708 0.10920882344117469 0.0070827246401070805 0.006315898377606395 0.0070827246401070805 0.008753576455708142 0.010835824823532922 0.010127884536821539 0.010835824823532922 0.008753576455708142 0.002185468191084465 0.002191142643559466 0.0021854681910844632 0.002049316955644306 0.002018549908824789 0.001988983961806335 0.0020185499088247903 0.002049316955644306 0.001481671122831363 0.001481108717851267 0.001481671122831363 0.0014494871156996642 0.0014364925568485132 0.0014383311755180967 0.0014364925568485132 0.0014494871156996642
0.052220055129054185 0.048768555487902224 0.052220055129054185 0.09265576286884679 0.14663907644091262 0.14381144902829518 0.14663907644091262 0.09265576286884679 0.013820832483085228 0.013945296122881179 0.013820832483085228 0.019079527221024708 0.02355117662717844 0.024176320334439602 0.02355117662717844 0.019079527221024708 0.008840607547252799 0.00863582235566961 0.008840607547252799 0.007753232543372275 0.007295047265755519 0.007021630352935612 0.007295047265755522 0.007753232543372275 0.0013978214901400683 0.0013282105859805794 0.0013978214901400683 0.001201511142906406 0.0011543702693858101 0.0010946736740663119 0.0011543702693858101 0.001201511142906406
0.0558919685325386 0.05719681332102464 0.0558919685325386 0.10089095170649427 0.16103089534706222 0.1523580857630506 0.16103089534706222 0.10089095170649427 0.011722267120778847 0.010823687520491704 0.011722267120778847 0.015680707750065755 0.020669799431879812 0.018598093834592988 0.020669799431879812 0.015680707750065755 0.0037374880481331036 0.0039435756418796115 0.0037374880481331036 0.003181475162832544 0.002693392807717169 0.002886508526433269 0.0026933928077171694 0.003181475162832544 0.0004501492461466109 0.0004649842401304443 0.0004501492461466109 0.00038956632280198256 0.0003465044900314098 0.0003579192194321618 0.0003465044900314098 0.00038956632280198256
0.06485336657163816 0.05378148226496959 0.06485336657163816 0.10168938471655994 0.16440307441009328 0.14940810985213254 0.16440307441009328 0.10168938471655994 0.010549767442758635 0.009914582679705625 0.010549767442758635 0.013701574282306185 0.017933163898296165 0.01688219620972399 0.017933163898296165 0.013701574282306185 0.002922985149080602 0.0029874298808489188 0.0029229851490806015 0.0025535525318142725 0.0022066249094632147 0.0022839573004776207 0.0022066249094632147 0.0025535525318142725 0.0004325233942510213 0.00043794951543584004 0.0004325233942510213 0.00038522577971975615 0.0003449937349859613 0.0003518186547713614 0.0003449937349859613 0.00038522577971975615
0.05127145563389994 0.05399899515282611 0.05127145563389994 0.09814592232539995 0.14276067588497796 0.15183758325581748 0.14276067588497796 0.09814592232539995 0.009040507086085881 0.010675210783203899 0.009040507086085881 0.013933036268654686 0.015511071340644878 0.018352775389025643 0.015511071340644878 0.013933036268654686 0.010464688258240696 0.009637475704252548 0.010464688258240694 0.009289677711195227 0.009676869416713621 0.008413874965423392 0.00967686941671362 0.009289677711195227 0.003532370243170757 0.003312320434870148 0.003532370243170757 0.003284704610665783 0.0034065059114096064 0.0031367949324627095 0.0034065059114096064 0.003284704610665783
0.0616375394429606 0.06354673863289684 0.0616375394429606 0.10428179511102899 0.1522440186550351 0.16341969115332824 0.1522440186550351 0.10428179511102899 0.011098979714198362 0.010455843049459915 0.011098979714198362 0.014313399862623156 0.018072789912145063 0.01733924598897958 0.018072789912145063 0.014313399862623156 0.002765191299746148 0.002807308043126805 0.0027651912997461474 0.002345723075597273 0.0020819688526558153 0.002039054933005105 0.0020819688526558158 0.002345723075597273 0.00037480088742249915 0.00039267037171326793 0.00037480088742249915 0.0003317333730902737 0.00029696304832467133 0.0003096413578344083 0.00029696304832467133 0.0003317333730902737
0.06225127622369944 0.05188012354193889 0.06225127622369944 0.09179858650946847 0.15447164103832509 0.14333627617989364 0.15447164103832509 0.09179858650946847 0.015038275789123381 0.012934813093007903 0.015038275789123381 0.01801132563781866 0.02406836834154924 0.02209686796665125 0.02406836834154924 0.01801132563781866 0.004817069509451862 0.005146814717203019 0.004817069509451862 0.004251857101997275 0.0036334923710341165 0.0037516179893601967 0.0036334923710341165 0.004251857101997275 0.0005674157340834482 0.0006142184947452071 0.0005674157340834482 0.0005190656756149417 0.0004529137998993391 0.00047669255306937374 0.0004529137998993391 0.0005190656756149417
0.052878565782880395 0.050759611483484415 0.052878565782880395 0.09028288600061113 0.12472311985733707 0.13571008162406645 0.12472311985733707 0.09028288600061113 0.015642782045841505 0.014412563723117043 0.015642782045841505 0.020268226563898716 0.024291055177156608 0.02429374980112116 0.024291055177156608 0.020268226563898716 0.011789653924864044 0.01219509000483465 0.011789653924864042 0.01083014610191318 0.010173026614887924 0.010291188120495452 0.010173026614887925 0.01083014610191318 0.0038839005888635456 0.0038965023167620715 0.0038839005888635456 0.0037964051591529695 0.0037734899738528973 0.0037746973435987628 0.0037734899738528973 0.0037964051591529695
0.06451014059857264 0.043483034501516526 0.06451014059857264 0.09588132019437538 0.18185312409756788 0.1148583282235999 0.18185312409756788 0.09588132019437538 0.012224468133639883 0.010250266456001033 0.012224468133639883 0.015530102945426867 0.02074232672146566 0.01697123882646126 0.02074232672146566 0.015530102945426867 0.004041318483487575 0.004178144026159752 0.0040413184834875784 0.0034946702045501204 0.003216018893132978 0.0033246972633806248 0.0032160188931329805 0.0034946702045501204 0.0005397849842173597 0.0005518195279643314 0.0005397849842173597 0.0004785539007132071 0.0004497549058782667 0.00045930304886081756 0.0004497549058782667 0.0004785539007132071
0.05986134250219732 0.04909138269391479 0.05986134250219732 0.08807580870172925 0.15162798676644895 0.13237410821822812 0.15162798676644895 0.08807580870172925 0.015010343413255401 0.013836792432280469 0.015010343413255401 0.018787058168074695 0.02421950799272871 0.02314286655902462 0.02421950799272871 0.018787058168074695 0.0077119889342711625 0.007806735689121375 0.007711988934271165 0.006926935137447047 0.006432397016773286 0.006326336037473061 0.0064323970167732844 0.006926935137447047 0.0013666238122947163 0.0013198332373805465 0.0013666238122947163 0.001238656095567614 0.0012199814143466201 0.001144685222307468 0.0012199814143466201 0.001238656095567614
0.08662979093883151 0.056629254278152484 0.08662979093883151 0.09650207867792408 0.1734068329073368 0.10655333519328053 0.1734068329073368 0.09650207867792408 0.012303425192639083 0.009384001377113385 0.012303425192639083 0.012957116820827173 0.017647517710761996 0.01315625697101897 0.017647517710761996 0.012957116820827173 0.0016192598691591481 0.0018787389741442245 0.0016192598691591481 0.0015270273452623305 0.0013119963346744294 0.0015355403435159812 0.0013119963346744292 0.0015270273452623305 0.00039302413284968607 0.00040446959942401847 0.00039302413284968607 0.0003777188520651436 0.0003665852546302933 0.00037365518942706634 0.0003665852546302933 0.0003777188520651436
0.06326942688028411 0.05540571412793109 0.06326942688028411 0.10587684404479386 0.17511495978428757 0.15008074893914436 0.17511495978428757 0.10587684404479386 0.008721032662169483 0.0076855195785207695 0.008721032662169483 0.01125418216874674 0.015181161184925207 0.01341482656574083 0.015181161184925207 0.01125418216874674 0.0017274943733629304 0.0018601689720796066 0.0017274943733629304 0.0015270279843774103 0.0012834841560803115 0.0013929069557114498 0.0012834841560803118 0.0015270279843774103 0.0002951065807260179 0.0003027792378732374 0.0002951065807260179 0.0002777265355109281 0.00026465761229103554 0.00027112768788759364 0.00026465761229103554 0.0002777265355109281
0.06677257767132368 0.06914862723387613 0.06677257767132368 0.09674024522001551 0.14470179792007729 0.14508434081518928 0.14470179792007729 0.09674024522001551 0.012056201277629503 0.012622831079744361 0.012056201277629503 0.014735086002364872 0.018862807886192014 0.019853190023572675 0.018862807886192014 0.014735086002364872 0.005531656046926526 0.005148004283655087 0.005531656046926529 0.0048078354554342475 0.00444614494016497 0.003915039227040948 0.004446144940164971 0.0048078354554342475 0.0010057966902372896 0.0008777630113293044 0.0010057966902372896 0.0008494251023463079 0.0008217267213825272 0.0006876024574027408 0.0008217267213825272 0.0008494251023463079
0.07324978630886633 0.08318865273946904 0.07324978630886633 0.11838948945218192 0.14462724170031602 0.1643354185824876 0.14462724170031602 0.11838948945218192 0.006908637865977604 0.007405948625602574 0.006908637865977604 0.009240466822714562 0.009987902714531349 0.01060426341688223 0.009987902714531349 0.009240466822714562 0.0011677792673354442 0.0011847347521019935 0.0011677792673354438 0.000979417816310976 0.0009572887493072414 0.0009907138512093728 0.0009572887493072414 0.000979417816310976 0.00017066294515633357 0.00018091855920566272 0.00017066294515633357 0.00015092234718974454 0.00014627858227447184 0.00015760032871746528 0.00014627858227447184 0.00015092234718974454
0.06443501954299855 0.07695365197043358 0.06443501954299855 0.11465065562036288 0.13888795310942548 0.1694983725615459 0.13888795310942548 0.11465065562036288 0.009386399220521119 0.010059571394232173 0.009386399220521119 0.01232119289754226 0.014205163444090679 0.015635187149057372 0.014205163444090679 0.01232119289754226 0.0025411632443750587 0.002490282882987266 0.0025411632443750605 0.0022324881028908464 0.0019735962541872197 0.0018839074758619275 0.0019735962541872197 0.0022324881028908464 0.00030875839229016017 0.00030125562986383747 0.00030875839229016017 0.00027671183368482746 0.0002495491779795078 0.00024046925532089834 0.0002495491779795078 0.00027671183368482746
0.06656692807384153 0.06757566881186418 0.06656692807384153 0.09960394183769361 0.15277441863216365 0.1581927025903458 0.15277441863216365 0.09960394183769361 0.011034070217255793 0.010696213504879962 0.011034070217255793 0.013548879188617878 0.017293273294567525 0.01730504495488556 0.017293273294567525 0.013548879188617878 0.0030384374351633673 0.0031263848618912995 0.0030384374351633656 0.002711186837587222 0.0023509570738646534 0.0023615946668234067 0.0023509570738646525 0.002711186837587222 0.000403013275423473 0.0004073266205640541 0.000403013275423473 0.00036262279258545885 0.00031920184604914293 0.00032120297911932276 0.00031920184604914293 0.00036262279258545885
0.05244872675701155 0.06270758410887473 0.05244872675701155 0.0897230152145249 0.1403768334006511 0.15434371518128306 0.1403768334006511 0.0897230152145249 0.016209135850624386 0.016102595776368963 0.016209135850624386 0.020654957969409853 0.027180307243618935 0.025849630927126103 0.027180307243618935 0.020654957969409853 0.0060867835833208666 0.006187491612222219 0.006086783583320867 0.005295226470888282 0.004524678502504332 0.004696752287924345 0.004524678502504332 0.005295226470888282 0.0007041774109281346 0.0007289844199314622 0.0007041774109281346 0.0006344473332232091 0.0005571222471387039 0.0005924217185806157 0.0005571222471387039 0.0006344473332232091
0.04588495558434715 0.049174346373460236 0.04588495558434715 0.07615667116363145 0.14071778514591032 0.15054532319372269 0.14071778514591032 0.07615667116363145 0.01596445692069379 0.015685983961698385 0.01596445692069379 0.02115257864042657 0.02858411261655602 0.028159867588208938 0.02858411261655602 0.02115257864042657 0.012163669434026272 0.012406383491143045 0.012163669434026275 0.010892121318335035 0.009802492374462016 0.010084251891319304 0.009802492374462015 0.010892121318335035 0.0015576296459146818 0.0015858830540332748 0.0015576296459146818 0.001379560973555328 0.0012766836399296922 0.0012925255308374622 0.0012766836399296922 0.001379560973555328
0.03799458550279585 0.08277807707168972 0.03799458550279585 0.10426703357270443 0.10780075510779036 0.1823810605201622 0.10780075510779036 0.10426703357270443 0.012273831323705216 0.022112486433370847 0.012273831323705216 0.02475338707365583 0.020682239368883904 0.032784152106049784 0.020682239368883904 0.02475338707365583 0.009051914797870387 0.006681639499117974 0.009051914797870386 0.00618650452345121 0.007274603276496772 0.005218555408829886 0.007274603276496775 0.00618650452345121 0.0011660025697688358 0.0008706349861409291 0.0011660025697688358 0.0008217320441158967 0.0009494939623173209 0.0007292277275266043 0.0009494939623173209 0.0008217320441158967
0.03627544355439354 0.1017114930186274 0.03627544355439354 0.11544060967071021 0.09845807698697119 0.2784441848725479 0.09845807698697119 0.11544060967071021 0.0076315294563842374 0.011016592194468672 0.0076315294563842374 0.01253590704332899 0.012782529508884468 0.018942498313838235 0.012782529508884468 0.01253590704332899 0.0030962271829608006 0.002726921338155515 0.003096227182960802 0.0024806120009852914 0.00243590320078846 0.002033160191793464 0.0024359032007884593 0.0024806120009852914 0.00041697130002444027 0.00036708147151122097 0.00041697130002444027 0.0003430597885273626 0.00033647613140859255 0.0002913769483224343 0.00033647613140859255 0.0003430597885273626
0.06895421679458945 0.06993172966505382 0.06895421679458945 0.11331985884688922 0.156408674563071 0.15972043932847235 0.156408674563071 0.11331985884688922 0.008356281569023271 0.008356848593775078 0.008356281569023271 0.010813653438402505 0.0130184724833271 0.013058806844005606 0.0130184724833271 0.010813653438402505 0.0009341123395225126 0.0009286333695789922 0.000934112339522513 0.0007858134556067589 0.0006914186429381849 0.0006799882348292618 0.0006914186429381852 0.0007858134556067589 0.0001056735984607241 0.00010585840354149551 0.0001056735984607241 9.35587251226338e-05 8.464170171228481e-05 8.494324341205904e-05 8.464170171228481e-05 9.35587251226338e-05
0.04417008550971541 0.03564756373263588 0.04417008550971541 0.07167117450403589 0.12202453910041884 0.10057653577354804 0.12202453910041884 0.07167117450403589 0.017862537116689767 0.01633170472700261 0.017862537116689767 0.02384840664677582 0.03015642919557768 0.02761129923756537 0.03015642919557768 0.02384840664677582 0.02203410878554271 0.022379814054749814 0.022034108785542707 0.02011410654032863 0.01894222175893316 0.01929520249629338 0.018942221758933165 0.02011410654032863 0.004937881751876622 0.005028052241837166 0.004937881751876622 0.004452637337549823 0.004209486198246488 0.004282598844986085 0.004209486198246488 0.004452637337549823
0.05589752656515634 0.06305314998392678 0.05589752656515634 0.09591918684592805 0.1486223744371526 0.16637679778162703 0.1486223744371526 0.09591918684592805 0.013270120736700189 0.013936644186013673 0.013270120736700189 0.017362872496873932 0.02171649976109219 0.02247045689482132 0.02171649976109219 0.017362872496873932 0.003549099521268613 0.003459554242480469 0.003549099521268613 0.003001502704073989 0.0026298073416083836 0.002601205594071513 0.0026298073416083844 0.003001502704073989 0.0005849325133726154 0.0005638003430748403 0.0005849325133726154 0.0005121579543695589 0.0004729628411581325 0.0004603035364750928 0.0004729628411581325 0.0005121579543695589
0.03757809468563908 0.05525702243987703 0.03757809468563908 0.08522031292881761 0.10473088831220138 0.15525971563777496 0.10473088831220138 0.08522031292881761 0.013550018326518825 0.016580734248971454 0.013550018326518825 0.021480366810929633 0.023543082304305737 0.02834034931780921 0.023543082304305737 0.021480366810929633 0.018697157083220468 0.0177658990651254 0.01869715708322047 0.01666179516902529 0.016622111704304943 0.01556252747083049 0.016622111704304943 0.01666179516902529 0.004710346066747124 0.004471357925452352 0.004710346066747124 0.004247017638066138 0.004297665691131659 0.004084680452343268 0.004297665691131659 0.004247017638066138
0.03862026952565959 0.05882753111427527 0.03862026952565959 0.08820335542775758 0.10314192457484109 0.1612380464243283 0.10314192457484109 0.08820335542775758 0.011926279183066834 0.014128340008379203 0.011926279183066834 0.01826320122015961 0.020190126833416498 0.024419473981009552 0.020190126833416498 0.01826320122015961 0.019205314559236658 0.0186545702369761 0.019205314559236658 0.017719420797215654 0.017585088138732472 0.016815082620564654 0.017585088138732472 0.017719420797215654 0.004863268678350963 0.004638059555045125 0.004863268678350963 0.004393200253256766 0.0044295107711548615 0.00419697613372469 0.0044295107711548615 0.004393200253256766
0.031996902060698426 0.04822401194058159 0.031996902060698426 0.06789634143752805 0.08543405691839846 0.1319507959245025 0.08543405691839846 0.06789634143752805 0.011972521591146342 0.014112015521694153 0.011972521591146342 0.01793995985947129 0.020093396402795564 0.024305459722564177 0.020093396402795564 0.01793995985947129 0.028464135447229772 0.02775138860871891 0.028464135447229772 0.026656388790123536 0.02657975067148196 0.02552475972182933 0.026579750671481956 0.026656388790123536 0.012138425030436302 0.012012325420057219 0.012138425030436302 0.011599999462522059 0.011587212586354315 0.011401062623679821 0.011587212586354315 0.011599999462522059
0.043691993891413546 0.05691383495505994 0.043691993891413546 0.09105311894919796 0.13142413724835547 0.16954118912484625 0.13142413724835547 0.09105311894919796 0.015161048130338773 0.015612731980689193 0.015161048130338773 0.020716230716195046 0.026190984076696254 0.026922639555791297 0.026190984076696254 0.020716230716195046 0.008492640651681626 0.00857355786333197 0.008492640651681628 0.007593287459075191 0.006823591873127645 0.006744315917350253 0.006823591873127648 0.007593287459075191 0.0017804135576909824 0.0017763067379659929 0.0017804135576909824 0.0016565947207105767 0.0015936992902812546 0.001559942735436405 0.0015936992902812546 0.0016565947207105767
0.06581720669916921 0.04978709178318149 0.06581720669916921 0.10802602984119164 0.1760390151701899 0.13385920894763978 0.1760390151701899 0.10802602984119164 0.008854121793246728 0.008457689272265053 0.008854121793246728 0.011871683350656581 0.01506166284936773 0.01405419144393516 0.01506166284936773 0.011871683350656581 0.002777629507777205 0.002744621328947218 0.0027776295077772037 0.0024029239907691325 0.0022150129388579074 0.002168863455823089 0.002215012938857908 0.0024029239907691325 0.0003906369032487282 0.0003825450538570313 0.0003906369032487282 0.00033981898343160864 0.000320251508116597 0.0003138016423051766 0.000320251508116597 0.00033981898343160864
0.06312639102259339 0.05343894390126777 0.06312639102259339 0.09186734945570402 0.1810851954916645 0.14655105839034058 0.1810851954916645 0.09186734945570402 0.006992315942748212 0.00660917534314557 0.006992315942748212 0.00872606029960065 0.012003746374863388 0.011137813266534234 0.012003746374863388 0.00872606029960065 0.004093696068763633 0.004119600967934845 0.004093696068763633 0.003956253717855823 0.0037816078135565314 0.0038187540395089653 0.0037816078135565314 0.003956253717855823 0.0029067423303044144 0.0029271055604686634 0.0029067423303044144 0.002868273455856269 0.002852151255343269 0.0028779820730912855 0.002852151255343269 0.002868273455856269
0.05029303282987322 0.06728781635666332 0.05029303282987322 0.10149617173730167 0.1399410162118779 0.18498686460281788 0.1399410162118779 0.10149617173730167 0.008827842181762737 0.009541305579998655 0.008827842181762737 0.012595804077756612 0.015227934378279172 0.016489435854292418 0.015227934378279172 0.012595804077756612 0.007525038208377873 0.007594185235072136 0.007525038208377873 0.006949059917330695 0.006572082467047103 0.0066813084470444435 0.006572082467047103 0.006949059917330695 0.001152687364034174 0.0011706865548787235 0.001152687364034174 0.0010511225041922368 0.0009873463167505202 0.0010101209800644682 0.0009873463167505202 0.0010511225041922368
0.05430507333640563 0.05327229385887053 0.05430507333640563 0.1077425765727775 0.1519314468231988 0.13727794929602466 0.1519314468231988 0.1077425765727775 0.010108914436976908 0.009823994521232622 0.010108914436976908 0.014464213521133163 0.0176922015588097 0.016535515048148597 0.0176922015588097 0.014464213521133163 0.00781066326719359 0.008030302537195968 0.007810663267193588 0.007094547801075098 0.006518623064261235 0.006991794554753304 0.006518623064261235 0.007094547801075098 0.0016513397575031083 0.001795221554691073 0.0016513397575031083 0.0015834383468973981 0.0014337353889497064 0.0015993808787195982 0.0014337353889497064 0.0015834383468973981
0.055861016748899636 0.06207689003249717 0.055861016748899636 0.1054615309424534 0.15319462696768488 0.16882120916653312 0.15319462696768488 0.1054615309424534 0.010688103841365175 0.009498484310743691 0.010688103841365175 0.013480467037462977 0.01783930418876427 0.01590325671736068 0.01783930418876427 0.013480467037462977 0.0036929850208256717 0.004086436527845814 0.003692985020825671 0.0034512104694616763 0.002882022455885415 0.003320197653998394 0.0028820224558854146 0.0034512104694616763 0.0004230836292865396 0.00046164513398913516 0.0004230836292865396 0.00039774297580872807 0.000349975661900493 0.00038774057743425815 0.000349975661900493 0.00039774297580872807
0.05702058531412886 0.05638605159374465 0.05702058531412886 0.11184338928031176 0.15019927364674449 0.14579916357578918 0.15019927364674449 0.11184338928031176 0.010264474912323154 0.010019966053145335 0.010264474912323154 0.015002489930296747 0.017210590321655794 0.01644663131100579 0.017210590321655794 0.015002489930296747 0.005677688589807473 0.005760903013074541 0.005677688589807472 0.00493614602180559 0.004667776207645239 0.004876248491622599 0.004667776207645238 0.00493614602180559 0.0009323622955997846 0.000996749772189951 0.0009323622955997846 0.000859725784575141 0.0007997616228705745 0.0008857583338987262 0.0007997616228705745 0.000859725784575141
0.05686346911786736 0.05290350200707163 0.05686346911786736 0.11945303366673346 0.15217956762764687 0.13927352569229343 0.15217956762764687 0.11945303366673346 0.010412228649370194 0.009397023825476412 0.010412228649370194 0.014762997976186076 0.01728916294192536 0.015358997935635388 0.01728916294192536 0.014762997976186076 0.004601024780085247 0.004868130225472693 0.004601024780085248 0.004082516278450621 0.0037584629237182596 0.004107652348665828 0.0037584629237182618 0.004082516278450621 0.0009373333121263217 0.0009557909788240277 0.0009373333121263217 0.0008982331334063695 0.0008806144967533633 0.0008980871780215074 0.0008806144967533633 0.0008982331334063695
0.05655565977044778 0.06485923181367031 0.05655565977044778 0.09780256433805061 0.13921672547880767 0.15738915215201468 0.13921672547880767 0.09780256433805061 0.01024948280289117 0.011878561825413362 0.01024948280289117 0.014811764242615245 0.01673378120611899 0.019800549943882608 0.01673378120611899 0.014811764242615245 0.008924174612718517 0.008303931662407277 0.008924174612718518 0.00777235391754508 0.007840653582735883 0.006883827149982662 0.007840653582735885 0.00777235391754508 0.001570062927762697 0.0014276593795297609 0.001570062927762697 0.0013265719647205508 0.0013397228284880807 0.0011700507272947476 0.0013397228284880807 0.0013265719647205508
0.05978324049204632 0.05990053704243221 0.05978324049204632 0.09671498030437051 0.1503336569682028 0.15440762789920864 0.1503336569682028 0.09671498030437051 0.008448841442505675 0.0082757078565642 0.008448841442505675 0.010703843388849782 0.01367522674622832 0.013641685749175828 0.01367522674622832 0.010703843388849782 0.007623688225431931 0.0076583245413317305 0.007623688225431933 0.007306914837168944 0.00707899023213055 0.007065407401345603 0.007078990232130549 0.007306914837168944 0.003300416352974175 0.003317703598457316 0.003300416352974175 0.003192227339360797 0.003131721538133031 0.0031455101766788706 0.003131721538133031 0.003192227339360797
0.05112176827972309 0.04836302621289595 0.05112176827972309 0.08710296417052114 0.12808365344947745 0.12522114100055176 0.12808365344947745 0.08710296417052114 0.01137125319850756 0.011011716812398514 0.01137125319850756 0.015398060722928882 0.019418409509875192 0.01890515517186084 0.019418409509875192 0.015398060722928882 0.017889735231688395 0.017927320641043975 0.017889735231688395 0.017025972247839204 0.016309969770296546 0.016364129994526785 0.016309969770296553 0.017025972247839204 0.004546740004516535 0.004531349766654723 0.004546740004516535 0.004311689850122129 0.004176434759474473 0.004162858010126177 0.004176434759474473 0.004311689850122129
0.05348399826429397 0.0713203951296637 0.05348399826429397 0.10011195426162049 0.13991346615761 0.18330098786889298 0.13991346615761 0.10011195426162049 0.010962053442554449 0.012861532667402293 0.010962053442554449 0.01566477267485884 0.018595104042369737 0.021441046746804547 0.018595104042369737 0.01566477267485884 0.004316281961745863 0.004066255385717279 0.004316281961745862 0.003618835267709087 0.003375373089685073 0.003168764320492459 0.0033753730896850733 0.003618835267709087 0.0005369447120598416 0.0005012620345717509 0.0005369447120598416 0.00045377665435464385 0.00043389601292867676 0.00040684276287364916 0.00043389601292867676 0.00045377665435464385
0.05000164657035613 0.06942346015232366 0.05000164657035613 0.1122941899126754 0.1503817255625937 0.185062032113766 0.1503817255625937 0.1122941899126754 0.008347392609952558 0.010428163571287062 0.008347392609952558 0.013507817244434735 0.014583480078627961 0.017113666736982426 0.014583480078627961 0.013507817244434735 0.0026566724401902047 0.0023835100025097885 0.002656672440190205 0.00203892106958609 0.002007865720482755 0.0018214640866815925 0.0020078657204827544 0.00203892106958609 0.00030686170355337915 0.00028337554894850107 0.00030686170355337915 0.000252471198413668 0.0002470992572189591 0.0002320410513298087 0.0002470992572189591 0.000252471198413668
0.06431395211577066 0.06736547657182308 0.06431395211577066 0.10128130511565686 0.13971896063187816 0.17829358214534302 0.13971896063187816 0.10128130511565686 0.010942573210569573 0.010895795690165565 0.010942573210569573 0.013675514402658327 0.016101566710884415 0.018093332267177832 0.016101566710884415 0.013675514402658327 0.004096028226444616 0.00394879231964743 0.004096028226444616 0.0035571633449403652 0.003412190339008776 0.0031090741926465466 0.0034121903390087758 0.0035571633449403652 0.0005613389978909223 0.0005501761869239253 0.0005613389978909223 0.0005066089997835349 0.00047683280733874876 0.00045570082062270457 0.00047683280733874876 0.0005066089997835349
