0.06961600685086564 0.07272868168276517 0.06961600685086564 0.09890306216673189 0.13890255364346296 0.15064025355600388 0.13890255364346296 0.09890306216673189 0.014239303592493494 0.015026817801364794 0.014239303592493494 0.01820378967943167 0.020811807462924752 0.022362163758300815 0.020811807462924752 0.01820378967943167 0.0023510643253446054 0.0021605320701727805 0.002351064325344605 0.0018024360778468244 0.0016981393127787272 0.0015396645433251018 0.0016981393127787267 0.0018024360778468244 0.00034779364700279704 0.0003348620818396887 0.00034779364700279704 0.0002991850725950833 0.00028807835250289047 0.00028058413826519504 0.00028807835250289047 0.0002991850725950833
0.06961600685086564 0.07272868168276517 0.06961600685086564 0.09890306216673189 0.13890255364346296 0.15064025355600388 0.13890255364346296 0.09890306216673189 0.014239303592493494 0.015026817801364794 0.014239303592493494 0.01820378967943167 0.020811807462924752 0.022362163758300815 0.020811807462924752 0.01820378967943167 0.0023510643253446054 0.0021605320701727805 0.002351064325344605 0.0018024360778468244 0.0016981393127787272 0.0015396645433251018 0.0016981393127787267 0.0018024360778468244 0.00034779364700279704 0.0003348620818396887 0.00034779364700279704 0.0002991850725950833 0.00028807835250289047 0.00028058413826519504 0.00028807835250289047 0.0002991850725950833
0.07917124341146171 0.0798382674680555 0.07917124341146171 0.12057978217381982 0.15112179781805732 0.14728047079081547 0.15112179781805732 0.12057978217381982 0.007102532902271974 0.00683207984595696 0.007102532902271974 0.008777038859100535 0.00992997290614737 0.009560484049870612 0.00992997290614737 0.008777038859100535 0.00037887147336246194 0.00041013296990959834 0.0003788714733624619 0.00032248687377230747 0.00029164535753345075 0.00030758825268099144 0.00029164535753345075 0.00032248687377230747 5.625577435320859e-05 5.826252610516153e-05 5.625577435320859e-05 5.090981444731634e-05 4.900851246206118e-05 4.962234302663444e-05 4.900851246206118e-05 5.090981444731634e-05
0.08089991728516052 0.0683078799464996 0.08089991728516052 0.11305085979043758 0.15520302399191566 0.1351239286353941 0.15520302399191566 0.11305085979043758 0.009443453818105556 0.008605794397335843 0.009443453818105556 0.011343497903765792 0.013608368590738072 0.012505590874583318 0.013608368590738072 0.011343497903765792 0.001021244016331367 0.0010919917691277151 0.0010212440163313672 0.0008776492064179493 0.0007602999076872002 0.000824479164241147 0.0007602999076871999 0.0008776492064179493 0.00015166836075966732 0.00016560515854653442 0.00015166836075966732 0.0001365947349538587 0.0001237534151457411 0.00013406801143373391 0.0001237534151457411 0.0001365947349538587
0.07745167924688047 0.08761161734043438 0.07745167924688047 0.11065610453996855 0.1363835053063784 0.14465862278397887 0.1363835053063784 0.11065610453996855 0.011576824979530522 0.012037437637270127 0.011576824979530522 0.01365339619877893 0.015576551563061215 0.01581324701665249 0.015576551563061215 0.01365339619877893 0.0011337111208393458 0.0011434798722260821 0.0011337111208393458 0.001025253286243476 0.0008897774043954572 0.0009208595967178108 0.0008897774043954571 0.001025253286243476 0.00015003090543876793 0.00014898824227844505 0.00015003090543876793 0.0001396500949107613 0.00013065750992492407 0.000131463197740259 0.00013065750992492407 0.0001396500949107613
0.07811508279405009 0.069804694616834 0.07811508279405009 0.11853886235838819 0.14746573008137048 0.14573079970305142 0.14746573008137048 0.11853886235838819 0.009401170964624223 0.008543545273679449 0.009401170964624223 0.011360863801429009 0.013147852494091354 0.012438772884124446 0.013147852494091354 0.011360863801429009 0.0009190199570132311 0.0010010411952890718 0.0009190199570132311 0.0007956133826892473 0.0007045838241420836 0.0007625045696096758 0.000704583824142084 0.0007956133826892473 0.00011101910523521203 0.00011651231650579251 0.00011101910523521203 9.869843769737403e-05 9.396463013400064e-05 9.7205779177283e-05 9.396463013400064e-05 9.869843769737403e-05
0.09787331639406521 0.06573080425545022 0.09787331639406521 0.10545408372078242 0.14301744244830153 0.13352193989261052 0.14301744244830153 0.10545408372078242 0.011848268737006258 0.009725312199638967 0.011848268737006258 0.012445873901076045 0.014324490515888785 0.01365010956854015 0.014324490515888785 0.012445873901076045 0.000863551754005477 0.0009656306326707436 0.0008635517540054768 0.0008036202718169488 0.0007253147536511461 0.0007559680533028271 0.000725314753651146 0.0008036202718169488 0.00012042030627714308 0.00013074886537852568 0.00012042030627714308 0.00011665795713735186 0.00011030824375974839 0.000112788524871832 0.00011030824375974839 0.00011665795713735186
0.07624625348724925 0.08039576609412957 0.07624625348724925 0.10739727444674006 0.14225385583508035 0.1524881614620712 0.14225385583508035 0.10739727444674006 0.01022488317925243 0.010231573547395454 0.01022488317925243 0.012343922835819325 0.014426778572075718 0.014507170551980801 0.014426778572075718 0.012343922835819325 0.0018345134641688386 0.0018628837515809156 0.001834513464168839 0.001648965188422305 0.0015186417776664272 0.0015410589795528161 0.0015186417776664267 0.001648965188422305 0.0004138328081659478 0.000409972916712512 0.0004138328081659478 0.00039685196300819563 0.000386669391580104 0.00037852679811868243 0.000386669391580104 0.00039685196300819563
0.057049458167520876 0.10170091754877189 0.057049458167520876 0.13213699806342716 0.1226300470193805 0.15767867905637833 0.1226300470193805 0.13213699806342716 0.007276701532281334 0.008362950844905697 0.007276701532281334 0.010320525707020585 0.0114665920235216 0.012312653871993196 0.0114665920235216 0.010320525707020585 0.00482833891100237 0.004839081033043452 0.00482833891100237 0.004530525672492434 0.004310205240479546 0.004308449405523584 0.004310205240479546 0.004530525672492434 0.00018406755114713373 0.000169363093120788 0.00018406755114713373 0.00027739394221372855 0.00021357187366938433 0.00017905373794978592 0.00021357187366938433 0.00027739394221372855
0.07244229615296259 0.08089765837877828 0.07244229615296259 0.1183525088163912 0.14534542943739573 0.1555533600754806 0.14534542943739573 0.1183525088163912 0.008695179711539568 0.009296229227869759 0.008695179711539568 0.011279123636077875 0.012414461331616257 0.01307856939321476 0.012414461331616257 0.011279123636077875 0.0005239198470315877 0.0004877376460613415 0.0005239198470315873 0.0004242870693147152 0.0003976856740287619 0.00037024436032331235 0.00039768567402876195 0.0004242870693147152 7.750248027507968e-05 7.52058041912062e-05 7.750248027507968e-05 6.910112022182208e-05 6.651189047170469e-05 6.498077942688626e-05 6.651189047170469e-05 6.910112022182208e-05
0.08431197856072818 0.09698246227081961 0.08431197856072818 0.10695155964113992 0.1329792315392949 0.14573763510383017 0.1329792315392949 0.10695155964113992 0.011322617264064357 0.01210608603659423 0.011322617264064357 0.012648671310008167 0.014247125369015876 0.014821795415297784 0.014247125369015876 0.012648671310008167 0.0006189861318262023 0.0005934123419335335 0.0006189861318262023 0.0005664763497977963 0.000505802563765324 0.0004931140577225943 0.0005058025637653242 0.0005664763497977963 0.00012634023810071017 0.000122696242559794 0.00012634023810071017 0.00012082240225963305 0.00011510514716692717 0.00011336549690646795 0.00011510514716692717 0.00012082240225963305
0.08903975671153154 0.09682466255872284 0.08903975671153154 0.12261230211247963 0.13419284036211088 0.14842692777909952 0.13419284036211088 0.12261230211247963 0.006599002914060935 0.006927105567699658 0.006599002914060935 0.007846765009536232 0.00817395411839286 0.008581200201653755 0.00817395411839286 0.007846765009536232 0.000273700345773868 0.0002621457820770044 0.0002737003457738681 0.00023527778118328501 0.00022997932043382105 0.00022420443590268245 0.0002299793204338211 0.00023527778118328501 4.6340941574934544e-05 4.498672640467872e-05 4.6340941574934544e-05 4.232673627446566e-05 4.175106434901492e-05 4.0772113036846195e-05 4.175106434901492e-05 4.232673627446566e-05
0.057625981662292484 0.10864816559270594 0.057625981662292484 0.12665880460741372 0.12820297052070917 0.18734847821211278 0.12820297052070917 0.12665880460741372 0.006348069271269947 0.009073572034047635 0.006348069271269947 0.009798821634579433 0.010023663546708356 0.012334549310955734 0.010023663546708356 0.009798821634579433 0.000678924738436692 0.0005704024901770124 0.0006789247384366918 0.0005225593122559025 0.0005080295281650037 0.00046017108228338865 0.0005080295281650035 0.0005225593122559025 0.00011294573608903673 0.0001037401239724535 0.00011294573608903673 0.00010079372958229397 0.00010147608274750689 9.484041324597282e-05 0.00010147608274750689 0.00010079372958229397
0.05684044016767385 0.053793206521298514 0.05684044016767385 0.09350210916698573 0.13471625201172005 0.13872204098221944 0.13471625201172005 0.09350210916698573 0.012949544521607776 0.014651739819067863 0.012949544521607776 0.01929826867034882 0.023555793759663116 0.026806486906627357 0.023555793759663116 0.01929826867034882 0.01103496387029513 0.010386348780470858 0.011034963870295128 0.009359299842607362 0.008678799875418107 0.007957350010261433 0.008678799875418109 0.009359299842607362 0.00020630502990708066 0.0013958457026699736 0.00020630502990708066 0.0012657452846369253 0.0011841489845396196 0.0011036389065774308 0.0011841489845396196 0.0012657452846369253
0.09523535032697318 0.06443516717935059 0.09523535032697318 0.09770301954419705 0.14119447677671965 0.12110511572123459 0.14119447677671965 0.09770301954419705 0.013337349042027238 0.01142568188913389 0.013337349042027238 0.014117957513967038 0.01686512839659531 0.016170300308419278 0.01686512839659531 0.014117957513967038 0.0034890403213017882 0.0035319206347893435 0.003489040321301788 0.003210509489864637 0.0030159219318961453 0.002882977151358961 0.0030159219318961436 0.003210509489864637 0.0005454023631456578 0.000557106104682614 0.0005454023631456578 0.0005106960789961124 0.0004828705489309754 0.0004762863418010904 0.0004828705489309754 0.0005106960789961124
0.07421755336837524 0.06505374391732155 0.07421755336837524 0.11319449222563766 0.16678376391454572 0.14194950190026392 0.16678376391454572 0.11319449222563766 0.007830482919020304 0.007129176472754273 0.007830482919020304 0.009656786494502441 0.011777602987110888 0.010741553943872712 0.011777602987110888 0.009656786494502441 0.000973193725907938 0.001050731068437204 0.0009731937259079379 0.0008677982501584822 0.0007606070747119639 0.0008212715930666874 0.0007606070747119637 0.0008677982501584822 0.0001516000702015847 0.00015965357166019945 0.0001516000702015847 0.00013888205348068494 0.00012748569826066488 0.00013386996879649442 0.00012748569826066488 0.00013888205348068494
0.08301329401705582 0.06614282941442268 0.08301329401705582 0.11134688811512324 0.15807366770116932 0.12884655954308416 0.15807366770116932 0.11134688811512324 0.009745072090384155 0.009338286332666694 0.009745072090384155 0.011677097423889308 0.013651509212301663 0.013087719333253133 0.013651509212301663 0.011677097423889308 0.0009399262942742235 0.0009259014225243 0.0009399262942742227 0.0008019073444023631 0.0007357574989384485 0.0007355644776973693 0.0007357574989384484 0.0008019073444023631 0.00012691155732793446 0.00013126540075700908 0.00012691155732793446 0.00011735236050492929 0.00010790625122728382 0.00011729434239741076 0.00010790625122728382 0.00011735236050492929
0.07191573926940191 0.10773566387888614 0.07191573926940191 0.12720213283929402 0.13460830394196133 0.1699475234118704 0.13460830394196133 0.12720213283929402 0.0051156261717448795 0.005924186045479209 0.0051156261717448795 0.007044661282017653 0.007164217172217986 0.007756243390378591 0.007164217172217986 0.007044661282017653 0.0003207274160217983 0.0003194055727096503 0.00032072741602179826 0.0002482197201640695 0.00025776773464469507 0.00026144092618269807 0.0002577677346446952 0.0002482197201640695 4.2114736663795655e-05 4.100625727826263e-05 4.2114736663795655e-05 3.478588819385568e-05 3.530679947927061e-05 3.532457360465518e-05 3.530679947927061e-05 3.478588819385568e-05
0.09450335452234247 0.08979624226886175 0.09450335452234247 0.1199209341198051 0.13368589350434185 0.1355976877889329 0.13368589350434185 0.1199209341198051 0.008600263233161749 0.008548421877579641 0.008600263233161749 0.009726145034505182 0.01001155888219324 0.01022315409386034 0.01001155888219324 0.009726145034505182 0.00034135378095795783 0.00033388146951236297 0.0003413537809579579 0.0003057256434511882 0.00030494703322603734 0.0002959993840176861 0.00030494703322603734 0.0003057256434511882 5.2548203142479975e-05 5.208966083588199e-05 5.2548203142479975e-05 4.9610780293749896e-05 4.9556805183142e-05 4.874037119110116e-05 4.9556805183142e-05 4.9610780293749896e-05
0.08423333118284153 0.07726295262107166 0.08423333118284153 0.11458344545033713 0.1491022090542842 0.14159953876206988 0.1491022090542842 0.11458344545033713 0.008693617626785305 0.008309652106801194 0.008693617626785305 0.01018965435158731 0.011815963602520296 0.01160321612639366 0.011815963602520296 0.01018965435158731 0.000475687576597551 0.0004996699510174105 0.0004756875765975514 0.0004236824017500137 0.0003668171847337535 0.00037295861513497123 0.00036681718473375365 0.0004236824017500137 7.831030208386162e-05 8.021168650169548e-05 7.831030208386162e-05 7.260016817682489e-05 6.688885696558774e-05 6.738461368276985e-05 6.688885696558774e-05 7.260016817682489e-05
0.06562634317637624 0.06927816024039732 0.06562634317637624 0.10004203786202065 0.15551724392041386 0.17423176410623134 0.15551724392041386 0.10004203786202065 0.009104384484074288 0.009381191508306125 0.009104384484074288 0.011468888831497768 0.014217350072653534 0.015153004201441615 0.014217350072653534 0.011468888831497768 0.0023673103562109857 0.002281634047049174 0.0023673103562109874 0.002108528355302842 0.0019603480146047152 0.001837076712141368 0.001960348014604717 0.002108528355302842 0.0004080511914475008 0.000394716641648657 0.0004080511914475008 0.00036847536025549503 0.0003594826053631715 0.00034556408234226183 0.0003594826053631715 0.00036847536025549503
0.07283917348560791 0.06442733434799128 0.07283917348560791 0.11358025735520237 0.16445974092330276 0.11590289003138946 0.16445974092330276 0.11358025735520237 0.010945538356578481 0.0080688263071433 0.010945538356578481 0.012556875968014978 0.017227130583454844 0.012967686403221275 0.017227130583454844 0.012556875968014978 0.0019014527353168648 0.002289285049209479 0.001901452735316864 0.0017857186357892734 0.0014561978612515185 0.0017512030682096222 0.0014561978612515185 0.0017857186357892734 0.00011115191388749058 0.00018684647935454738 0.00011115191388749058 2.118979460696947e-05 0.00020461793509980036 0.00022783721725442126 0.00020461793509980036 2.118979460696947e-05
0.08003017718793827 0.0772991116076537 0.08003017718793827 0.09967675453452428 0.13583478755088862 0.1418548282911472 0.13583478755088862 0.09967675453452428 0.012828008472110564 0.012885864892553748 0.012828008472110564 0.014885216920174527 0.018513624237136716 0.01877211999527638 0.018513624237136716 0.014885216920174527 0.0032392125217124124 0.0031859059368117724 0.0032392125217124124 0.0029027116709205943 0.0024662670550070517 0.002428046785306848 0.0024662670550070526 0.0029027116709205943 0.0003879642500437376 0.00039116750071077654 0.0003879642500437376 0.0003587213674072542 0.00031085266120978075 0.00031435813239202664 0.00031085266120978075 0.0003587213674072542
0.08011708334573416 0.06773755611130132 0.08011708334573416 0.10041682934552977 0.1424853500547968 0.1328992216946274 0.1424853500547968 0.10041682934552977 0.015287636098090009 0.013888358228313623 0.015287636098090009 0.016548913347447586 0.019346428029688424 0.018775565463222624 0.019346428029688424 0.016548913347447586 0.0020898555417254603 0.0022170764959648704 0.0020898555417254603 0.0020153412053497124 0.0018535056732208685 0.0018546921072739623 0.0018535056732208687 0.0020153412053497124 0.0002980094890594514 0.00030721525482374203 0.0002980094890594514 0.0002895004190429929 0.0002751754549552483 0.00027305863519145636 0.0002751754549552483 0.0002895004190429929
0.06124487177932521 0.0776716342783139 0.06124487177932521 0.11725349306989435 0.145358098510712 0.1413142966837376 0.145358098510712 0.11725349306989435 0.010424205179511658 0.009685991110437346 0.010424205179511658 0.013339983429417966 0.017178169072549213 0.015841408405133525 0.017178169072549213 0.013339983429417966 0.0033637086097863286 0.0035324048359120512 0.003363708609786328 0.003006814011659336 0.0025903341775933304 0.0027192287120281692 0.0025903341775933295 0.003006814011659336 0.00013512130766935964 0.00015944844653209238 0.00013512130766935964 0.00028048274826903585 0.00024035054704079985 0.00024432264104816317 0.00024035054704079985 0.00028048274826903585
0.08036180386612166 0.08220485345786256 0.08036180386612166 0.11674712260166605 0.142489914257738 0.14620471043769714 0.142489914257738 0.11674712260166605 0.008478900768732155 0.007967291468125085 0.008478900768732155 0.009876712383594995 0.012047577899191255 0.011702094014969598 0.012047577899191255 0.009876712383594995 0.0013431198832930793 0.0014308636100826208 0.0013431198832930793 0.0012279205848457653 0.0010530590043676608 0.0010965386831926034 0.0010530590043676608 0.0012279205848457653 0.0002836024668748356 0.0002918992027764388 0.0002836024668748356 0.00026784059155047824 0.00024897787335535066 0.00024864476263140097 0.00024897787335535066 0.00026784059155047824
0.06644025299098578 0.09037283083103298 0.06644025299098578 0.13093069792334397 0.12675579396921413 0.1691877500452553 0.12675579396921413 0.13093069792334397 0.0069365352469105725 0.00790072846128797 0.0069365352469105725 0.010183336093296243 0.010880942044808896 0.012322431369162539 0.010880942044808896 0.010183336093296243 0.00194606287990028 0.001980841624522864 0.0019460628799002795 0.0016547750010587879 0.0014921508854338686 0.001536506385996749 0.0014921508854338682 0.0016547750010587879 0.0003058167396292375 0.0003122059536154372 0.0003058167396292375 0.00027540372658042215 0.00026143662428677785 0.0002602970782282627 0.00026143662428677785 0.00027540372658042215
0.07850605915904973 0.073289550260489 0.07850605915904973 0.10917298173202022 0.15234395839626444 0.1283332898314542 0.15234395839626444 0.10917298173202022 0.011232417292367151 0.011229671462778349 0.011232417292367151 0.013254800209342608 0.01519562517968869 0.014614780104027742 0.01519562517968869 0.013254800209342608 0.0015852134165912175 0.001576877060361309 0.0015852134165912175 0.0014366210601226526 0.001346118388081026 0.0013449942499881254 0.001346118388081026 0.0014366210601226526 0.00019389830120087454 0.00019315595969826815 0.00019389830120087454 0.00018114371579693874 0.00017339535001276822 0.00017321667012629816 0.00017339535001276822 0.00018114371579693874
0.09226509326782717 0.07070665053272848 0.09226509326782717 0.11587737851149145 0.1571932860690127 0.13209980631768828 0.1571932860690127 0.11587737851149145 0.00628308314929226 0.0054515700354996165 0.00628308314929226 0.007078432612148962 0.008531240058627706 0.007664757376713043 0.008531240058627706 0.007078432612148962 0.0009608548723868735 0.000981905861392698 0.0009608548723868735 0.0009113941570643115 0.0008519012051677524 0.0008656110773798564 0.0008519012051677525 0.0009113941570643115 0.0002984358374186577 0.0003003523725379965 0.0002984358374186577 0.0002909103114412238 0.0002814185179580318 0.00028248928638589777 0.0002814185179580318 0.0002909103114412238
0.06698041273847136 0.05880835896480003 0.06698041273847136 0.09129813449939071 0.13114592916906584 0.11483823144042997 0.13114592916906584 0.09129813449939071 0.019732776027340145 0.016440484700348076 0.019732776027340145 0.022990199811999217 0.028377885277780786 0.023663116162384104 0.028377885277780786 0.022990199811999217 0.007914526254131379 0.00901980235178373 0.007914526254131374 0.007276564497852078 0.0064425295035107945 0.007646401313720202 0.006442529503510795 0.007276564497852078 0.0003261161373044301 0.0006857762049685322 0.0003261161373044301 0.0009660308550437306 0.0008706129007646318 0.00025439351625511006 0.0008706129007646318 0.0009660308550437306
0.06892896614329305 0.061453197885938934 0.06892896614329305 0.10352661332219969 0.1533014029032046 0.14082622735883618 0.1533014029032046 0.10352661332219969 0.012972113788023152 0.01204751619720002 0.012972113788023152 0.015959526479632363 0.019759198274639383 0.018463575036630223 0.019759198274639383 0.015959526479632363 0.002235939498768734 0.0023838840307359977 0.0022359394987687344 0.0019539029226338838 0.0016522142794181721 0.0017972816188591939 0.001652214279418172 0.0019539029226338838 0.00033134640030303475 0.000352212645658167 0.00033134640030303475 0.0003023851761933308 0.00027052100325513864 0.0002878448430123022 0.00027052100325513864 0.0003023851761933308
0.08157219995957164 0.07211248398142417 0.08157219995957164 0.11157045931793887 0.15255976888847947 0.14332718538276004 0.15255976888847947 0.11157045931793887 0.008734549880107707 0.008711331494323305 0.008734549880107707 0.010460729689867254 0.012250389075996682 0.01227455178605766 0.012250389075996682 0.010460729689867254 0.001050597987451653 0.0010371121239804726 0.0010505979874516531 0.0009415485527387778 0.000860244763658532 0.0008393040225994549 0.0008602447636585323 0.0009415485527387778 0.00022446280210514948 0.00022238855290213514 0.00022446280210514948 0.00021189384026724253 0.0002010044751342786 0.00019994418931828563 0.0002010044751342786 0.00021189384026724253
0.08677569565429051 0.09710424632434655 0.08677569565429051 0.127050848311627 0.12668606487350725 0.14044596830518563 0.12668606487350725 0.127050848311627 0.008001395313577436 0.00824831139067237 0.008001395313577436 0.009767828871186924 0.00981554260223327 0.01031751266571646 0.00981554260223327 0.009767828871186924 0.0007734191747874881 0.0007714629112042644 0.0007734191747874884 0.0007034724027318447 0.000702327051469512 0.0006839443334207039 0.000702327051469512 0.0007034724027318447 0.00024133739517440546 0.00023637442717161294 0.00024133739517440546 0.0002321760493364551 0.00023306354058991123 0.00022583716125849449 0.00023306354058991123 0.0002321760493364551
0.07519124210223785 0.08120495242737331 0.07519124210223785 0.12135420903719359 0.1391018962289636 0.16224336381417254 0.1391018962289636 0.12135420903719359 0.008152635995775167 0.008266070997133 0.008152635995775167 0.010345332314858643 0.011515433288957764 0.012061892551523715 0.011515433288957764 0.010345332314858643 0.0006095659015895698 0.0006257477309059279 0.0006095659015895696 0.000515917020298254 0.0004523985447396371 0.0004591963137937957 0.0004523985447396368 0.000515917020298254 9.032736092035102e-05 9.086302629104012e-05 9.032736092035102e-05 8.075017278901182e-05 7.677991083177086e-05 7.493738049626479e-05 7.677991083177086e-05 8.075017278901182e-05
0.06349830853968814 0.09284654884161164 0.06349830853968814 0.12569598190406078 0.12956360734028483 0.17674081021938784 0.12956360734028483 0.12569598190406078 0.007985486186798358 0.009928989802209316 0.007985486186798358 0.01175746363425993 0.011550335299220098 0.014004537526504914 0.011550335299220098 0.01175746363425993 0.000854654810670038 0.00074499182088717 0.0008546548106700374 0.0006440075362548856 0.0006560624238687042 0.0005502090086551827 0.0006560624238687045 0.0006440075362548856 0.00011053496761755124 9.906408721698048e-05 0.00011053496761755124 9.084892436507825e-05 9.31446622157993e-05 8.397623491872195e-05 9.31446622157993e-05 9.084892436507825e-05
0.0757017735231883 0.0678627974976225 0.0757017735231883 0.11500244378402716 0.14937063166045197 0.14134569000045638 0.14937063166045197 0.11500244378402716 0.01039902906268891 0.01002062053066858 0.01039902906268891 0.013172366908768947 0.014863753873492577 0.014663532061771255 0.014863753873492577 0.013172366908768947 0.001091789684654868 0.0011175309177839175 0.001091789684654868 0.000919769083817716 0.0008457829202616425 0.0008603172423931512 0.0008457829202616428 0.000919769083817716 0.00018580263195010587 0.00018604199850761924 0.00018580263195010587 0.00017042147668352254 0.00016566554931659553 0.00016500943219201233 0.00016566554931659553 0.00017042147668352254
0.08329273264135147 0.05768223341179467 0.08329273264135147 0.10349500944456361 0.15499346209287404 0.1279856772986697 0.15499346209287404 0.10349500944456361 0.012923783297973735 0.01047709703667162 0.012923783297973735 0.0142624587173294 0.017315604017029827 0.015606223533054946 0.017315604017029827 0.0142624587173294 0.0015966411688499822 0.0018078685886722817 0.0015966411688499822 0.0014858674338355466 0.0013430317119399143 0.0014181226162438545 0.001343031711939914 0.0014858674338355466 0.0004620449258028761 0.00047505856257491573 0.0004620449258028761 0.0004469828954607551 0.00043787917711271914 0.0004367239040702352 0.00043787917711271914 0.0004469828954607551
0.08598454845627408 0.07101018267275638 0.08598454845627408 0.10464541907648622 0.13842247004458022 0.13982225363613432 0.13842247004458022 0.10464541907648622 0.01140957271410078 0.010869969840904407 0.01140957271410078 0.012952855461953688 0.015086082305316363 0.015207148312352252 0.015086082305316363 0.012952855461953688 0.002577088499894099 0.0025605830172585175 0.002577088499894099 0.0023987284339567426 0.0022701154656869413 0.002221323257313513 0.0022701154656869418 0.0023987284339567426 0.0008664438944246973 0.0008665071137462443 0.0008664438944246973 0.0008505179966788969 0.0008392255714760789 0.0008358963078767425 0.0008392255714760789 0.0008505179966788969
0.07355998218386992 0.05695974676469333 0.07355998218386992 0.11700827985242203 0.15928499312035843 0.13281230439633457 0.15928499312035843 0.11700827985242203 0.008716257490929673 0.007979225180652024 0.008716257490929673 0.011479993666868242 0.013595573370090848 0.012804977979095586 0.013595573370090848 0.011479993666868242 0.002604366389396797 0.002606887869405122 0.002604366389396797 0.002344480710900424 0.0021702894631007138 0.0021356629139622735 0.002170289463100717 0.002344480710900424 0.0004300165543494224 0.0004259236460210481 0.0004300165543494224 0.00038902540791703385 0.00037411042145885185 0.00036053398651119273 0.00037411042145885185 0.00038902540791703385
0.08337833141808389 0.04210235061155843 0.08337833141808389 0.10943021034173396 0.18702755311239908 0.09965338316758561 0.18702755311239908 0.10943021034173396 0.00994134168567131 0.007019335139880635 0.00994134168567131 0.011657796148521344 0.014987488985307287 0.010732697910613978 0.014987488985307287 0.011657796148521344 0.0008984732683089299 0.0010996433394323114 0.00089847326830893 0.0007734936495060438 0.0006633512110710013 0.0008332275194733423 0.0006633512110710013 0.0007734936495060438 0.00013707526421619047 0.0001585533828670715 0.00013707526421619047 0.00012525258836206202 0.00011409100257670231 0.00013189157707308217 0.00011409100257670231 0.00012525258836206202
0.07190300325961714 0.08559727194084545 0.07190300325961714 0.1217844460866474 0.13292803685440882 0.1621378919857442 0.13292803685440882 0.1217844460866474 0.00862668707328044 0.008830916968515517 0.00862668707328044 0.011018137200992106 0.012392557763959632 0.013092263600993137 0.012392557763959632 0.011018137200992106 0.0014063806287671204 0.001410605063151198 0.0014063806287671207 0.0012347735771204957 0.001156485841581781 0.0011305260961355394 0.0011564858415817807 0.0012347735771204957 0.0003766488350787791 0.00036587792128660253 0.0003766488350787791 0.00035650384438035913 0.00036395180350828313 0.0003394208846437055 0.00036395180350828313 0.00035650384438035913
0.10094318636909361 0.08386065950504347 0.10094318636909361 0.1084512206202195 0.1288856515014895 0.12436732310630093 0.1288856515014895 0.1084512206202195 0.01282105368071302 0.011908055020758448 0.01282105368071302 0.01333843148221889 0.014256227468812966 0.014462988282242838 0.014256227468812966 0.01333843148221889 0.0008658812181714507 0.000886664873344615 0.0008658812181714503 0.0008210304918962188 0.0007959358635524307 0.0007573364681745201 0.0007959358635524312 0.0008210304918962188 0.00017892056282427525 0.00018017045015249607 0.00017892056282427525 0.00017419885043305357 0.0001726619153734005 0.00016800224438606986 0.0001726619153734005 0.00017419885043305357
0.10133319556177493 0.06934527658275474 0.10133319556177493 0.11410450431986137 0.14008332825313252 0.12267219835903019 0.14008332825313252 0.11410450431986137 0.01063407614212064 0.008674283424635507 0.01063407614212064 0.011283127696167499 0.012717913975157648 0.011734788039442135 0.012717913975157648 0.011283127696167499 0.0007739436508723773 0.0008768847808418481 0.0007739436508723772 0.0007282340629290455 0.0006479935438308385 0.0006892322272245985 0.0006479935438308382 0.0007282340629290455 0.0001800720873702059 0.00019538710575291626 0.0001800720873702059 0.00017307245336421076 0.00016254443504197242 0.00016793711707165874 0.00016254443504197242 0.00017307245336421076
0.0848283282127475 0.050186101733833546 0.0848283282127475 0.08132536869608177 0.13125978031234975 0.09203728735990123 0.13125978031234975 0.08132536869608177 0.022234962676465436 0.01633334299160507 0.022234962676465436 0.02140082611473906 0.027616958917088846 0.02233289967254442 0.027616958917088846 0.02140082611473906 0.008201799640072858 0.00918211141332554 0.008201799640072858 0.008232000139159841 0.007498104509387202 0.00813271234311996 0.007498104509387203 0.008232000139159841 0.002114764897268727 0.002165506599832355 0.002114764897268727 0.0020543081409235453 0.002028230360299764 0.002039172652669385 0.002028230360299764 0.0020543081409235453
0.07644710455426384 0.053398325418126856 0.07644710455426384 0.09963739260596663 0.13474785519169097 0.12038292607776677 0.13474785519169097 0.09963739260596663 0.013954950675998654 0.012751344252730954 0.013954950675998654 0.016916986341938937 0.019100864906987106 0.019656681269430067 0.019100864906987106 0.016916986341938937 0.008438900232868819 0.00819670251938601 0.008438900232868817 0.00762461526432556 0.007498813949614708 0.006894897808142431 0.007498813949614708 0.00762461526432556 0.0013789767967730614 0.0013042845196704293 0.0013789767967730614 0.001209652704849845 0.0012056401126264462 0.00109133145893736 0.0012056401126264462 0.001209652704849845
0.07405594470450677 0.0992684773609135 0.07405594470450677 0.13055691044953427 0.127163305639574 0.17208797845042084 0.127163305639574 0.13055691044953427 0.005999134338702899 0.006867915920001226 0.005999134338702899 0.007992437288045266 0.008247667565320773 0.009413561102345591 0.008247667565320773 0.007992437288045266 0.0005133462375156968 0.0004670484161165259 0.0005133462375156968 0.0004361643908738875 0.0004293222994980696 0.0003870070515827792 0.0004293222994980696 0.0004361643908738875 9.615562530457325e-05 8.956248359337098e-05 9.615562530457325e-05 8.758474214822725e-05 9.071129583119837e-05 8.108006131481667e-05 9.071129583119837e-05 8.758474214822725e-05
0.09195268128339419 0.07540180134506606 0.09195268128339419 0.11571252790757884 0.14275019743106598 0.13153247891846778 0.14275019743106598 0.11571252790757884 0.00961133303426138 0.00878104057699491 0.00961133303426138 0.011023420789871412 0.012205649935397115 0.01177325326921322 0.012205649935397115 0.011023420789871412 0.0007270164382103841 0.0007121793835070337 0.0007270164382103841 0.0006113046733983279 0.0005974076735156484 0.0005579926122399415 0.0005974076735156483 0.0006113046733983279 0.00011470928058477415 0.00011482845117021587 0.00011470928058477415 0.00010437471745233977 0.00010251339939752529 0.00010015231508497966 0.00010251339939752529 0.00010437471745233977
0.0681627428175833 0.06761872211490075 0.0681627428175833 0.09510196137294796 0.13948145921668756 0.13539170845409657 0.13948145921668756 0.09510196137294796 0.016965244884086853 0.01668483560048607 0.016965244884086853 0.01972520305687898 0.024029138097473937 0.023586778991291316 0.024029138097473937 0.01972520305687898 0.0036025408082364266 0.003654500582519198 0.003602540808236427 0.003289257036962848 0.002889975870012674 0.002915759409841757 0.0028899758700126742 0.003289257036962848 0.0004888344948874465 0.0004969131546232199 0.0004888344948874465 0.0004599831506985393 0.00041744806793644955 0.00042320394345523547 0.00041744806793644955 0.0004599831506985393
0.082158523197403 0.08021027114976277 0.082158523197403 0.1090667637793984 0.14734521987425103 0.1416560206551228 0.14734521987425103 0.1090667637793984 0.00991178394403595 0.009726651357468492 0.00991178394403595 0.011387980432411859 0.01345918784817835 0.013092989735381028 0.01345918784817835 0.011387980432411859 0.001035039614005732 0.0010528740923766587 0.0010350396140057323 0.0009455975397017201 0.0008316673420000396 0.0008635672994428032 0.00083166734200004 0.0009455975397017201 0.000148291944681464 0.00014977087608159374 0.000148291944681464 0.00013961260279644154 0.00012875875330682656 0.0001310010900221198 0.00012875875330682656 0.00013961260279644154
0.08390707412258046 0.09152670707972879 0.08390707412258046 0.12204164910382481 0.13426877088848657 0.14261419681031068 0.13426877088848657 0.12204164910382481 0.0088489075813242 0.00887069219491719 0.0088489075813242 0.010554589932465906 0.011228363060391388 0.011194400712491757 0.011228363060391388 0.010554589932465906 0.0004988643469316243 0.0004983746034937475 0.0004988643469316241 0.00043171139108614615 0.0004089585958925946 0.0004121290466268093 0.0004089585958925945 0.00043171139108614615 6.69354770484481e-05 6.779154040332013e-05 6.69354770484481e-05 6.183228415915663e-05 5.9889197660533125e-05 6.0616048324030585e-05 5.9889197660533125e-05 6.183228415915663e-05
0.09029603918690264 0.07899285187742211 0.09029603918690264 0.10907864151902918 0.13500751759072027 0.12554665881425245 0.13500751759072027 0.10907864151902918 0.012381650196204264 0.012221640934872272 0.012381650196204264 0.014140262963291066 0.015253626808572021 0.015598727486785792 0.015253626808572021 0.014140262963291066 0.0017646817253789396 0.0016318456970830838 0.0017646817253789396 0.0015139496290399795 0.0014966279587298747 0.0013481953491848479 0.0014966279587298747 0.0015139496290399795 0.00038240911613209825 0.0003540650219674293 0.00038240911613209825 0.000339040838257729 0.0003406940548922805 0.00031573164413139197 0.0003406940548922805 0.000339040838257729
0.07521418521995984 0.09303070971564659 0.07521418521995984 0.12018374515791855 0.13207099829616656 0.1485248743176827 0.13207099829616656 0.12018374515791855 0.009772823629834913 0.010922295973671838 0.009772823629834913 0.01243416938815263 0.013179865329791013 0.014245284240015275 0.013179865329791013 0.01243416938815263 0.0009670595081323408 0.0008784125018378296 0.0009670595081323404 0.0007966063896713998 0.0007520340793292428 0.0006793173483121318 0.0007520340793292427 0.0007966063896713998 0.00013545511869083733 0.00012764307226057457 0.00013545511869083733 0.00011905206983794958 0.00011521438767031866 0.00010904568026175046 0.00011521438767031866 0.00011905206983794958
0.09618725482284718 0.06246323987908094 0.09618725482284718 0.10163590804018102 0.14412431134747855 0.11282115074024464 0.14412431134747855 0.10163590804018102 0.012027597822840559 0.009651253889807589 0.012027597822840559 0.012225114870093314 0.01488172086102231 0.013005905794926687 0.01488172086102231 0.012225114870093314 0.004013291651081381 0.004144031493185386 0.004013291651081381 0.003933402289441487 0.003799999928041683 0.003869571078533008 0.0037999999280416818 0.003933402289441487 0.0010805439693854554 0.0010839390203268493 0.0010805439693854554 0.0010362390616620507 0.0010238737355553686 0.0010223913046343216 0.0010238737355553686 0.0010362390616620507
0.09776429326031386 0.09320084375601677 0.09776429326031386 0.11457896563887308 0.14063924508494968 0.13545288948689335 0.14063924508494968 0.11457896563887308 0.007000487025057999 0.007029500233130882 0.007000487025057999 0.007899184097440597 0.008634530763954512 0.008677662006312861 0.008634530763954512 0.007899184097440597 0.00032704679828820783 0.00029957506697564915 0.0003270467982882078 0.0002674350758490786 0.00026691869105382077 0.00024224059326335897 0.00026691869105382077 0.0002674350758490786 4.5340460111728993e-05 4.5206002570100126e-05 4.5340460111728993e-05 4.199154912672875e-05 4.039067515534624e-05 4.042461448771967e-05 4.039067515534624e-05 4.199154912672875e-05
0.11271774950960899 0.06992780054119208 0.11271774950960899 0.12090382550564872 0.1407429245703108 0.11072372843930887 0.1407429245703108 0.12090382550564872 0.008386032581619953 0.006477263485047095 0.008386032581619953 0.008770401703384754 0.009473362866638468 0.008294281803669154 0.009473362866638468 0.008770401703384754 0.00027815476098425843 0.00033917054113626884 0.00027815476098425843 0.0002620473604763797 0.00024283349228897808 0.0002749548261918805 0.00024283349228897813 0.0002620473604763797 5.135576998413503e-05 5.733036298500139e-05 5.135576998413503e-05 4.998003126321925e-05 4.857467822018622e-05 5.098433961198958e-05 4.857467822018622e-05 4.998003126321925e-05
0.08038776505723016 0.07928227136614038 0.08038776505723016 0.12026208389137724 0.1484092043228671 0.14921737741013047 0.1484092043228671 0.12026208389137724 0.0072637097677788354 0.007268123470208418 0.0072637097677788354 0.008844048008894226 0.00987483105743865 0.009987572953373196 0.00987483105743865 0.008844048008894226 0.0005101139715852341 0.00049743332911465 0.0005101139715852341 0.00044758030177845324 0.00042456459323005617 0.00040774259406408243 0.00042456459323005595 0.00044758030177845324 6.588778385379391e-05 6.485023389047394e-05 6.588778385379391e-05 6.046212213660016e-05 5.848844099205968e-05 5.715000475358864e-05 5.848844099205968e-05 6.046212213660016e-05
0.05517078575830434 0.05978846265449946 0.05517078575830434 0.09680819670380543 0.1407253623043148 0.15527199094692173 0.1407253623043148 0.09680819670380543 0.01465030944064005 0.015039830223404483 0.01465030944064005 0.019131606210191603 0.02376534033767185 0.023845679663737518 0.02376534033767185 0.019131606210191603 0.005678366614523269 0.005632754488877475 0.005678366614523266 0.00503237145913933 0.004423111528257688 0.00449142008642324 0.0044231115282576915 0.00503237145913933 0.0007012013758265416 0.0006965379792363564 0.0007012013758265416 0.0006428543000046317 0.0005906439151616451 0.0005930240612172029 0.0005906439151616451 0.0006428543000046317
0.10289362730737667 0.07311789947606323 0.10289362730737667 0.10251012689685907 0.14835932099269017 0.12595087812409086 0.14835932099269017 0.10251012689685907 0.00994722770226261 0.008285633251037738 0.00994722770226261 0.01034278947674333 0.012850859511079652 0.011573756427505496 0.012850859511079652 0.01034278947674333 0.0008542613771709192 0.0009555816651818645 0.0008542613771709191 0.0007834884644586022 0.0006430546987650027 0.0007074709090974978 0.0006430546987650031 0.0007834884644586022 0.00013666204645412688 0.0001489975101306573 0.00013666204645412688 0.00013033806054474042 0.00011649603923230822 0.0001232774896182368 0.00011649603923230822 0.00013033806054474042
