0.06493507219478216 0.06822525192862662 0.06493507219478216 0.10848705060611091 0.15744796918667067 0.15783295878636158 0.15744796918667067 0.10848705060611091 0.009692059268882659 0.008644897140538628 0.009692059268882659 0.012752171581712922 0.015392317019460349 0.013547385527724503 0.015392317019460349 0.012752171581712922 0.0017228723734874416 0.0020574210822086893 0.0017228723734874416 0.0014484668593477863 0.0012776325001678773 0.0015899148036097018 0.0012776325001678773 0.0014484668593477863 0.00023761589746010894 0.00028092600598520373 0.00023761589746010894 0.0002117193354043603 0.00019296174194068194 0.00022542759408933027 0.00019296174194068194 0.0002117193354043603
0.061837742249330536 0.07387480372934288 0.061837742249330536 0.11515263291683878 0.15005112998208864 0.1691987728516709 0.15005112998208864 0.11515263291683878 0.008405541236889975 0.009546711435418779 0.008405541236889975 0.012250060697984927 0.013115473970382645 0.014705594628865115 0.013115473970382645 0.012250060697984927 0.001468768103413059 0.0013406484282671815 0.00146876810341306 0.0010982812637385696 0.0011026549181130908 0.000985351497722486 0.0011026549181130908 0.0010982812637385696 0.0001974946460367982 0.00018533485505266018 0.0001974946460367982 0.00016380982939760453 0.00016181585600123425 0.0001519712332283346 0.00016181585600123425 0.00016380982939760453
0.06876295953153143 0.04807951548248342 0.06876295953153143 0.09758986599127463 0.1747576042677598 0.11797971345300863 0.1747576042677598 0.09758986599127463 0.008356102172885953 0.007505286931638295 0.008356102172885953 0.011088779309521951 0.013216457893852515 0.01201260940887126 0.013216457893852515 0.011088779309521951 0.006653602371475992 0.006638743742203531 0.006653602371475996 0.006136404599244835 0.006216790258779679 0.00603762094363859 0.006216790258779678 0.006136404599244835 0.002082766638032036 0.0020447356204504516 0.002082766638032036 0.0019923224028681004 0.0020241990642154324 0.0019460654148210643 0.0020241990642154324 0.0019923224028681004
0.06866490136333196 0.07402212845847589 0.06866490136333196 0.1116849494911752 0.1534999469150371 0.16173803796697078 0.1534999469150371 0.1116849494911752 0.008884311958276894 0.009097296091678002 0.008884311958276894 0.011429768163716535 0.013308212154552388 0.013632421335396298 0.013308212154552388 0.011429768163716535 0.0008277576691934271 0.0008294883578054815 0.0008277576691934271 0.0006712278066262022 0.0006062582540078547 0.0006010580898504406 0.0006062582540078546 0.0006712278066262022 0.00012709964405206755 0.00012618913348699738 0.00012709964405206755 0.0001126026182027848 0.00010705405069657607 0.00010520038859801014 0.00010705405069657607 0.0001126026182027848
0.06903734432735191 0.06633030642215909 0.06903734432735191 0.10046618136835496 0.16354244375157148 0.16164696654062066 0.16354244375157148 0.10046618136835496 0.007109091181772957 0.0076288693815720855 0.007109091181772957 0.009456506206527939 0.011138213542782095 0.01224346880548033 0.011138213542782095 0.009456506206527939 0.0035829393401959966 0.0033344606662269504 0.0035829393401959953 0.0031693764279274476 0.00332192325497149 0.0029238246439958412 0.00332192325497149 0.0031693764279274476 0.0005875493956506567 0.0005224971276086335 0.0005875493956506567 0.0004988488046162628 0.0005456159855541825 0.0004575392377816747 0.0005456159855541825 0.0004988488046162628
0.07901643580375729 0.0766950758962798 0.07901643580375729 0.11217389787846765 0.1503753572924093 0.15387577160962887 0.1503753572924093 0.11217389787846765 0.008459683210466957 0.008402854332530152 0.008459683210466957 0.01027489282288895 0.011775387584675638 0.012017376917679474 0.011775387584675638 0.01027489282288895 0.0005828585739675456 0.0005790402189798273 0.0005828585739675456 0.0004945461363837911 0.0004600662504447703 0.00044984986611147816 0.00046006625044477014 0.0004945461363837911 0.00010036245535946148 0.00010012524828144184 0.00010036245535946148 9.261571094549531e-05 8.98955818801364e-05 8.790730721500688e-05 8.98955818801364e-05 9.261571094549531e-05
0.08902512006247051 0.06695052875349336 0.08902512006247051 0.11500666685393786 0.1556051622664359 0.12953139074965989 0.1556051622664359 0.11500666685393786 0.008271400640985504 0.007386551325476334 0.008271400640985504 0.009927282529905258 0.011348121909258739 0.010611594225424232 0.011348121909258739 0.009927282529905258 0.0008996130378095912 0.0008639537755273234 0.0008996130378095916 0.0007348471194143988 0.0007379346043485412 0.0006694733302178784 0.0007379346043485408 0.0007348471194143988 0.00012260143488961324 0.00011455547689891121 0.00012260143488961324 0.00010302415301116012 0.00010631651537644061 9.577010761511314e-05 0.00010631651537644061 0.00010302415301116012
0.05323581039065468 0.09453992325600458 0.05323581039065468 0.12417881674356807 0.1056793252452466 0.19401381557502162 0.1056793252452466 0.12417881674356807 0.007122659325909462 0.010962529426662856 0.007122659325909462 0.01275304102571596 0.010280148433664272 0.016031276120868247 0.010280148433664272 0.01275304102571596 0.006015020812679082 0.005394467043707354 0.006015020812679083 0.005229318127916215 0.005678834985626787 0.004937938504622776 0.005678834985626784 0.005229318127916215 0.001846938268536684 0.0016845274350478427 0.001846938268536684 0.001640392368869547 0.0017914149349620833 0.0015320813113657357 0.0017914149349620833 0.001640392368869547
0.0783877177588105 0.05380713371993697 0.0783877177588105 0.08805156948348172 0.18360807227703638 0.13083026207841755 0.18360807227703638 0.08805156948348172 0.008036688784405685 0.006874492478448981 0.008036688784405685 0.0092372137782389 0.012877822343024274 0.011051967009283955 0.012877822343024274 0.0092372137782389 0.003950099183619649 0.003952648093493317 0.00395009918361965 0.0036911691418359573 0.003643276005659621 0.0035749763066365518 0.0036432760056596203 0.0036911691418359573 0.0009078406801997724 0.0008780040733282829 0.0009078406801997724 0.000847706433150474 0.0008712601446714542 0.0008096442121855211 0.0008712601446714542 0.000847706433150474
0.056912171208736026 0.08036213790007093 0.056912171208736026 0.10975178793300229 0.12994966430394675 0.1824378728957431 0.12994966430394675 0.10975178793300229 0.008245865653644352 0.009376277696581172 0.008245865653644352 0.012056074772663473 0.0128503162122358 0.014638186293938173 0.0128503162122358 0.012056074772663473 0.005476845743885232 0.0054589687338393615 0.005476845743885234 0.00506112130872475 0.005050613729595352 0.005039006882415399 0.00505061372959535 0.00506112130872475 0.001556116191269169 0.001563321270133104 0.001556116191269169 0.0014686531480827165 0.0014524481627252713 0.0014608715902564376 0.0014524481627252713 0.0014686531480827165
0.06317273929150394 0.0768520277202911 0.06317273929150394 0.11727505997348149 0.14015383881422544 0.16721207764309384 0.14015383881422544 0.11727505997348149 0.00952277822558496 0.01111798183008684 0.00952277822558496 0.013693777208665795 0.01475577159335879 0.016694226559336896 0.01475577159335879 0.013693777208665795 0.0014407721228959862 0.0012461015729406289 0.0014407721228959871 0.0010641594076690592 0.001020231160100212 0.0008979530098655897 0.001020231160100212 0.0010641594076690592 0.00025781578041479344 0.0002307204423440849 0.00025781578041479344 0.00021275402429184748 0.00020791159304799203 0.00019369283156032928 0.00020791159304799203 0.00021275402429184748
0.07494020702049603 0.05944936077513675 0.07494020702049603 0.10687782967157039 0.17800713657249206 0.13589642983434536 0.17800713657249206 0.10687782967157039 0.006918224022528916 0.006240789651241564 0.006918224022528916 0.009038117342303708 0.011048885985872753 0.009734882656691297 0.011048885985872753 0.009038117342303708 0.0017361089234525005 0.0017531042487871093 0.0017361089234525001 0.0014817252737441577 0.0014775903647731594 0.0014767174613363788 0.001477590364773159 0.0014817252737441577 0.00032835118663285826 0.0003208580380781885 0.00032835118663285826 0.0002893964090634763 0.000283801719191047 0.00027310835014124064 0.000283801719191047 0.0002893964090634763
0.06773901292619791 0.062101672151271124 0.06773901292619791 0.10598188513473092 0.16868678014744123 0.14811883869388315 0.16868678014744123 0.10598188513473092 0.007324437023911629 0.007173479516186097 0.007324437023911629 0.00950888095923404 0.011781592155232565 0.011285307015455161 0.011781592155232565 0.00950888095923404 0.0030653989762910346 0.003079223292175276 0.003065398976291033 0.002858738743264801 0.0027709066104813014 0.0027897900055626865 0.0027709066104813027 0.002858738743264801 0.0007853574471654377 0.0007822937078398558 0.0007853574471654377 0.0007394918083995059 0.0007288380899181289 0.0007267555730896414 0.0007288380899181289 0.0007394918083995059
0.04453241834451212 0.09787865596903787 0.04453241834451212 0.12508845231752622 0.0830510159548849 0.18227192317779783 0.0830510159548849 0.12508845231752622 0.008835223951171778 0.015622734361548079 0.008835223951171778 0.017887616128468863 0.01307647035502757 0.02243432502697729 0.01307647035502757 0.017887616128468863 0.011237472026430884 0.01001313486934554 0.011237472026430882 0.009679587566636082 0.010370656344416144 0.008994082303500439 0.01037065634441614 0.009679587566636082 0.0020986347493482716 0.0018818169439291813 0.0020986347493482716 0.0018227842798758957 0.0019406868548672437 0.0016612896015318493 0.0019406868548672437 0.0018227842798758957
0.06245644327601868 0.060715293236531916 0.06245644327601868 0.10604659902352165 0.15456734030314026 0.12775614367817298 0.15456734030314026 0.10604659902352165 0.008194284664301063 0.01102858391951739 0.008194284664301063 0.01367014446818029 0.013532308841454677 0.015874069677899914 0.013532308841454677 0.01367014446818029 0.006981299639218449 0.006128787734563733 0.00698129963921845 0.005910804002523883 0.006376973652452878 0.005607698419870354 0.0063769736524528775 0.005910804002523883 0.0022640544548101233 0.0021777032975397025 0.0022640544548101233 0.0021283838512117744 0.0021943773017005655 0.0020656930788353956 0.0021943773017005655 0.0021283838512117744
0.0828410919438811 0.028571317537572433 0.0828410919438811 0.10250585297631823 0.19482559987216067 0.07285486443558827 0.19482559987216067 0.10250585297631823 0.01036743200059972 0.005715383667638805 0.01036743200059972 0.012278355162678048 0.01665853129879934 0.009632560285708755 0.01665853129879934 0.012278355162678048 0.004890375219617773 0.005527979508153642 0.004890375219617771 0.0045113028576377594 0.0042718118722140245 0.004863443982242698 0.004271811872214023 0.0045113028576377594 0.0008599860577989115 0.0009325556120556647 0.0008599860577989115 0.0007796899592393304 0.0007558744560442724 0.0008100876170613389 0.0007558744560442724 0.0007796899592393304
0.08626761360361175 0.05043472167231393 0.08626761360361175 0.10592847074425311 0.18615512250549443 0.09939315197077721 0.18615512250549443 0.10592847074425311 0.009282272994558895 0.007065652378433504 0.009282272994558895 0.010507268341340789 0.013991806763687824 0.010309916529284969 0.013991806763687824 0.010507268341340789 0.0009858533447802199 0.0010953893843271998 0.00098585334478022 0.000888819065390429 0.0008059316405670809 0.0008750831515272448 0.0008059316405670808 0.000888819065390429 0.000162240633130356 0.00016083668005907077 0.000162240633130356 0.0001431733025113744 0.00014480997888423845 0.00013848239685599898 0.00014480997888423845 0.0001431733025113744
0.07610110604940092 0.06459189094991687 0.07610110604940092 0.11327777068279966 0.16205958261426467 0.141512080751068 0.16205958261426467 0.11327777068279966 0.008115806209574868 0.007415241102759819 0.008115806209574868 0.010170498605413462 0.01202981101648897 0.011263894507326493 0.01202981101648897 0.010170498605413462 0.0014113687053741717 0.0014472759101021235 0.0014113687053741724 0.0012127926719280374 0.001139957062973189 0.0011619004765160653 0.001139957062973189 0.0012127926719280374 0.000217041557734777 0.00021276651958065788 0.000217041557734777 0.00018965091142291292 0.00018271892146321742 0.00017873976505231905 0.00018271892146321742 0.00018965091142291292
0.07753877420642152 0.07381207072833758 0.07753877420642152 0.112148406200393 0.1608638758990369 0.1518983908445496 0.1608638758990369 0.112148406200393 0.006521158233351532 0.006548145988600203 0.006521158233351532 0.008209598766206362 0.009465624171567391 0.009542055531243345 0.009465624171567391 0.008209598766206362 0.0009482175322513104 0.0008976780218104239 0.0009482175322513104 0.0008261021230627119 0.0008529244731107549 0.00078578082216813 0.0008529244731107549 0.0008261021230627119 0.0002401109400618476 0.0002220865707368567 0.0002401109400618476 0.0002109394046236522 0.00022151080384796675 0.00019930598468413804 0.00022151080384796675 0.0002109394046236522
0.060474009880232264 0.07076621898590008 0.060474009880232264 0.10831126045019238 0.15209233522581378 0.18145626882246194 0.15209233522581378 0.10831126045019238 0.008557961199410033 0.0096750700875857 0.008557961199410033 0.012111276803116572 0.013800057743978413 0.015973634372106058 0.013800057743978413 0.012111276803116572 0.001495609906730874 0.0013576955199546326 0.0014956099067308744 0.001144988926785832 0.001118151611536074 0.0009734699790560315 0.0011181516115360748 0.001144988926785832 0.00021997322626166532 0.00021039121473919795 0.00021997322626166532 0.00019180101440545728 0.00018683168188373585 0.0001787356775019648 0.00018683168188373585 0.00019180101440545728
0.05025434993502173 0.08292522314188523 0.05025434993502173 0.11314565532793909 0.1271814665934256 0.2008829029955586 0.1271814665934256 0.11314565532793909 0.009458797384691407 0.012185136060776825 0.009458797384691407 0.01504014328912767 0.015328773302885448 0.01930871130247117 0.015328773302885448 0.01504014328912767 0.0029983886500470607 0.0026867009092459843 0.0029983886500470607 0.0023309956448023324 0.0023541778980122915 0.002117450380056626 0.002354177898012293 0.0023309956448023324 0.0005282329767368579 0.0004963254582405717 0.0005282329767368579 0.0004402321779569032 0.00043254840760040877 0.0004100265752714189 0.00043254840760040877 0.0004402321779569032
0.06730678697578145 0.057032945700087795 0.06730678697578145 0.09881053738740987 0.17141708111747286 0.14823430784049008 0.17141708111747286 0.09881053738740987 0.010225351534580042 0.009900229539907619 0.010225351534580042 0.012935137095422891 0.016570010625029035 0.016196261329693738 0.016570010625029035 0.012935137095422891 0.0017855891897367668 0.0017791240003261514 0.0017855891897367664 0.0015034774784975968 0.0012966392583310534 0.0012852615637520017 0.0012966392583310532 0.0015034774784975968 0.00026221419280707866 0.00025859409851622617 0.00026221419280707866 0.000231356177120055 0.0002093487998741037 0.00020621626310077278 0.0002093487998741037 0.000231356177120055
0.08343188025810183 0.02922270620505123 0.08343188025810183 0.1110802608392849 0.20734745933512058 0.07419398066975928 0.20734745933512058 0.1110802608392849 0.00763307902924576 0.0045243663095830946 0.00763307902924576 0.009708406927692797 0.012553092530730735 0.007461028572100959 0.012553092530730735 0.009708406927692797 0.0023607310823410914 0.0026865227492009346 0.0023607310823410906 0.002016113509250381 0.0019826382580020656 0.002268491964803673 0.0019826382580020673 0.002016113509250381 0.00046685943400309347 0.00047287480648062515 0.00046685943400309347 0.0004008575711264389 0.000399273253197422 0.0004087246668261265 0.000399273253197422 0.0004008575711264389
0.07936046245450311 0.060809199220612994 0.07936046245450311 0.11656953951647452 0.16489125387126108 0.13111812750522994 0.16489125387126108 0.11656953951647452 0.00816263593056339 0.0072332017359844625 0.00816263593056339 0.01035183712252698 0.012084276352061534 0.010945746351687307 0.012084276352061534 0.01035183712252698 0.0008386703544079581 0.0008961520275757017 0.0008386703544079585 0.00069137736495265 0.0006512521481077639 0.000698443659588154 0.0006512521481077643 0.00069137736495265 0.0001430549594774011 0.00015060166085049424 0.0001430549594774011 0.000133966101711059 0.00012787746772105257 0.00013612055093397224 0.00012787746772105257 0.000133966101711059
0.08785696145307563 0.043195383830859996 0.08785696145307563 0.0838901518336405 0.19760196825389692 0.0999954997348912 0.19760196825389692 0.0838901518336405 0.00878296955896776 0.00608579673618673 0.00878296955896776 0.009339491976269992 0.013748811618456007 0.009794981297008294 0.013748811618456007 0.009339491976269992 0.004211875319236584 0.004359387665389518 0.004211875319236584 0.0039863082846915395 0.003817972258789519 0.0038623927667478398 0.0038179722587895204 0.0039863082846915395 0.0008306442006194151 0.0008233087211859989 0.0008306442006194151 0.0007713019386031864 0.0007442406175269261 0.000717854620182481 0.0007442406175269261 0.0007713019386031864
0.06199916676000481 0.06051209941358112 0.06199916676000481 0.11141477553173301 0.1581773640494082 0.15241703155760333 0.1581773640494082 0.11141477553173301 0.010160878021430461 0.00974288165750795 0.010160878021430461 0.014115696491172967 0.016585834560473203 0.015525117888906988 0.016585834560473203 0.014115696491172967 0.002170193632431795 0.0022041829302590554 0.002170193632431795 0.0016752670876693358 0.001599614881743637 0.0016499607774046168 0.001599614881743637 0.0016752670876693358 0.00030617054279305267 0.000304303966420409 0.00030617054279305267 0.00025225237966458293 0.00024237749452338193 0.0002452389422195574 0.00024237749452338193 0.00025225237966458293
0.0635835892169963 0.05127654783343914 0.0635835892169963 0.09818151836962617 0.15835255809543003 0.13970381402798604 0.15835255809543003 0.09818151836962617 0.008746808613768456 0.0071238150572363115 0.008746808613768456 0.011239915507597151 0.014306551175108453 0.012026595405026944 0.014306551175108453 0.011239915507597151 0.008076555455349412 0.008323206378548168 0.008076555455349412 0.007632058560594407 0.007379685737296171 0.007598570702690184 0.007379685737296169 0.007632058560594407 0.0024262187381038536 0.0024663561106425163 0.0024262187381038536 0.0023426686593251357 0.002302054581270189 0.0023407290634992594 0.002302054581270189 0.0023426686593251357
0.05414268023576713 0.08843129272474072 0.05414268023576713 0.1233876023641073 0.13770830460336944 0.19106449551178578 0.13770830460336944 0.1233876023641073 0.006394516273203814 0.008471205214078988 0.006394516273203814 0.010724879695857833 0.010400190330566966 0.012862907587919171 0.010400190330566966 0.010724879695857833 0.0017328674899930534 0.0015519133590769579 0.0017328674899930532 0.0013329060036173855 0.0014215753254029665 0.0012808659586456435 0.001421575325402966 0.0013329060036173855 0.0002667766132554282 0.00023422308743497792 0.0002667766132554282 0.00021273536423932956 0.00022840175119336084 0.00019622445516972968 0.00022840175119336084 0.00021273536423932956
0.061999473695074 0.053185008615126185 0.061999473695074 0.10804104635641215 0.16713292061050986 0.13772902862546058 0.16713292061050986 0.10804104635641215 0.009268199099457574 0.008125485906224441 0.009268199099457574 0.01303836410588374 0.01598440444496475 0.013723729178075893 0.01598440444496475 0.01303836410588374 0.004309205312060439 0.004551843564798458 0.004309205312060438 0.0037330164138303728 0.00356098731110724 0.003845688100852185 0.003560987311107239 0.0037330164138303728 0.0006354544701660605 0.0006745066481862452 0.0006354544701660605 0.0005548930468004853 0.0005384556105674332 0.0005718684076078859 0.0005384556105674332 0.0005548930468004853
0.07208192307770524 0.07210656707672647 0.07208192307770524 0.11354689767500156 0.15901750555921837 0.1541035538607986 0.15901750555921837 0.11354689767500156 0.007417843705390738 0.007041318881534268 0.007417843705390738 0.009599281133619108 0.01139362651462353 0.010738034434244943 0.01139362651462353 0.009599281133619108 0.001053692664634826 0.0011283424546529998 0.0010536926646348256 0.000905632178611918 0.0008455850254085756 0.0009194693526669887 0.0008455850254085756 0.000905632178611918 0.00029344130427092635 0.0002946788716082391 0.00029344130427092635 0.00027490971049563123 0.00026876464450809577 0.00026982868079050205 0.00026876464450809577 0.00027490971049563123
0.06659759937647541 0.07442368562819582 0.06659759937647541 0.12712392249546597 0.13674873582228825 0.16290692516495733 0.13674873582228825 0.12712392249546597 0.00814313219214495 0.009113054452035566 0.00814313219214495 0.013144840206493966 0.01202984588326778 0.01392884335508688 0.01202984588326778 0.013144840206493966 0.0016735456489778856 0.0014704409991644592 0.0016735456489778856 0.001063465994060548 0.0013545201953501528 0.0011267996751136594 0.001354520195350153 0.001063465994060548 0.00019142924753444722 0.00016740143607773218 0.00019142924753444722 0.000134229069491793 0.00015778844562423515 0.00013674013501774598 0.00015778844562423515 0.000134229069491793
0.06603067606272785 0.0718098185250571 0.06603067606272785 0.1147632317940243 0.15419755776560137 0.16012523264374798 0.15419755776560137 0.1147632317940243 0.008079711037471016 0.008960249399666678 0.008079711037471016 0.011512644507209405 0.013022296817415166 0.014054282952489896 0.013022296817415166 0.011512644507209405 0.0012895562713579715 0.001231000377030175 0.0012895562713579718 0.0009801187838364665 0.0009318870715327921 0.000903367597401012 0.0009318870715327927 0.0009801187838364665 0.00018519960027933366 0.00018031048850445137 0.00018519960027933366 0.00015483764090937785 0.00014756795154848262 0.00014516740827563918 0.00014756795154848262 0.00015483764090937785
0.05996289389863354 0.0548102768008764 0.05996289389863354 0.09913248414985387 0.1523101113991316 0.13479313635994125 0.1523101113991316 0.09913248414985387 0.013512840503193504 0.012851777221215003 0.013512840503193504 0.018626712929450732 0.02232202132473291 0.0208331795501978 0.02232202132473291 0.018626712929450732 0.005531752644680267 0.005618835641327203 0.005531752644680266 0.004600455930420916 0.004357969628827545 0.0044653976513671055 0.004357969628827546 0.004600455930420916 0.0008335164308397533 0.0008453470761968512 0.0008335164308397533 0.0006978028971399167 0.000663885201034935 0.0006771558229995458 0.000663885201034935 0.0006978028971399167
0.0645676102668697 0.0684222955885015 0.0645676102668697 0.10078999515111824 0.14502437957871223 0.16132969413953602 0.14502437957871223 0.10078999515111824 0.010062003145337194 0.01161962311111958 0.010062003145337194 0.014128300338891129 0.015594685792575537 0.018152840616300098 0.015594685792575537 0.014128300338891129 0.004819613417726997 0.00440006034449394 0.0048196134177269975 0.004114501854468562 0.004209213737117654 0.0037014769754785824 0.0042092137371176515 0.004114501854468562 0.0008180515524750156 0.0007238835190322495 0.0008180515524750156 0.0006771976649991228 0.0007138404973728127 0.0006113397102096113 0.0007138404973728127 0.0006771976649991228
0.07600923417448184 0.06420529118771827 0.07600923417448184 0.10571517814325422 0.16607122011287387 0.1393739153575119 0.16607122011287387 0.10571517814325422 0.006053975648291668 0.005653732301253722 0.006053975648291668 0.007477782160172328 0.009305105837603894 0.008599026933204062 0.009305105837603894 0.007477782160172328 0.0029571637034713537 0.0029897333497508243 0.002957163703471354 0.0028415562519114052 0.0027967741356994926 0.0028234987219018753 0.0027967741356994926 0.0028415562519114052 0.002256848436764537 0.002263455761653799 0.002256848436764537 0.0022239619281705465 0.0022229968612922156 0.0022277515990308046 0.0022229968612922156 0.0022239619281705465
0.06737544542978205 0.07679125880290842 0.06737544542978205 0.11749654258398792 0.1295150391551567 0.16179875651211656 0.1295150391551567 0.11749654258398792 0.008279451089733375 0.009942805725085511 0.008279451089733375 0.0124739829425771 0.012169241937690471 0.015426910951311197 0.012169241937690471 0.0124739829425771 0.004786372195415754 0.004290734808575252 0.0047863721954157544 0.004028606490418833 0.004249354545170754 0.003652682267048376 0.0042493545451707535 0.004028606490418833 0.0010262696896565255 0.0009299847156854611 0.0010262696896565255 0.000876893951358498 0.0009083306440720341 0.0007958049072292423 0.0009083306440720341 0.000876893951358498
0.05445298381179862 0.04795801443309043 0.05445298381179862 0.10087473571008945 0.14440065657855836 0.1283050219686153 0.14440065657855836 0.10087473571008945 0.011862565742886612 0.011845221542663077 0.011862565742886612 0.018263009230376534 0.020187998652686102 0.020017808687992668 0.020187998652686102 0.018263009230376534 0.009908494897310672 0.009666730009041589 0.00990849489731068 0.008471087894579322 0.008695613708048302 0.008357910488346035 0.008695613708048304 0.008471087894579322 0.002628412454457693 0.0025370735399044913 0.002628412454457693 0.0023587754318114087 0.002401257738443051 0.0023010356282542137 0.002401257738443051 0.0023587754318114087
0.06032051903544594 0.07258076030862987 0.06032051903544594 0.10052620012689477 0.14558312918822597 0.1768850411299146 0.14558312918822597 0.10052620012689477 0.008701712967184243 0.010871942336395471 0.008701712967184243 0.013241128560295523 0.014138234016136144 0.017526199310025713 0.014138234016136144 0.013241128560295523 0.004552194604129018 0.004107133571048549 0.0045521946041290175 0.003779471783121047 0.003892712311432942 0.0034527372188226163 0.003892712311432941 0.003779471783121047 0.0007237453779613688 0.0006513664668133035 0.0007237453779613688 0.0006036617378755826 0.0006194423634030491 0.0005605155141386655 0.0006194423634030491 0.0006036617378755826
0.07055844780241206 0.06313702060232332 0.07055844780241206 0.11256110300988975 0.1471209725691826 0.14669814769839964 0.1471209725691826 0.11256110300988975 0.007223771053301518 0.007033988571702233 0.007223771053301518 0.00960650504259382 0.01073497321763506 0.010940774535306386 0.01073497321763506 0.00960650504259382 0.004398604660929669 0.00438476756717358 0.004398604660929666 0.004226550825494761 0.0041978323122100255 0.004202763312742474 0.0041978323122100255 0.004226550825494761 0.002815020902394087 0.0028353609526233997 0.002815020902394087 0.0027817118537853927 0.0027613367033326756 0.0027935168534060422 0.0027613367033326756 0.0027817118537853927
0.07278552272895591 0.07842682090807132 0.07278552272895591 0.11696498547045257 0.15299938595434964 0.16190105104580754 0.15299938595434964 0.11696498547045257 0.006934288057831592 0.007525232767015926 0.006934288057831592 0.009167828872491202 0.010146855675549555 0.010990135158456331 0.010146855675549555 0.009167828872491202 0.0004295667869848891 0.0003714045659864053 0.0004295667869848888 0.0003088975286059208 0.00032156417602173455 0.0002685811350600306 0.00032156417602173455 0.0003088975286059208 5.637159898763267e-05 5.359143592272661e-05 5.637159898763267e-05 4.7772970150074556e-05 4.644675436011763e-05 4.4209834198134706e-05 4.644675436011763e-05 4.7772970150074556e-05
0.06386348273223408 0.07651007883649266 0.06386348273223408 0.1255041405718552 0.15240148316766242 0.15954370733138087 0.15240148316766242 0.1255041405718552 0.006519987096462338 0.007354196598745017 0.006519987096462338 0.010065092476209065 0.010448994150132798 0.010874007788765884 0.010448994150132798 0.010065092476209065 0.0009869419272246357 0.0009290871345274801 0.000986941927224636 0.0007431582768399028 0.0007705423646232036 0.0007560423316956265 0.0007705423646232033 0.0007431582768399028 0.00019416813610170842 0.0001832946250697762 0.00019416813610170842 0.00016973758567613136 0.0001740843692366759 0.00016595964480638477 0.0001740843692366759 0.00016973758567613136
0.060714392857018934 0.08072968386691035 0.060714392857018934 0.11973272809068602 0.14344607690841718 0.16919487283904786 0.14344607690841718 0.11973272809068602 0.008508396098851616 0.010120443831592106 0.008508396098851616 0.012561336809086984 0.013291568574768606 0.014774016002740427 0.013291568574768606 0.012561336809086984 0.0011485747181923364 0.000999186578801746 0.0011485747181923364 0.000844160512149555 0.0008562959441657778 0.0007610050514321115 0.0008562959441657778 0.000844160512149555 0.00017875270638695288 0.00015449420617758672 0.00017875270638695288 0.00014146893794386657 0.00014373841367438495 0.00013131648061337416 0.00014373841367438495 0.00014146893794386657
0.07611856661509354 0.05058996126610319 0.07611856661509354 0.09673793793315756 0.17164961657124603 0.11019679823537139 0.17164961657124603 0.09673793793315756 0.009482913747626538 0.007619280735815852 0.009482913747626538 0.011544522074277176 0.014670074662847405 0.011883710550751216 0.014670074662847405 0.011544522074277176 0.005868113777040506 0.0059239370518443515 0.0058681137770405034 0.005436464157687963 0.005439349687734167 0.005326047074419034 0.005439349687734164 0.005436464157687963 0.0019369676992455293 0.0018846818621760738 0.0019369676992455293 0.0017750776536245888 0.0017912035628180238 0.0016739669387207477 0.0017912035628180238 0.0017750776536245888
0.06744542856745224 0.06647837387837092 0.06744542856745224 0.11553509079937477 0.1591090077938485 0.159406893984799 0.1591090077938485 0.11553509079937477 0.008331042759581915 0.008273619719078534 0.008331042759581915 0.011099120093580238 0.012994047083478379 0.013045167595146023 0.012994047083478379 0.011099120093580238 0.0004941584198841847 0.0004958752799451881 0.0004941584198841845 0.0003773607600278567 0.00033840236804557185 0.00033233479079666285 0.000338402368045572 0.0003773607600278567 7.263074942748218e-05 7.301233774581958e-05 7.263074942748218e-05 6.287385526611926e-05 5.8714898359051815e-05 5.896611746531193e-05 5.8714898359051815e-05 6.287385526611926e-05
0.08657919950257928 0.06877150448386823 0.08657919950257928 0.11288893626606313 0.15489938731046365 0.13129175834275633 0.15489938731046365 0.11288893626606313 0.009462154977487935 0.00827765622827368 0.009462154977487935 0.010987585419890035 0.012761824794102417 0.011684316837036713 0.012761824794102417 0.010987585419890035 0.0005818144358161522 0.0006345753481353366 0.0005818144358161523 0.0004897450336009601 0.00044490374067987254 0.00047105365307928095 0.00044490374067987276 0.0004897450336009601 8.998520690830813e-05 9.540010853346294e-05 8.998520690830813e-05 8.272716769850232e-05 7.809645522268524e-05 8.101437729108079e-05 7.809645522268524e-05 8.272716769850232e-05
0.08381826524849573 0.04113124261059521 0.08381826524849573 0.10395571343477304 0.18813256997278371 0.09155154442169991 0.18813256997278371 0.10395571343477304 0.010212587894624174 0.007530680024847613 0.010212587894624174 0.012957931253746642 0.015630636047348666 0.011635449207465823 0.015630636047348666 0.012957931253746642 0.0022700740698717845 0.0024427320816180725 0.002270074069871784 0.001764580278447819 0.001850985823862562 0.0019868357240234334 0.0018509858238625631 0.001764580278447819 0.0003518729712056513 0.00037368863526948947 0.0003518729712056513 0.00028340184123467786 0.0002910667611215687 0.00030845609944842614 0.0002910667611215687 0.00028340184123467786
0.08060330287860173 0.061595818141064705 0.08060330287860173 0.12326242435848636 0.15702096994651088 0.1180981073888338 0.15702096994651088 0.12326242435848636 0.008170151507729432 0.008249968110257095 0.008170151507729432 0.011712823319712013 0.012285276190720626 0.011958642946372508 0.012285276190720626 0.011712823319712013 0.0017734147507368484 0.0015935552503811789 0.001773414750736848 0.0013323215558168813 0.0014097197825880365 0.0012642979752807227 0.0014097197825880367 0.0013323215558168813 0.0003113785056678905 0.00026801918161439126 0.0003113785056678905 0.00023811256869637026 0.0002534908850506917 0.00022481850556015532 0.0002534908850506917 0.00023811256869637026
0.054729425605487214 0.11080577642917971 0.054729425605487214 0.13025643783907628 0.10193382157049409 0.17337711764927452 0.10193382157049409 0.13025643783907628 0.008244789141230025 0.012891846299808237 0.008244789141230025 0.014204994499251476 0.011792654736561206 0.016952014438382124 0.011792654736561206 0.014204994499251476 0.004590379182590504 0.0039531727130674415 0.004590379182590504 0.00381574723413132 0.004114319445060778 0.003532237748889787 0.004114319445060776 0.00381574723413132 0.00153010814325062 0.001376331030910787 0.00153010814325062 0.001325655558830172 0.001394927117578629 0.0012449835434026918 0.001394927117578629 0.001325655558830172
0.07696332138802334 0.05948200596752406 0.07696332138802334 0.11928814573129283 0.16638286084168022 0.13548594377370807 0.16638286084168022 0.11928814573129283 0.007721638499527498 0.006660415366943813 0.007721638499527498 0.009672902203267823 0.01153755111322182 0.010304793586592314 0.01153755111322182 0.009672902203267823 0.000626357734740685 0.0006806605266088027 0.0006263577347406844 0.0005208778269006804 0.00045196087867728464 0.00048690711661797593 0.0004519608786772847 0.0005208778269006804 7.815176693832593e-05 8.207415737414551e-05 7.815176693832593e-05 6.898534285549034e-05 6.300309042085584e-05 6.568666953707839e-05 6.300309042085584e-05 6.898534285549034e-05
0.0669622512699903 0.059965190641075444 0.0669622512699903 0.10566831193536884 0.16934414089325983 0.14341468205162597 0.16934414089325983 0.10566831193536884 0.009263077167960152 0.00854803945694195 0.009263077167960152 0.012355969703774427 0.015135483141061818 0.013490638155201486 0.015135483141061818 0.012355969703774427 0.0020951611542257315 0.0021976196378364317 0.002095161154225732 0.0017241273265663655 0.0016188546646642786 0.0017523945099658825 0.0016188546646642781 0.0017241273265663655 0.00032243229592535913 0.00031828858643233895 0.00032243229592535913 0.00027020369843953185 0.00026263190959725644 0.0002678566392527579 0.00026263190959725644 0.00027020369843953185
0.06560493197846154 0.07892094986130471 0.06560493197846154 0.12336206017090459 0.14418396405219938 0.15937079597993342 0.14418396405219938 0.12336206017090459 0.007711827232350268 0.008493297135263245 0.007711827232350268 0.011031097916334085 0.011684595699334024 0.012270055795414948 0.011684595699334024 0.011031097916334085 0.00154989262835055 0.0015159229002814666 0.0015498926283505497 0.0013323745291732765 0.0013312406128611586 0.0013010247741720394 0.0013312406128611592 0.0013323745291732765 0.00033922904642548176 0.00032456500170186 0.00033922904642548176 0.00030742961183025737 0.0003164699159745261 0.0002931617635299729 0.0003164699159745261 0.00030742961183025737
0.056238799784269614 0.0712264768085345 0.056238799784269614 0.12222079764548399 0.13615397712936064 0.1684048821353827 0.13615397712936064 0.12222079764548399 0.007959403879974167 0.009993566410236455 0.007959403879974167 0.013110662850082356 0.012662522776146077 0.01588545382314773 0.012662522776146077 0.013110662850082356 0.004643424638218079 0.0041331097486119635 0.004643424638218079 0.0038116507168024193 0.004063744860525144 0.0033601803187614456 0.0040637448605251435 0.0038116507168024193 0.0007643363363545834 0.0006530357802036797 0.0007643363363545834 0.000610541533741617 0.0006623532012240429 0.0005388642707560352 0.0006623532012240429 0.000610541533741617
0.06766997761065731 0.0750547543230729 0.06766997761065731 0.11704395952748188 0.15256931651708858 0.1688767333985392 0.15256931651708858 0.11704395952748188 0.006576341453574775 0.007791377838732531 0.006576341453574775 0.009609907823348788 0.01048828504030101 0.011986605892669783 0.01048828504030101 0.009609907823348788 0.0011334830008129647 0.0009759483149315862 0.0011334830008129647 0.0008505028176545617 0.0008550418990995701 0.0007579829395225495 0.0008550418990995701 0.0008505028176545617 0.00014133519097639033 0.00012327395042409703 0.00014133519097639033 0.00011203343053859673 0.00011496427263632623 0.00010302617376592279 0.00011496427263632623 0.00011203343053859673
0.06887051895131618 0.07432361319210617 0.06887051895131618 0.12298024415416087 0.14628726151725868 0.16170182741734596 0.14628726151725868 0.12298024415416087 0.0073479893726169565 0.0078028589771226165 0.0073479893726169565 0.010324138508267968 0.010903256947976288 0.01167139906813028 0.010903256947976288 0.010324138508267968 0.0013515008886574727 0.001292960614927617 0.0013515008886574734 0.001146115120968864 0.0011438102994436982 0.0010796737388473357 0.0011438102994436982 0.001146115120968864 0.00019670732766718712 0.00018185262627468522 0.00019670732766718712 0.000168721700661018 0.00017458611356746656 0.0001561125601199449 0.00017458611356746656 0.000168721700661018
0.07429817039296172 0.04703041434560076 0.07429817039296172 0.10882415392873288 0.19049342030451416 0.12402050095874205 0.19049342030451416 0.10882415392873288 0.0060264521309320385 0.004795307617390939 0.0060264521309320385 0.007368046903790352 0.00975169072004982 0.007849748820079565 0.00975169072004982 0.007368046903790352 0.002251676147202239 0.0023207789913035235 0.002251676147202239 0.002137405691868393 0.0020704278767409816 0.0021231506538600515 0.002070427876740981 0.002137405691868393 0.0006993061581961517 0.0007130206680635211 0.0006993061581961517 0.0006664483185486613 0.0006531667133669113 0.0006663473711508487 0.0006531667133669113 0.0006664483185486613
0.06763935888920673 0.048228259168811946 0.06763935888920673 0.10187393735615365 0.17208068438300356 0.13118069732047657 0.17208068438300356 0.10187393735615365 0.011601180434095616 0.009805778996379326 0.011601180434095616 0.01465628765334763 0.01884418935883333 0.016371642613703604 0.01884418935883333 0.01465628765334763 0.002494846368823125 0.0026696372408553984 0.002494846368823125 0.002151109736304739 0.0019265399897626064 0.0020655459501127977 0.0019265399897626062 0.002151109736304739 0.00041867333956039304 0.000431586333822699 0.00041867333956039304 0.00038299694857169003 0.0003654008239680256 0.0003764418125754315 0.0003654008239680256 0.00038299694857169003
0.07636109988331924 0.07729797116461475 0.07636109988331924 0.11968514639088193 0.15505823272541502 0.15451431010710145 0.15505823272541502 0.11968514639088193 0.006300309159771077 0.00637319376793954 0.006300309159771077 0.00800835839990844 0.009081155549056075 0.009122355167203923 0.009081155549056075 0.00800835839990844 0.0003628627785488638 0.0003647202577852789 0.00036286277854886376 0.0003164609831981491 0.0003016815089047617 0.00029935147233431787 0.00030168150890476185 0.0003164609831981491 0.00013766115878960462 0.0001362293036363024 0.00013766115878960462 0.00013350971515766705 0.00013380921366513043 0.00013129382615258538 0.00013380921366513043 0.00013350971515766705
0.06846381226272656 0.08230805661097945 0.06846381226272656 0.12704440154577687 0.13902680147914642 0.16189328841495812 0.13902680147914642 0.12704440154577687 0.00729147617909243 0.008073457542390462 0.00729147617909243 0.010668433071859173 0.010581425118143509 0.011833459089225921 0.010581425118143509 0.010668433071859173 0.0012292225807557478 0.0011714913874190701 0.0012292225807557476 0.0009843455163578623 0.0010386050723488964 0.0009523345934658239 0.0010386050723488966 0.0009843455163578623 0.00015662970205858963 0.00014591847143458766 0.00015662970205858963 0.00012821990804993456 0.00013627082155836802 0.00012270737437784213 0.00013627082155836802 0.00012821990804993456
0.06885835000174935 0.07098150902487606 0.06885835000174935 0.1165897122215346 0.16081170064971592 0.15809708729852923 0.16081170064971592 0.1165897122215346 0.00638487047733088 0.00660967079711541 0.00638487047733088 0.008735092368392363 0.010033795006629948 0.010190274452806347 0.010033795006629948 0.008735092368392363 0.0013721733693210243 0.0013009307866302772 0.0013721733693210247 0.001160157151948218 0.0011630702578391344 0.0010534289689572633 0.0011630702578391341 0.001160157151948218 0.0002217266634732317 0.0002002960571971723 0.0002217266634732317 0.0001834971271903688 0.00018686094273334482 0.00016479013817148285 0.00018686094273334482 0.0001834971271903688
