0.05127912431140976 0.0759601924254083 0.05127912431140976 0.10734298445039497 0.13292985683338068 0.18917170818086523 0.13292985683338068 0.10734298445039497 0.011317977465958457 0.012391125613816901 0.011317977465958457 0.015621797744610089 0.017963473655074256 0.019742872346815245 0.017963473655074256 0.015621797744610089 0.0036232042642692823 0.0035911983201059434 0.0036232042642692815 0.0031330407266721063 0.002915581954560841 0.0028717961369387835 0.0029155819545608423 0.0031330407266721063 0.000546084946278105 0.0005475750916383215 0.000546084946278105 0.0004926357299650622 0.00046355320835250497 0.0004649013025590127 0.00046355320835250497 0.0004926357299650622
0.050450941148041516 0.0777972348908469 0.050450941148041516 0.11274305854691846 0.13800711194727122 0.19305071190142803 0.13800711194727122 0.11274305854691846 0.00951630163969712 0.012259745711839071 0.00951630163969712 0.01490596449328878 0.016121132441435374 0.01999761849421314 0.016121132441435374 0.01490596449328878 0.0018806250649386796 0.0015692951535191428 0.0018806250649386787 0.001361953337884925 0.0013221660536618545 0.001080622962321119 0.0013221660536618545 0.001361953337884925 0.00024141326800733388 0.00021417382622033763 0.00024141326800733388 0.000193691815459277 0.00018728491797020765 0.00016730771046263203 0.00018728491797020765 0.000193691815459277
0.06043950928235697 0.07776240665313933 0.06043950928235697 0.12619960486266565 0.15353778017960149 0.17748753502651846 0.15353778017960149 0.12619960486266565 0.0054449117977657165 0.005906562441339838 0.0054449117977657165 0.00781629131569688 0.008701050596702611 0.009357228251278864 0.008701050596702611 0.00781629131569688 0.0004917848304886861 0.0004741760152205112 0.0004917848304886861 0.00041735098248849267 0.0004082609484937873 0.00038645240157402953 0.0004082609484937874 0.00041735098248849267 0.00022142676378828435 0.00021299065389523077 0.00022142676378828435 0.00021027954211849862 0.00021825095397580554 0.0001996444447479494 0.00021825095397580554 0.00021027954211849862
0.06534671156917221 0.04701354575692869 0.06534671156917221 0.09542627088550337 0.17056815947824014 0.13606917045594755 0.17056815947824014 0.09542627088550337 0.01124304696857449 0.009182878913103251 0.01124304696857449 0.013506375421260878 0.01877812051660167 0.015960859458264903 0.01877812051660167 0.013506375421260878 0.004882540228368875 0.005189934875946224 0.004882540228368874 0.004593451804804489 0.004138089102740407 0.004385582395477631 0.004138089102740407 0.004593451804804489 0.0006977440224492741 0.0007133633014791178 0.0006977440224492741 0.0006509273557260988 0.0006041812815490686 0.0006134275728707283 0.0006041812815490686 0.0006509273557260988
0.06276461763286198 0.07219362214654974 0.06276461763286198 0.11359946630729559 0.155229157687274 0.1728840450569655 0.155229157687274 0.11359946630729559 0.007889158880157707 0.00839386099739851 0.007889158880157707 0.010715123279130802 0.012640437084718358 0.013338468465750894 0.012640437084718358 0.010715123279130802 0.0008975233457376661 0.0008731382825161822 0.0008975233457376657 0.0007511579580771822 0.0006792291288876889 0.0006583025051861088 0.0006792291288876886 0.0007511579580771822 0.00018120724668998036 0.00018056759447101914 0.00018120724668998036 0.00016456950877831 0.0001518131868670462 0.00015107245820939846 0.0001518131868670462 0.00016456950877831
0.07250896247959498 0.06619343092300078 0.07250896247959498 0.12009556043188284 0.16476666544593374 0.15082638236015322 0.16476666544593374 0.12009556043188284 0.005626835326406581 0.0052192680528357766 0.005626835326406581 0.007480261078761246 0.008759320779578517 0.008531247483529172 0.008759320779578517 0.007480261078761246 0.0009312372075094311 0.0008825499641953657 0.0009312372075094313 0.0008041733232775054 0.0008141158004800683 0.0007604696705160323 0.000814115800480068 0.0008041733232775054 0.0005153877712057421 0.0004954397126073203 0.0005153877712057421 0.0004926298227051022 0.0005093970115274086 0.000482118875436105 0.0005093970115274086 0.0004926298227051022
0.04140975221033182 0.06736651208651957 0.04140975221033182 0.09816003575745869 0.1196263534639984 0.17791244650779126 0.1196263534639984 0.09816003575745869 0.0137125351859276 0.017397761095074352 0.0137125351859276 0.021006863006413926 0.02294986196280424 0.028722941969548256 0.02294986196280424 0.021006863006413926 0.009238271989174823 0.008469357932835537 0.009238271989174818 0.00789078046704732 0.0076429367508155785 0.006731397858466712 0.007642936750815584 0.00789078046704732 0.0014429066009985338 0.0013083145220237767 0.0014429066009985338 0.0012304958449403766 0.0012018169205158479 0.001066047706886228 0.0012018169205158479 0.0012304958449403766
0.04403874990812542 0.11375729936424564 0.04403874990812542 0.13805389944743682 0.10566351241158149 0.2401484492582807 0.10566351241158149 0.13805389944743682 0.004055285706992213 0.00541951606630373 0.004055285706992213 0.006508161555937507 0.006361523976402871 0.00875328307254067 0.006361523976402871 0.006508161555937507 0.0019054879088857626 0.001848558826854869 0.0019054879088857635 0.00176360462340531 0.0018001637422533445 0.001745618632145192 0.001800163742253344 0.00176360462340531 0.0010389547312758699 0.000993839296594536 0.0010389547312758699 0.0009757207055307261 0.0010149054171639455 0.0009734952130522684 0.0010149054171639455 0.0009757207055307261
0.07289892163780796 0.06968582462960651 0.07289892163780796 0.11234326314590037 0.163491726984853 0.14201169948188705 0.163491726984853 0.11234326314590037 0.008491890493437276 0.008029889297723497 0.008491890493437276 0.010364534235590455 0.012789046487086972 0.011679704266229015 0.012789046487086972 0.010364534235590455 0.0009461212130234034 0.000999524703088023 0.0009461212130234034 0.0008566769092726692 0.0007426980167508337 0.0007975970587433641 0.0007426980167508335 0.0008566769092726692 0.00012630937455330665 0.000132345881450152 0.00012630937455330665 0.00011733648034165578 0.00010729523105239508 0.00011177426193174328 0.00010729523105239508 0.00011733648034165578
0.0687400754241259 0.059899950282887277 0.0687400754241259 0.09761293096468139 0.1569567419324522 0.13582767646904853 0.1569567419324522 0.09761293096468139 0.011576179731611838 0.010079106598435904 0.011576179731611838 0.013488464919143421 0.01718437764739299 0.015034228316932434 0.01718437764739299 0.013488464919143421 0.005702015756457504 0.005907872900895589 0.005702015756457504 0.005556434836131353 0.005370124899100481 0.005530951206226558 0.00537012489910048 0.005556434836131353 0.0003784542297970804 0.0004255335152398924 0.0003784542297970804 0.0001308502474024594 0.0008736159387091493 0.0001541476563223192 0.0008736159387091493 0.0001308502474024594
0.0832671455916761 0.07053045320396735 0.0832671455916761 0.11729177700080641 0.16358913891289148 0.1385154519374683 0.16358913891289148 0.11729177700080641 0.005466034193129076 0.00466616926753442 0.005466034193129076 0.006618027416227765 0.007986111557615774 0.006867004650192204 0.007986111557615774 0.006618027416227765 0.0009026622734732735 0.0009543902713058006 0.0009026622734732737 0.000833897165879434 0.0008110584147183447 0.0008524723599084125 0.0008110584147183448 0.000833897165879434 0.0005136325134181217 0.0005273027881342077 0.0005136325134181217 0.0005058930489577034 0.0004990462434519945 0.0005179068569984726 0.0004990462434519945 0.0005058930489577034
0.07891804006939392 0.06850895978517285 0.07891804006939392 0.11414928420032801 0.16250346755156223 0.144777389626486 0.16250346755156223 0.11414928420032801 0.006650206377897189 0.006071264947660121 0.006650206377897189 0.008239182926246683 0.009896583266986269 0.00920738067019457 0.009896583266986269 0.008239182926246683 0.001289826903753947 0.0012677391012793626 0.001289826903753947 0.001135206535911715 0.0011509322780935386 0.0010639068186822068 0.0011509322780935388 0.001135206535911715 0.00017171281936966478 0.00015603591061049294 0.00017171281936966478 0.00014693550427865296 0.0001550801663898459 0.00013440593949104972 0.0001550801663898459 0.00014693550427865296
0.0677856755804754 0.07072850186073516 0.0677856755804754 0.11229070281424312 0.16686968563070712 0.15665863707330346 0.16686968563070712 0.11229070281424312 0.006890611652044529 0.006812052287658048 0.006890611652044529 0.008880963004559565 0.011208331109870132 0.010528623640627151 0.011208331109870132 0.008880963004559565 0.0007929658589925264 0.0008392382566322158 0.0007929658589925267 0.0006999467147033283 0.0006155485358483637 0.0006532910898939473 0.0006155485358483635 0.0006999467147033283 0.00021775903845400093 0.00023538758158942523 0.00021775903845400093 0.00021258997599817118 0.000195285865978872 0.00022413664581021016 0.000195285865978872 0.00021258997599817118
0.06051994533661868 0.055929920417156984 0.06051994533661868 0.0882541673979642 0.16635573271583834 0.16167572565761257 0.16635573271583834 0.0882541673979642 0.011852180338028916 0.011410692226663606 0.011852180338028916 0.014533333771378625 0.02049087177970603 0.020043132946770376 0.02049087177970603 0.014533333771378625 0.0034434920997069144 0.0034908303837277587 0.0034434920997069153 0.003050571618842542 0.002533547968038095 0.0025530020023464073 0.0025335479680380947 0.003050571618842542 0.0003905171646571997 0.00039502250565993404 0.0003905171646571997 0.0003577906835638113 0.00031113565862073253 0.0003151007941342222 0.00031113565862073253 0.0003577906835638113
0.060772648784072916 0.050055688947472435 0.060772648784072916 0.08901959285917836 0.1585467763464539 0.12945088995680237 0.1585467763464539 0.08901959285917836 0.009065616062556178 0.007617995601865485 0.009065616062556178 0.01066442292047285 0.01451996157645344 0.012094126579603712 0.01451996157645344 0.01066442292047285 0.013049563644592973 0.013234320555990678 0.013049563644592973 0.012937172194403454 0.012748489738067182 0.012913839099775842 0.012748489738067182 0.012937172194403454 0.0016637074701382627 0.001713317755132092 0.0016637074701382627 0.0014416983228711115 0.001305944584553335 0.0014486324957294092 0.001305944584553335 0.0014416983228711115
0.06543695863103044 0.09400927990932655 0.06543695863103044 0.13848117072069294 0.11375883606463004 0.18327643236270721 0.11375883606463004 0.13848117072069294 0.007158039998188109 0.007924459088396554 0.007158039998188109 0.010153964968635408 0.009845704924466396 0.011799227400455112 0.009845704924466396 0.010153964968635408 0.0014774616996236839 0.001427606969181158 0.001477461699623684 0.001262406113725246 0.0012446041807434288 0.001179350998120491 0.0012446041807434288 0.001262406113725246 0.0003734937076938985 0.00034992661334373417 0.0003734937076938985 0.00033025147623794583 0.0003413364396356031 0.0003052588078630197 0.0003413364396356031 0.00033025147623794583
0.06770391815435418 0.0719414607966587 0.06770391815435418 0.1180638133653149 0.16288525609687862 0.1644158359262844 0.16288525609687862 0.1180638133653149 0.004992503585429764 0.005071505738132008 0.004992503585429764 0.00686044500240129 0.008000879303506259 0.008082545751680865 0.008000879303506259 0.00686044500240129 0.0011819582934140319 0.0011595520197223209 0.001181958293414032 0.001086465565774294 0.0010838372489312077 0.0010669565829863005 0.001083837248931208 0.001086465565774294 0.0005836684089794326 0.0005688728065617303 0.0005836684089794326 0.0005594492609798433 0.0005696709729171536 0.000549539860211628 0.0005696709729171536 0.0005594492609798433
0.07112469966703924 0.07445098044478422 0.07112469966703924 0.10720094601608564 0.15385251256175636 0.1466864930087997 0.15385251256175636 0.10720094601608564 0.00865819387943672 0.008529549474925327 0.00865819387943672 0.01026177045351368 0.013036227568622896 0.012343667599224022 0.013036227568622896 0.01026177045351368 0.0031836711683927675 0.0032343478619430515 0.003183671168392768 0.003058605483782756 0.0028436103209512646 0.002914474458371457 0.002843610320951262 0.003058605483782756 0.00043443908703099635 0.0004926643430018126 0.00043443908703099635 0.0002434871391590203 0.0011738561321191878 0.0012037838531692617 0.0011738561321191878 0.0002434871391590203
0.048497685960355 0.09666638055650216 0.048497685960355 0.12784289605397112 0.12037261264839363 0.20717824678493746 0.12037261264839363 0.12784289605397112 0.0063961317905771 0.007601395631691849 0.0063961317905771 0.009800898358961535 0.010425843573936791 0.012383878401924588 0.010425843573936791 0.009800898358961535 0.0027764060303009457 0.0027279309284068583 0.0027764060303009453 0.0025102659622213445 0.0024712341546820546 0.0024218974592363257 0.002471234154682056 0.0025102659622213445 0.0011448471349927746 0.0011022923206680686 0.0011448471349927746 0.0010826529117190333 0.0011120652820800973 0.0010508981922498644 0.0011120652820800973 0.0010826529117190333
0.06677578765668311 0.08717538885125962 0.06677578765668311 0.11617991224443623 0.14106415449986293 0.16577907655573126 0.14106415449986293 0.11617991224443623 0.007674062968591333 0.008312630524995377 0.007674062968591333 0.010285800255608251 0.011310093693838485 0.01218462448720618 0.011310093693838485 0.010285800255608251 0.0017087532414328177 0.001686591291076548 0.0017087532414328172 0.0015083143542818447 0.0014993540519921684 0.0014619725703334853 0.0014993540519921684 0.0015083143542818447 0.000948565792009492 0.0009155092380183272 0.000948565792009492 0.0009082701546945379 0.0009361125063974119 0.0008858436417220005 0.0009361125063974119 0.0009082701546945379
0.079565014599536 0.06365021645868203 0.079565014599536 0.10743059173106273 0.17059683854885774 0.13393793347261285 0.17059683854885774 0.10743059173106273 0.008360152093443438 0.007193875156992829 0.008360152093443438 0.009798542043096933 0.012828107578553242 0.011004903111374323 0.012828107578553242 0.009798542043096933 0.0007777307877229963 0.0008772673876377245 0.0007777307877229966 0.0007089264398816654 0.000575811667972601 0.0006645539107778251 0.0005758116679726011 0.0007089264398816654 0.00017708433649683331 0.000182915731259231 0.00017708433649683331 0.00017368050844578364 0.00016534186585680046 0.00017269036880977813 0.00016534186585680046 0.00017368050844578364
0.08410285084151459 0.08213877371667207 0.08410285084151459 0.12327746297263015 0.1447543740668536 0.13708432054616285 0.1447543740668536 0.12327746297263015 0.007232860353346828 0.007031147319750492 0.007232860353346828 0.008730578169492558 0.009809652484194764 0.009413386704704218 0.009809652484194764 0.008730578169492558 0.0008831264811057957 0.000870651809071104 0.0008831264811057956 0.000812505579471312 0.0007758790963687032 0.0007567495783760058 0.0007758790963687033 0.000812505579471312 0.00025359311081342607 0.00024547576071557207 0.00025359311081342607 0.00024012637137700026 0.00024170515638119734 0.00023006519744769928 0.00024170515638119734 0.00024012637137700026
0.07842417047718865 0.06661505861508935 0.07842417047718865 0.10149945870087969 0.15500665940386482 0.1337055722931703 0.15500665940386482 0.10149945870087969 0.011412728708367674 0.010689793605832531 0.011412728708367674 0.013371390939921762 0.016674360341234706 0.01574368234559156 0.016674360341234706 0.013371390939921762 0.0024915628855196378 0.002509289551357524 0.0024915628855196395 0.0022284179085508876 0.002009720105605428 0.00200231403567416 0.002009720105605427 0.0022284179085508876 0.00034647092373940374 0.00034199600382116925 0.00034647092373940374 0.00030889095569575146 0.00028317631527609007 0.0002782782177743439 0.00028317631527609007 0.00030889095569575146
0.07138412739138697 0.09813095416000746 0.07138412739138697 0.1276778060964213 0.13321682695590503 0.16854706501223407 0.13321682695590503 0.1276778060964213 0.006509317571406346 0.007431096524434434 0.006509317571406346 0.008751307559033295 0.009184000698006614 0.010118277876096616 0.009184000698006614 0.008751307559033295 0.00030052831728976314 0.0002943838535308368 0.00030052831728976314 0.00024359380335405668 0.0002192626259702137 0.00022145544823571389 0.00021926262597021375 0.00024359380335405668 3.9132921442834554e-05 3.8476864773198324e-05 3.9132921442834554e-05 3.445579414167275e-05 3.252400073255155e-05 3.252279050637485e-05 3.252400073255155e-05 3.445579414167275e-05
0.057997728146595734 0.08104361334290522 0.057997728146595734 0.11215104511101996 0.13932306914218406 0.18761376189425988 0.13932306914218406 0.11215104511101996 0.008890979064289784 0.010915279697721773 0.008890979064289784 0.012799399807218394 0.014138672523339446 0.01703812479206975 0.014138672523339446 0.012799399807218394 0.0016903915081463564 0.0014851518750124773 0.001690391508146356 0.0013505166025613627 0.001280592718759756 0.0011056188630719432 0.0012805927187597565 0.0013505166025613627 0.00022005855166422377 0.00020624703577514026 0.00022005855166422377 0.00019137755172200327 0.00017849657198105914 0.00016754790021958772 0.00017849657198105914 0.00019137755172200327
0.07492637455527754 0.06688293081288568 0.07492637455527754 0.11291529524466465 0.16006298675493366 0.15060010721974865 0.16006298675493366 0.11291529524466465 0.007096715462115123 0.006365657168006536 0.007096715462115123 0.008595525946850664 0.010518286124413164 0.009838972661921182 0.010518286124413164 0.008595525946850664 0.001919640179553253 0.0019720680499479724 0.0019196401795532523 0.0018458536623519716 0.0017336433719128126 0.0017903370243111411 0.0017336433719128124 0.0018458536623519716 0.0004344780150580224 0.0004431458735890046 0.0004344780150580224 0.00041537283736843225 0.00038820117097130983 0.0004020345386486584 0.00038820117097130983 0.00041537283736843225
0.05938981729660699 0.07067409814811045 0.05938981729660699 0.10454693819271842 0.13379923372811217 0.1528294239430034 0.13379923372811217 0.10454693819271842 0.012505656790927515 0.013640536839899454 0.012505656790927515 0.017079655418018022 0.020378986443542826 0.02221328395539596 0.020378986443542826 0.017079655418018022 0.005702425317416418 0.005458588677539803 0.005702425317416416 0.004953101926392972 0.004487064700051484 0.004173103182641165 0.004487064700051481 0.004953101926392972 0.000761115944104401 0.0007147170196526608 0.000761115944104401 0.0006578571025105751 0.000605729790131481 0.0005610829326906618 0.000605729790131481 0.0006578571025105751
0.07773925324490331 0.05710615893050273 0.07773925324490331 0.10392245762073549 0.1892010651562936 0.1476548200338016 0.1892010651562936 0.10392245762073549 0.004692957996857961 0.004023887444043425 0.004692957996857961 0.005562360581354599 0.007627413910336637 0.006629380866648435 0.007627413910336637 0.005562360581354599 0.0005922025662584918 0.000619611116080249 0.0005922025662584917 0.0005580100541452861 0.0005232317722778111 0.0005502613048043094 0.0005232317722778112 0.0005580100541452861 0.00032488356898769744 0.0003333341766690692 0.00032488356898769744 0.00032083212246843286 0.00031308190385561144 0.000327045130500331 0.00031308190385561144 0.00032083212246843286
0.060287392126173886 0.08498049618774307 0.060287392126173886 0.10987711398864312 0.13857498614805613 0.16088277574710297 0.13857498614805613 0.10987711398864312 0.010969340135418787 0.012484854059881858 0.010969340135418787 0.01474591283503753 0.017009352891494602 0.01805204303322938 0.017009352891494602 0.01474591283503753 0.0025776747551225112 0.0024938921727094975 0.0025776747551225112 0.002225276648780813 0.0020348302219432494 0.0020208851119764572 0.0020348302219432494 0.002225276648780813 0.000335714250442164 0.0003318290943716084 0.000335714250442164 0.00030592444827841776 0.0002871898088967729 0.00029180807640908615 0.0002871898088967729 0.00030592444827841776
0.06780539205164934 0.07687764340187499 0.06780539205164934 0.09432391112403349 0.15279605065900914 0.17972200083074993 0.15279605065900914 0.09432391112403349 0.007511120497414586 0.009586502794525912 0.007511120497414586 0.010739820461922796 0.011809897952498502 0.014890912558480483 0.011809897952498502 0.010739820461922796 0.003448502481421084 0.0029642869069008673 0.0034485024814210827 0.002840628399637682 0.0029773769553497805 0.0024891767943631235 0.0029773769553497788 0.002840628399637682 0.0007150550356690022 0.0006091652690485951 0.0007150550356690022 0.0005834809360608969 0.0006193298152305332 0.0005191787042624467 0.0006193298152305332 0.0005834809360608969
0.06058370791673531 0.09566838092184263 0.06058370791673531 0.12065202435411666 0.13185199945719828 0.19282105713309944 0.13185199945719828 0.12065202435411666 0.006525862481631564 0.007818186634826805 0.006525862481631564 0.009142480843700299 0.009872966455518467 0.011825804023198343 0.009872966455518467 0.009142480843700299 0.0012654528429477453 0.0011875933864317829 0.0012654528429477453 0.001112600880666654 0.001100558779232221 0.001027036762977999 0.0011005587792322217 0.001112600880666654 0.0006963544233418279 0.0006740196760930127 0.0006963544233418279 0.0006705988613863031 0.0006875244880305781 0.0006536578925180952 0.0006875244880305781 0.0006705988613863031
0.06496571421321161 0.08486636592993085 0.06496571421321161 0.10954403743722618 0.13808859450759456 0.15453981508497813 0.13808859450759456 0.10954403743722618 0.011896882642927905 0.013552321369962182 0.011896882642927905 0.015792462092976415 0.017604148001431782 0.01878903580405312 0.017604148001431782 0.015792462092976415 0.0016081617057161067 0.0015118811365314488 0.001608161705716106 0.0012928473578037078 0.0012094298795856065 0.001159498426845377 0.0012094298795856065 0.0012928473578037078 0.00022178925059952145 0.0002060349870893383 0.00022178925059952145 0.00018992452462024593 0.00018564629219426643 0.0001757714488338202 0.00018564629219426643 0.00018992452462024593
0.05194130482953432 0.09180401166959835 0.05194130482953432 0.12250450727273243 0.1316758884490243 0.20823605821719873 0.1316758884490243 0.12250450727273243 0.006467863896612365 0.008243602468648378 0.006467863896612365 0.010015073270163745 0.010718851698047975 0.013458818044876782 0.010718851698047975 0.010015073270163745 0.0014009204905851618 0.0012209687059058336 0.0014009204905851614 0.0010930449800693781 0.0010878799506136734 0.0009173268931351816 0.0010878799506136732 0.0010930449800693781 0.0003165431117145239 0.0002813971805883375 0.0003165431117145239 0.00027522194351202505 0.0002959043402034017 0.0002518083544216264 0.0002959043402034017 0.00027522194351202505
0.07102470690744284 0.06680985326938924 0.07102470690744284 0.10329035210548508 0.1596542336554602 0.1595560859958588 0.1596542336554602 0.10329035210548508 0.009428514449852595 0.009121039529551778 0.009428514449852595 0.011597421289332412 0.014573873196667721 0.014265935764873287 0.014573873196667721 0.011597421289332412 0.0013028178787847346 0.001324847165629342 0.001302817878784734 0.0011450267714804203 0.0009975475665990863 0.001027241722472756 0.0009975475665990865 0.0011450267714804203 0.0002495872535078064 0.00025624696497305016 0.0002495872535078064 0.00023534847156412588 0.00020947351646255583 0.00022094346197260297 0.00020947351646255583 0.00023534847156412588
0.05900660626264808 0.08521874962317547 0.05900660626264808 0.11078537071575048 0.14532649516708626 0.1568006776735048 0.14532649516708626 0.11078537071575048 0.008765660709621058 0.009579532240081836 0.008765660709621058 0.011805605885473079 0.014288340049877927 0.01443594926009579 0.014288340049877927 0.011805605885473079 0.003861994788681671 0.003831222726509233 0.003861994788681671 0.00354061650872452 0.0032847730531763803 0.003277491058418606 0.003284773053176379 0.00354061650872452 0.0007286811397974886 0.0007231883458493989 0.0007286811397974886 0.0006880410502563694 0.0006571328968033251 0.0006545526165716031 0.0006571328968033251 0.0006880410502563694
0.058464163174509 0.05277884529599693 0.058464163174509 0.10090379539367687 0.16748903524290748 0.15298323166201913 0.16748903524290748 0.10090379539367687 0.011788892358338325 0.010573782324033137 0.011788892358338325 0.014591116519430939 0.01908197059077058 0.017310239099641828 0.01908197059077058 0.014591116519430939 0.0025997706090631844 0.0027724715943222276 0.002599770609063184 0.002391982487883984 0.00209754990320723 0.0022104322764884637 0.0020975499032072306 0.002391982487883984 0.000339570758671929 0.0003568939403144077 0.000339570758671929 0.0003184291452951436 0.0002902897639761746 0.000300971911722276 0.0002902897639761746 0.0003184291452951436
0.060601010810046374 0.0917087730949786 0.060601010810046374 0.12418040713806949 0.1348746322216483 0.18624310121911725 0.1348746322216483 0.12418040713806949 0.006729240785550936 0.008249685820007548 0.006729240785550936 0.01000301540885154 0.010314664846454939 0.012337890999222879 0.010314664846454939 0.01000301540885154 0.0007985075988308558 0.0007132247859959553 0.0007985075988308557 0.0006396849799105928 0.0006521488226922945 0.0005775971492238912 0.0006521488226922946 0.0006396849799105928 0.0003352161603707056 0.0003193982365806217 0.0003352161603707056 0.0003165584971732273 0.0003301685822795449 0.0002998169911156995 0.0003301685822795449 0.0003165584971732273
0.060043491340500736 0.07290979865449901 0.060043491340500736 0.11552033340809151 0.14648563485792843 0.16997592203708523 0.14648563485792843 0.11552033340809151 0.008734929354622613 0.009669612492772952 0.008734929354622613 0.012315288359909714 0.013928557940210556 0.015274190186000122 0.013928557940210556 0.012315288359909714 0.002191101266279029 0.0020946611175235337 0.002191101266279029 0.0019089134220812954 0.0018485082571276256 0.001727973290530354 0.0018485082571276245 0.0019089134220812954 0.00032300554608828957 0.0003141114582178009 0.00032300554608828957 0.0002929596995963408 0.00028733156030120495 0.00027362073789630105 0.00028733156030120495 0.0002929596995963408
0.06333097121907226 0.09435395395373482 0.06333097121907226 0.12405796244903887 0.12912100104015234 0.19152669660679694 0.12912100104015234 0.12405796244903887 0.006640975159566406 0.007371433126758987 0.006640975159566406 0.009195058850534815 0.009976875873790482 0.011566839562967066 0.009976875873790482 0.009195058850534815 0.0012099904115324908 0.0011595469973428403 0.0012099904115324906 0.000993753422125068 0.00095463879565451 0.0008977105290600892 0.0009546387956545099 0.000993753422125068 0.00029091489815176366 0.0002690054482262171 0.00029091489815176366 0.0002604612395581714 0.0002741653733650216 0.00024127631002860393 0.0002741653733650216 0.0002604612395581714
0.05079146289523724 0.0769774156881513 0.05079146289523724 0.08668051600272557 0.13631149322825753 0.21574585707820457 0.13631149322825753 0.08668051600272557 0.011049485798850223 0.01440581547235002 0.011049485798850223 0.01575056329824572 0.01898140739835879 0.024789106959796626 0.01898140739835879 0.01575056329824572 0.0038693771693916997 0.0033825222189036363 0.0038693771693917014 0.0030504692718942793 0.002900589052324364 0.002449045355111306 0.002900589052324363 0.0030504692718942793 0.00050418795913392 0.0004606848886960279 0.00050418795913392 0.00041880768811846845 0.0004024247078776365 0.00036798339795570545 0.0004024247078776365 0.00041880768811846845
0.07611155468030475 0.07134219396101404 0.07611155468030475 0.1203627934136352 0.15437525784289477 0.14794140169966086 0.15437525784289477 0.1203627934136352 0.007359198513929868 0.006110579067163629 0.007359198513929868 0.008997181682667959 0.010720133396136618 0.009446294974906969 0.010720133396136618 0.008997181682667959 0.0008555467478446361 0.0009551975788479796 0.0008555467478446365 0.0007749799571383869 0.0007213642563798805 0.0007766528624115728 0.0007213642563798806 0.0007749799571383869 0.0003715772900774125 0.00035792594855893646 0.0003715772900774125 0.00035214460376151407 0.0003632681928349779 0.0003397527522240299 0.0003632681928349779 0.00035214460376151407
0.06027686468966515 0.0748294208525421 0.06027686468966515 0.10328079292482982 0.14893743551553304 0.18369587022120842 0.14893743551553304 0.10328079292482982 0.009758068454750492 0.01101553188711067 0.009758068454750492 0.012906990101350248 0.01573543197383955 0.017592999778664745 0.01573543197383955 0.012906990101350248 0.001433800834563898 0.0013320600210462337 0.0014338008345638987 0.0011914553235690848 0.0010449808025463484 0.0009698960981760588 0.001044980802546349 0.0011914553235690848 0.0001962252133672585 0.00018966999655188973 0.0001962252133672585 0.00017890289850400136 0.0001653282905294952 0.0001619970986030624 0.0001653282905294952 0.00017890289850400136
0.07196186781474784 0.060319710480835106 0.07196186781474784 0.09828166156575179 0.1646261999515991 0.14510840111133372 0.1646261999515991 0.09828166156575179 0.010501185962311104 0.009532955105371733 0.010501185962311104 0.012506521148239125 0.016833438736119324 0.015318796586653567 0.016833438736119324 0.012506521148239125 0.0024375929191450822 0.002542459988240544 0.0024375929191450814 0.0022284157271674583 0.0018555184222740703 0.00197749692271479 0.0018555184222740705 0.0022284157271674583 0.0003714956894053387 0.00039372343833136915 0.0003714956894053387 0.0003465404544746243 0.0002952908848855789 0.00031499781427834556 0.0002952908848855789 0.0003465404544746243
0.0888649757851977 0.08451850963203103 0.0888649757851977 0.1233430364436361 0.13649791903423947 0.14052758259919448 0.13649791903423947 0.1233430364436361 0.0075239236489122036 0.007212806596803638 0.0075239236489122036 0.00882463615608593 0.009418522283564745 0.009418535567527603 0.009418522283564745 0.00882463615608593 0.0008147354976843478 0.000829414237158404 0.000814735497684348 0.0007850479875893709 0.0007679118246675539 0.0007722700660654519 0.0007679118246675538 0.0007850479875893709 0.000384523087244026 0.0003830636526019594 0.000384523087244026 0.00037906478136429984 0.0003773544077148133 0.0003745157728162272 0.0003773544077148133 0.00037906478136429984
0.05192124744508536 0.057135590302394214 0.05192124744508536 0.10294769985553509 0.14585975212602287 0.15758594460106332 0.14585975212602287 0.10294769985553509 0.011996431907142646 0.013244565083564702 0.011996431907142646 0.01809723969304329 0.020133292980809844 0.02208634873426921 0.020133292980809844 0.01809723969304329 0.00586749413408433 0.005471484606544267 0.005867494134084331 0.004789662150643435 0.004837616173328882 0.004357658907397174 0.004837616173328882 0.004789662150643435 0.0010597892400075793 0.0009053234851605223 0.0010597892400075793 0.0008354364268578494 0.0008919994711187127 0.0007377610722468073 0.0008919994711187127 0.0008354364268578494
0.07180844658371069 0.0526893130863552 0.07180844658371069 0.09493748701042697 0.17209815056913855 0.12368296191797137 0.17209815056913855 0.09493748701042697 0.00956022583304122 0.007632385238887692 0.00956022583304122 0.010626549009220575 0.014610921127242067 0.011594141347750999 0.014610921127242067 0.010626549009220575 0.006048481863217943 0.006199443649116465 0.006048481863217942 0.0059846337407222965 0.005841079025628304 0.005964364127157531 0.005841079025628304 0.0059846337407222965 0.0011894726320203788 0.0012179227848498012 0.0011894726320203788 0.0011375907523224497 0.001086940815126041 0.001159509924275971 0.001086940815126041 0.0011375907523224497
0.06741896927674217 0.06066601460553237 0.06741896927674217 0.09704825085917063 0.1621116129499412 0.14361103548979154 0.1621116129499412 0.09704825085917063 0.012237505473050275 0.011614874644266393 0.012237505473050275 0.014538503993082718 0.01855982888532784 0.01717957951420259 0.01855982888532784 0.014538503993082718 0.002752471970249879 0.002825365823569367 0.00275247197024988 0.002514252411453657 0.002231604108048177 0.002364975605589613 0.0022316041080481766 0.002514252411453657 0.00039005627518730334 0.00039978758729078466 0.00039005627518730334 0.00036323643786934535 0.0003300753454469814 0.0003456307586170246 0.0003300753454469814 0.00036323643786934535
0.0534679988970304 0.06912635030397912 0.0534679988970304 0.10836268431848561 0.14253940580372626 0.1781914126075627 0.14253940580372626 0.10836268431848561 0.010817079732835584 0.01226734749836672 0.010817079732835584 0.015505716464515028 0.018009143895346726 0.020233197931544173 0.018009143895346726 0.015505716464515028 0.0029585432367544907 0.00277891039978096 0.0029585432367544877 0.00240599598527806 0.0022078893416276352 0.002045070765140141 0.002207889341627635 0.00240599598527806 0.0004018125870522232 0.0003776545910577054 0.0004018125870522232 0.00033941255819521963 0.00032372687902514134 0.00030123650282367194 0.00032372687902514134 0.00033941255819521963
0.08427419038186357 0.056684117554236815 0.08427419038186357 0.09578206318267456 0.17281869156262233 0.1264596232325477 0.17281869156262233 0.09578206318267456 0.011472128647812234 0.00893337637712399 0.011472128647812234 0.011798760566630515 0.016389253629671082 0.013037205464774373 0.016389253629671082 0.011798760566630515 0.0010705878379654728 0.001294265236730656 0.0010705878379654715 0.0010797208705900195 0.0008474029089271406 0.0010508911056608115 0.0008474029089271406 0.0010797208705900195 0.00018734980672741727 0.0002108940991549027 0.00018734980672741727 0.0001881105269751216 0.00016388148552369845 0.00018534411380443164 0.00016388148552369845 0.0001881105269751216
0.04492275217744296 0.1186790976698827 0.04492275217744296 0.1394011374923163 0.09166534211668557 0.24073130083704075 0.09166534211668557 0.1394011374923163 0.00563404371059414 0.007856388949952598 0.00563404371059414 0.009196798530080064 0.008289664709156756 0.012197501721923739 0.008289664709156756 0.009196798530080064 0.0020322751624393407 0.0018658606838829182 0.0020322751624393402 0.0017658347563473033 0.0018221361392712077 0.0016657224501901771 0.001822136139271208 0.0017658347563473033 0.0009708569721101776 0.0009352807648682408 0.0009708569721101776 0.0009283696639074149 0.0009549061136084612 0.0009006118343394478 0.0009549061136084612 0.0009283696639074149
0.05861589677156676 0.0887620752599562 0.05861589677156676 0.1070521950972631 0.1466728106844478 0.19276963682742146 0.1466728106844478 0.1070521950972631 0.0064144490814429835 0.007146884162343625 0.0064144490814429835 0.008234564831231977 0.010676126139002871 0.011372907579311064 0.010676126139002871 0.008234564831231977 0.0025516824616432336 0.0025720039871623052 0.0025516824616432336 0.002460646680698441 0.0022892482490563734 0.0023410663978335492 0.002289248249056373 0.002460646680698441 0.000644855906658492 0.0006488990889754746 0.000644855906658492 0.0006378006765777532 0.0006264830113694517 0.0006330075150780167 0.0006264830113694517 0.0006378006765777532
0.07558362702619731 0.05676920897615865 0.07558362702619731 0.10804300953788494 0.1819554449236808 0.13314123740196412 0.1819554449236808 0.10804300953788494 0.006283124417890851 0.005843100089793585 0.006283124417890851 0.007893315800970404 0.010446808113486776 0.00913877851868229 0.010446808113486776 0.007893315800970404 0.0013049477693347314 0.0013034087945505506 0.0013049477693347314 0.001197031709774009 0.001116977200308837 0.00112646180864379 0.001116977200308837 0.001197031709774009 0.0006324005595974367 0.000647836078410658 0.0006324005595974367 0.0006268534532575762 0.0006106642008451925 0.0006415589053385461 0.0006106642008451925 0.0006268534532575762
0.07110515824729752 0.08037332595505206 0.07110515824729752 0.11252103172682493 0.15341610324798322 0.1577409225883423 0.15341610324798322 0.11252103172682493 0.007528832927276875 0.007855048988115136 0.007528832927276875 0.009577945651541232 0.0115363022709464 0.011540326228497879 0.0115363022709464 0.009577945651541232 0.0012130453405742824 0.0012012860186749145 0.0012130453405742817 0.0011107350664860758 0.0010334426446863055 0.0010222067937179242 0.0010334426446863053 0.0011107350664860758 0.0002894794787491741 0.00028095988763289736 0.0002894794787491741 0.00027100221642909985 0.00026342729554324184 0.0002529113112901327 0.00026342729554324184 0.00027100221642909985
0.05857084229187152 0.049071621565894355 0.05857084229187152 0.08800938773350538 0.15346938479456682 0.12562545786653642 0.15346938479456682 0.08800938773350538 0.010240706746586241 0.00869475874241917 0.010240706746586241 0.012175379476366868 0.016768708753636428 0.014121560503945264 0.016768708753636428 0.012175379476366868 0.014255920819899827 0.014535626982721829 0.014255920819899827 0.014057330591160409 0.013710186516812039 0.013965197757559299 0.01371018651681204 0.014057330591160409 0.0016672579806709003 0.0016462668861754123 0.0016672579806709003 0.0013595520719713776 0.0012636239040217463 0.0012429463326091668 0.0012636239040217463 0.0013595520719713776
0.05650502554700323 0.05554691395705648 0.05650502554700323 0.11237861877128603 0.16877345978243866 0.15946549197178067 0.16877345978243866 0.11237861877128603 0.008644291893726772 0.008573162979032893 0.008644291893726772 0.012632804629189844 0.015236134260364017 0.01495134895885523 0.015236134260364017 0.012632804629189844 0.00172122604901532 0.0016837933185001163 0.0017212260490153202 0.0013634442027769071 0.0012693154392577827 0.0012226191408927804 0.0012693154392577819 0.0013634442027769071 0.00021380582839683202 0.0002117201915965844 0.00021380582839683202 0.00018172208569066704 0.00016935434208693723 0.00016654381981920008 0.00016935434208693723 0.00018172208569066704
0.044760808979563645 0.11451100258692856 0.044760808979563645 0.13943971761272608 0.10296598927970191 0.234725197431354 0.10296598927970191 0.13943971761272608 0.0037465351755898275 0.004887772833034923 0.0037465351755898275 0.005992184291732884 0.005892379051399548 0.008025989139150898 0.005892379051399548 0.005992184291732884 0.0024797709701405712 0.0024241305245465273 0.0024797709701405743 0.0023743903189272324 0.0024091674293668097 0.0023390157451393633 0.002409167429366809 0.0023743903189272324 0.001649101973927153 0.0016171694211281065 0.001649101973927153 0.0016027959500933132 0.0016307565323783232 0.0015825271876230044 0.0016307565323783232 0.0016027959500933132
0.06144524959369224 0.07290001954743014 0.06144524959369224 0.10152606701941372 0.14137500470950556 0.15951571843211357 0.14137500470950556 0.10152606701941372 0.012894990868774613 0.014338700986054196 0.012894990868774613 0.017087185402446265 0.01972530330762621 0.021630220392510884 0.01972530330762621 0.017087185402446265 0.0029396583157841965 0.0027183168980294712 0.0029396583157841965 0.002397398675760813 0.002218956477056849 0.00202088513783421 0.002218956477056849 0.002397398675760813 0.0005138524014866187 0.0004829297943630004 0.0005138524014866187 0.00044650314617003544 0.0004259374687423113 0.00040099403874572674 0.0004259374687423113 0.00044650314617003544
0.06354257107963263 0.05616239795072074 0.06354257107963263 0.10768940893234993 0.15550783245972874 0.15465300359996936 0.15550783245972874 0.10768940893234993 0.011918185454326423 0.011164021910341899 0.011918185454326423 0.015496886424573272 0.018480004995532186 0.01840616231365696 0.018480004995532186 0.015496886424573272 0.0017539609812303244 0.0018169089835873159 0.001753960981230323 0.0014980308758179082 0.0013508388871095165 0.0013498747112313649 0.0013508388871095163 0.0014980308758179082 0.0002713454547506768 0.0002739098351364609 0.0002713454547506768 0.00024108819212062532 0.00022523091403719764 0.00022295139293709404 0.00022523091403719764 0.00024108819212062532
0.06253839745857658 0.09166934337754863 0.06253839745857658 0.12504779202599003 0.13728877121464267 0.19117406813881127 0.13728877121464267 0.12504779202599003 0.004707985646863299 0.0051286854382760995 0.004707985646863299 0.006464757971935218 0.007222125849882291 0.008175297072369192 0.007222125849882291 0.006464757971935218 0.0014653893785873712 0.0014681046743438564 0.001465389378587371 0.0013679414173072039 0.0013266243157534705 0.0013210620504962773 0.0013266243157534694 0.0013679414173072039 0.0007907961616028541 0.0007753502675376146 0.0007907961616028541 0.0007674570362151983 0.0007803566270882752 0.0007512987717280947 0.0007803566270882752 0.0007674570362151983
