0.0677018661562923 0.08936049764786534 0.0677018661562923 0.1218523222106721 0.14138100758144334 0.1771863757928069 0.14138100758144334 0.1218523222106721 0.0055000820506984705 0.006442038149182704 0.0055000820506984705 0.007591242866288438 0.008086692954852894 0.009290194287415985 0.008086692954852894 0.007591242866288438 0.0016543779360088482 0.0016049353834385952 0.0016543779360088484 0.0015554221363147085 0.0015499182018510467 0.0015043978500653412 0.001549918201851047 0.0015554221363147085 0.00011227478967181586 3.7436851261829505e-05 0.00011227478967181586 0.00011801365906985079 0.00011910506190214204 0.0001294728278314656 0.00011910506190214204 0.00011801365906985079
0.06527215268796646 0.06389105207569165 0.06527215268796646 0.10912367026794378 0.13582999835791737 0.14162964208664816 0.13582999835791737 0.10912367026794378 0.013326945040788187 0.013125466559635372 0.013326945040788187 0.017992471176795016 0.019681441162815196 0.02001564606966671 0.019681441162815196 0.017992471176795016 0.004500864358304509 0.00451698422958071 0.004500864358304506 0.003880303258055515 0.0037607472363523193 0.003696062106548565 0.00376074723635232 0.003880303258055515 0.0008444412613782258 0.0008350010453323651 0.0008444412613782258 0.0007773273485626668 0.0007766942830138631 0.000756032947110326 0.0007766942830138631 0.0007773273485626668
0.08251944557662984 0.07919428165774635 0.08251944557662984 0.12721125373021858 0.13946843665933475 0.13888764170826157 0.13946843665933475 0.12721125373021858 0.006389988712808551 0.006943093979660929 0.006389988712808551 0.008901147307051722 0.00867404600193698 0.009616285670794658 0.00867404600193698 0.008901147307051722 0.002333248319105777 0.0021125336600146555 0.002333248319105776 0.002020501772852504 0.002138638807784575 0.0018580781441668857 0.0021386388077845753 0.002020501772852504 0.00011910647296022645 0.00031302001615914386 0.00011910647296022645 0.0003019611713291129 0.0003210983190480407 0.0002773194610743722 0.0003210983190480407 0.0003019611713291129
0.07819089309698565 0.04914116279394629 0.07819089309698565 0.11386490774111514 0.16132750710351496 0.08780709203763093 0.16132750710351496 0.11386490774111514 0.00936517858895979 0.008475577457483948 0.00936517858895979 0.01315571566294681 0.0139899510189791 0.011589469781063167 0.0139899510189791 0.01315571566294681 0.006296488639631853 0.006114886057824202 0.006296488639631851 0.005639304632273502 0.0058738492049350164 0.005648168496366694 0.005873849204935018 0.005639304632273502 0.0020945618276957604 0.0020082327292145477 0.0020945618276957604 0.0019087521935412086 0.0019705581258269156 0.001860074973658718 0.0019705581258269156 0.0019087521935412086
0.06338207726329828 0.09145939303565026 0.06338207726329828 0.12569605910020332 0.12770349590431732 0.16885811894603522 0.12770349590431732 0.12569605910020332 0.007853802769853774 0.009161539970095983 0.007853802769853774 0.011267176820382018 0.011394118343482453 0.012992053834422897 0.011394118343482453 0.011267176820382018 0.0026527361951240807 0.0025331336964708497 0.00265273619512408 0.0023636755760270607 0.0023157315933164174 0.002143421435872623 0.002315731593316416 0.0023636755760270607 0.0005048869062018172 0.0004666179607506923 0.0005048869062018172 0.0004402327625491906 0.0004275226364850024 0.00038268937822009947 0.0004275226364850024 0.0004402327625491906
0.07303106267097313 0.08141736569825646 0.07303106267097313 0.12041540747003752 0.1463182122821086 0.1753360506418486 0.1463182122821086 0.12041540747003752 0.0052634261274235265 0.005812937942892337 0.0052634261274235265 0.0071327683404494675 0.0075521938355516795 0.00876531885615519 0.0075521938355516795 0.0071327683404494675 0.0011014575335955494 0.0010154010556725174 0.0011014575335955496 0.0009817743272210327 0.0010268608369252347 0.0008748947586235782 0.0010268608369252354 0.0009817743272210327 0.00015530063333959088 0.0001376761955287665 0.00015530063333959088 0.0001342793600251677 0.00014584978195395363 0.0001231684518136538 0.00014584978195395363 0.0001342793600251677
0.08749961000053925 0.059431507407042436 0.08749961000053925 0.12365354689505695 0.1621119451961075 0.11864260989960385 0.1621119451961075 0.12365354689505695 0.0061513464369985504 0.0053715539408485495 0.0061513464369985504 0.00804343294141168 0.008788720133078834 0.007916639640018368 0.008788720133078834 0.00804343294141168 0.0017492003699354915 0.0016767959921748692 0.001749200369935492 0.001570323636109975 0.001598905918387468 0.0015069515432395051 0.0015989059183874673 0.001570323636109975 0.0004161172606159101 0.0004047508663466716 0.0004161172606159101 0.0003812409838351641 0.00037889521550666825 0.00036262073555882085 0.00037889521550666825 0.0003812409838351641
0.060662196285773844 0.09063596383216431 0.060662196285773844 0.12939668222865824 0.12980535786548963 0.16491664065826678 0.12980535786548963 0.12939668222865824 0.00721347629824495 0.01010470393791785 0.00721347629824495 0.012204137008214969 0.010639464463271013 0.01368966870151483 0.010639464463271013 0.012204137008214969 0.002610099725871727 0.002286448218492654 0.0026100997258717267 0.002110899404321051 0.0022436194250677823 0.0019545755784310496 0.002243619425067782 0.002110899404321051 0.0003738948723030248 0.0003372543060325572 0.0003738948723030248 0.000311756157757239 0.00032080905043845314 0.0002899591963560014 0.00032080905043845314 0.000311756157757239
0.0768227503367301 0.059309353139139216 0.0768227503367301 0.10630815089871501 0.1686941565353091 0.11796593215136056 0.1686941565353091 0.10630815089871501 0.008894599364130801 0.008570889529426676 0.008894599364130801 0.011569197859109278 0.013580970877107983 0.01227457718261284 0.013580970877107983 0.011569197859109278 0.003631302738152031 0.0035454645399134407 0.0036313027381520333 0.0032190241003241925 0.0031349699568020673 0.003103484820421667 0.0031349699568020673 0.0032190241003241925 0.00047288980397997124 0.0004761254413325885 0.00047288980397997124 0.0004310145517193044 0.0004102953276580232 0.00041552849631731496 0.0004102953276580232 0.0004310145517193044
0.06429108920739313 0.11609008538193454 0.06429108920739313 0.15530552014315738 0.12696960845722896 0.11239328021919281 0.12696960845722896 0.15530552014315738 0.005762759256170753 0.007876332190529634 0.005762759256170753 0.009761611103860687 0.0085582616341887 0.00792809726299164 0.0085582616341887 0.009761611103860687 0.001740903433015226 0.0016747727045151532 0.0017409034330152257 0.0015029905272911444 0.0014702774227520828 0.0014642299589353776 0.0014702774227520832 0.0015029905272911444 0.00025525660917376133 0.00024817382391244096 0.00025525660917376133 0.00022470015282158122 0.00021332003719614742 0.00021243248948925328 0.00021332003719614742 0.00022470015282158122
0.07601733924603193 0.08753848821817484 0.07601733924603193 0.13462427440751654 0.12283354163966369 0.16374202282772066 0.12283354163966369 0.13462427440751654 0.005987776216940641 0.006687794591276791 0.005987776216940641 0.008722556995167264 0.007792320937782242 0.009504429369888752 0.007792320937782242 0.008722556995167264 0.0022376910426541033 0.0021168330500445265 0.002237691042654104 0.0020152200234311857 0.002114279043053641 0.001920824882546936 0.0021142790430536415 0.0020152200234311857 0.0005122371131907539 0.00047675795792303334 0.0005122371131907539 0.00045600847147081236 0.00047978369948285007 0.00042679142965322764 0.00047978369948285007 0.00045600847147081236
0.0565696419135539 0.11097058185533208 0.0565696419135539 0.14117534891460837 0.10463349733347786 0.15731513304305855 0.10463349733347786 0.14117534891460837 0.005453145389962642 0.010854550641545469 0.005453145389962642 0.012077750293765361 0.008269654460417455 0.013471811469902697 0.008269654460417455 0.012077750293765361 0.006304693857572464 0.005282757388310652 0.006304693857572467 0.005153685240309116 0.005814944529208137 0.0048395777940943435 0.005814944529208139 0.005153685240309116 0.0009115950072092041 0.0007504322613833776 0.0009115950072092041 0.000728607857154611 0.0008253451162168199 0.0006793357194609138 0.0008253451162168199 0.000728607857154611
0.08276725042290145 0.06991929026540689 0.08276725042290145 0.1295430303880112 0.1422253260769022 0.12079076804289243 0.1422253260769022 0.1295430303880112 0.006670874395967075 0.006317016867932748 0.006670874395967075 0.00935515599302195 0.009214971043339772 0.008740918723681159 0.009214971043339772 0.00935515599302195 0.003919387287655922 0.0037741981951985907 0.003919387287655922 0.003573880450115473 0.003726345612598657 0.003511450063892731 0.003726345612598656 0.003573880450115473 0.0006550608161502272 0.0006169173318551306 0.0006550608161502272 0.0005953237081627061 0.0006349851629511754 0.0005662577935847553 0.0006349851629511754 0.0005953237081627061
0.0679535898886652 0.08002476359092144 0.0679535898886652 0.1320729894675452 0.14191177077421946 0.14611527338983205 0.14191177077421946 0.1320729894675452 0.006514844937797445 0.007482782343427629 0.006514844937797445 0.00998210965393583 0.009852222264743487 0.010490730581247052 0.009852222264743487 0.00998210965393583 0.0022006130495561722 0.0020400813126061636 0.0022006130495561714 0.0019045720869129215 0.0019516633933575071 0.0017438388039641387 0.0019516633933575067 0.0019045720869129215 0.0004798164945702954 0.0004360441697593461 0.0004798164945702954 0.0004114462348014334 0.0004162245692751671 0.00036276017748198424 0.0004162245692751671 0.0004114462348014334
0.07010956955502459 0.07022181691512427 0.07010956955502459 0.11849920516237902 0.13420360952488125 0.15059084701120065 0.13420360952488125 0.11849920516237902 0.007911495339236636 0.008883966918434445 0.007911495339236636 0.01165235639158013 0.011553982972632888 0.013395110778267159 0.011553982972632888 0.01165235639158013 0.00555495929002209 0.0052552369130247824 0.00555495929002209 0.005003535913000476 0.005043713791291788 0.0047220188390735066 0.005043713791291787 0.005003535913000476 0.0010595378250593738 0.0010143971672342332 0.0010595378250593738 0.0009667135703894338 0.000951401491010103 0.000896443804625251 0.000951401491010103 0.0009667135703894338
0.05478548938120107 0.07499933384013392 0.05478548938120107 0.11583748330505433 0.1248630075935913 0.17110013732432175 0.1248630075935913 0.11583748330505433 0.007973009806580542 0.010222827159049873 0.007973009806580542 0.013270155778602327 0.012383582025606627 0.01608725168717592 0.012383582025606627 0.013270155778602327 0.007541666321024761 0.007003366120240663 0.007541666321024757 0.006654000700490539 0.006951408234265414 0.006253720080941854 0.006951408234265417 0.006654000700490539 0.0018619750367361416 0.0017408682684694407 0.0018619750367361416 0.0016649510445407223 0.0017297567021899761 0.0015595236598989668 0.0017297567021899761 0.0016649510445407223
0.08185716153037606 0.06365179167795383 0.08185716153037606 0.11908700398097746 0.16926734436289376 0.11654539625566149 0.16926734436289376 0.11908700398097746 0.006787812248792776 0.005968316396614904 0.006787812248792776 0.008766404222345993 0.010031027578497038 0.008102272763420262 0.010031027578497038 0.008766404222345993 0.0015494453493963096 0.0016015770634958638 0.0015494453493963114 0.0014177324092197702 0.0014068909914395915 0.0014672124748906937 0.0014068909914395915 0.0014177324092197702 0.00030086441643651854 0.00030434236159315286 0.00030086441643651854 0.0002827007633609928 0.0002832948823973386 0.00028372553410258364 0.0002832948823973386 0.0002827007633609928
0.06812305861157106 0.08016729886678026 0.06812305861157106 0.12623811287772493 0.14286994355970273 0.13516920583592695 0.14286994355970273 0.12623811287772493 0.008434403638149929 0.008529054053041886 0.008434403638149929 0.012049248213669097 0.012758174813251394 0.012245460026127662 0.012758174813251394 0.012049248213669097 0.0028832694809803783 0.002797137213665001 0.0028832694809803783 0.0023896364224625685 0.0024251805298766286 0.002302364179699158 0.002425180529876628 0.0023896364224625685 0.0003446847095057346 0.0003308942300001072 0.0003446847095057346 0.00028703954348973087 0.0002876577267997426 0.0002777653403911257 0.0002876577267997426 0.00028703954348973087
0.07823268389541913 0.07917815961551952 0.07823268389541913 0.11664382624004346 0.1467567387327236 0.15150673454572094 0.1467567387327236 0.11664382624004346 0.006316301309795817 0.006520745663194761 0.006316301309795817 0.008036988341323778 0.009047393250104634 0.009328329524414805 0.009047393250104634 0.008036988341323778 0.0025357082080133637 0.00248064373333534 0.0025357082080133637 0.0023672071011749257 0.0022764110803839845 0.002212279226358128 0.0022764110803839823 0.0023672071011749257 0.0005760819403433783 0.0005714570427895594 0.0005760819403433783 0.0005379730771492081 0.0005145245734868136 0.0005179751487426142 0.0005145245734868136 0.0005379730771492081
0.07926102386450463 0.08156182629812385 0.07926102386450463 0.11749331892340797 0.14845750312145217 0.1478154144596296 0.14845750312145217 0.11749331892340797 0.007427139498546669 0.007776496717822481 0.007427139498546669 0.009395041006580257 0.01033253663308634 0.010495303671567653 0.01033253663308634 0.009395041006580257 0.0008954335341140733 0.0008674838466981978 0.0008954335341140733 0.0007912470478566912 0.0007739473038486287 0.0007528450974860205 0.0007739473038486286 0.0007912470478566912 0.00014557645626308565 0.00013935755451905166 0.00014557645626308565 0.00013061104037351016 0.00012995063595991877 0.00012461422216525196 0.00012995063595991877 0.00013061104037351016
0.07625417315885251 0.07441059547990288 0.07625417315885251 0.13771550530088103 0.1415939924869739 0.13677031798373754 0.1415939924869739 0.13771550530088103 0.005613815320406798 0.005343343068824057 0.005613815320406798 0.00849890320729153 0.007909746722061413 0.007535118396018278 0.007909746722061413 0.00849890320729153 0.00237990882695284 0.002338211443668008 0.0023799088269528387 0.0020914108084213057 0.0021580748070779312 0.0020737014567907674 0.002158074807077931 0.0020914108084213057 0.00042397194890120076 0.0004108913686727624 0.00042397194890120076 0.0003691889162095174 0.0003698283887319294 0.0003607810168620032 0.0003698283887319294 0.0003691889162095174
0.0783713869641835 0.05738729546051884 0.0783713869641835 0.10806536346072758 0.16356108821324514 0.1217361139756094 0.16356108821324514 0.10806536346072758 0.007257375828785241 0.006718274945760072 0.007257375828785241 0.009204006948239106 0.01079662288701545 0.009931683277999762 0.01079662288701545 0.009204006948239106 0.005141112007157633 0.0050472737227176 0.005141112007157629 0.00482478858079343 0.004820628686400795 0.004721223057363878 0.004820628686400798 0.00482478858079343 0.0013677833345452372 0.001330304651916576 0.0013677833345452372 0.001267331200187355 0.0012648079955519527 0.0012432386944490827 0.0012648079955519527 0.001267331200187355
0.08934140245811303 0.06566992450026599 0.08934140245811303 0.1145794960221028 0.16418619518431798 0.12102344299794934 0.16418619518431798 0.1145794960221028 0.0064674136012284784 0.00589152048701679 0.0064674136012284784 0.008270442356380222 0.009274324792073803 0.008604565176334384 0.009274324792073803 0.008270442356380222 0.0018331663975964991 0.0017045746993411734 0.0018331663975964991 0.0015250520305801043 0.0015676145509578435 0.0014018159747957615 0.0015676145509578444 0.0015250520305801043 0.00022960429675494438 0.00020909133007506443 0.00022960429675494438 0.00018964053484744927 0.00019442171757041472 0.00017751694917447425 0.00019442171757041472 0.00018964053484744927
0.07643444400965559 0.05596131932221045 0.07643444400965559 0.12157378668138123 0.1693382453891858 0.08763106696633963 0.1693382453891858 0.12157378668138123 0.008028976656439247 0.007198746304305316 0.008028976656439247 0.011082933118482066 0.012210288622890975 0.008751879088778369 0.012210288622890975 0.011082933118482066 0.0042689733249785585 0.004237501934523149 0.004268973324978559 0.003970131264000646 0.004039837357989103 0.004019385765598628 0.004039837357989104 0.003970131264000646 0.0013138105495886774 0.001309780762107838 0.0013138105495886774 0.0012706544101456598 0.0012817839646396727 0.0012625891573821513 0.0012817839646396727 0.0012706544101456598
0.07414529627155081 0.08001695181514647 0.07414529627155081 0.12159559012569807 0.13032138486841677 0.15932667094036992 0.13032138486841677 0.12159559012569807 0.007980418670683023 0.008066627123897168 0.007980418670683023 0.01069139157239673 0.011043280808534266 0.011856271353679088 0.011043280808534266 0.01069139157239673 0.003223873112658517 0.003180962505274812 0.003223873112658517 0.0028990205078113407 0.002887102645994562 0.002771429581209819 0.0028871026459945633 0.0028990205078113407 0.0007135791027358107 0.0006955130298321409 0.0007135791027358107 0.000633307528885415 0.0006144438465302888 0.0005881955267993449 0.0006144438465302888 0.000633307528885415
0.06809616886640507 0.07762733040602626 0.06809616886640507 0.11739217344636661 0.14215389118214497 0.1659969994974304 0.14215389118214497 0.11739217344636661 0.007067052867551094 0.008283286207828307 0.007067052867551094 0.010211757942696598 0.01072254449934517 0.01259550248043884 0.01072254449934517 0.010211757942696598 0.0029664953786630657 0.0027389111532509663 0.0029664953786630666 0.0025828562280769355 0.0026246640730750734 0.0023517838791543956 0.0026246640730750747 0.0025828562280769355 0.0003789503623121455 0.00035023854024784863 0.0003789503623121455 0.00033388491035554 0.0003426174135797727 0.0003098334944789638 0.0003426174135797727 0.00033388491035554
0.06373893273429856 0.10694550697295936 0.06373893273429856 0.14718519808180858 0.1161954269969038 0.1413755061614521 0.1161954269969038 0.14718519808180858 0.006079478287194645 0.006848136622113057 0.006079478287194645 0.009249043560620689 0.008939761565256568 0.009332033681587151 0.008939761565256568 0.009249043560620689 0.0037558757432616177 0.003673440337823384 0.0037558757432616186 0.0034023116374735144 0.003323054270402382 0.0031902250939393998 0.0033230542704023795 0.0034023116374735144 0.0006643815862116336 0.000641133642089857 0.0006643815862116336 0.0005976619015227947 0.0005853971098977357 0.0005609705383306259 0.0005853971098977357 0.0005976619015227947
0.10732463390892867 0.02698977884931919 0.10732463390892867 0.1289451804956767 0.17551944474523215 0.05106646602004199 0.17551944474523215 0.1289451804956767 0.00674441000474473 0.003485209926071334 0.00674441000474473 0.008635715639448729 0.00918074912172694 0.0051354080431416805 0.00918074912172694 0.008635715639448729 0.0041253852311377275 0.004046952546374 0.004125385231137726 0.0037144282736665543 0.004019707430309045 0.0037312342556172808 0.004019707430309047 0.0037144282736665543 0.0011753889050081033 0.0011367954360868434 0.0011753889050081033 0.0011111133942578507 0.0011610825773332775 0.001093675468406731 0.0011610825773332775 0.0011111133942578507
0.08361569501211048 0.05988416323896171 0.08361569501211048 0.12305890669729565 0.16022122122494126 0.11508784147417926 0.16022122122494126 0.12305890669729565 0.007852699417723229 0.006867978220614353 0.007852699417723229 0.009937583667887098 0.011652317576940427 0.009797396536065098 0.011652317576940427 0.009937583667887098 0.0017527472893909277 0.0018061229112374835 0.001752747289390928 0.0015816790703942077 0.0014863505416390199 0.0015757859557318107 0.00148635054163902 0.0015816790703942077 0.0003498930244158227 0.00036371331210853324 0.0003498930244158227 0.0003282468748431947 0.0003087850432813232 0.0003247474693763482 0.0003087850432813232 0.0003282468748431947
0.08124737587133164 0.07299988931184186 0.08124737587133164 0.11487813170378486 0.1609712749642189 0.12686780829472455 0.1609712749642189 0.11487813170378486 0.006731802044748967 0.006775284065873552 0.006731802044748967 0.008502549359191867 0.009575918813628435 0.009223541942025097 0.009575918813628435 0.008502549359191867 0.0023639660922619883 0.0022450303159004393 0.002363966092261987 0.002156658453485267 0.002202598107645054 0.0020033188786253648 0.0022025981076450535 0.002156658453485267 0.0003535439581737507 0.00033222886351786567 0.0003535439581737507 0.0003182836654253907 0.0003259203268694077 0.0002968516059601561 0.0003259203268694077 0.0003182836654253907
0.08115313376015568 0.0663550812428174 0.08115313376015568 0.12380083967285578 0.1583310247178288 0.1276350511547519 0.1583310247178288 0.12380083967285578 0.006867573921561943 0.006282872955347705 0.006867573921561943 0.009315356534144767 0.009818737021149897 0.009080235402903179 0.009818737021149897 0.009315356534144767 0.001482123550075576 0.0013262344510402045 0.0014821235500755764 0.00116785951559152 0.0013262183192228267 0.001043019381505178 0.0013262183192228269 0.00116785951559152 0.00025206593153242004 0.0002140740693971687 0.00025206593153242004 0.00020006187619326857 0.00022390933161910083 0.0001856230383740206 0.00022390933161910083 0.00020006187619326857
0.0706020457203119 0.08677502141144357 0.0706020457203119 0.12854340972583503 0.14773266447339278 0.1462428817877213 0.14773266447339278 0.12854340972583503 0.005224096698433975 0.0051231340644555074 0.005224096698433975 0.0068942435086038634 0.007713186788733668 0.007265507933497248 0.007713186788733668 0.0068942435086038634 0.002271600681421466 0.0022938624850820342 0.002271600681421467 0.0021620771931083 0.002111105670595182 0.0021318481231787693 0.0021111056705951812 0.0021620771931083 0.00047786225423566243 0.00047936636773593356 0.00047786225423566243 0.0004516314133251937 0.0004391692495240483 0.00044219107184353 0.0004391692495240483 0.0004516314133251937
0.10139155252975379 0.07376246699201466 0.10139155252975379 0.13832949473888514 0.11220359480587976 0.13755401292197125 0.11220359480587976 0.13832949473888514 0.00736135257917213 0.0068704227038472974 0.00736135257917213 0.00947205079121089 0.007882370946413655 0.009503938985529573 0.007882370946413655 0.00947205079121089 0.0020570133202749167 0.002000770552342916 0.002057013320274917 0.001866271651194267 0.0019314603994455433 0.0018372703880870159 0.0019314603994455433 0.001866271651194267 0.0004675786187713285 0.00045092444624998776 0.0004675786187713285 0.00041997598936879913 0.00042269526444068707 0.00040936974033546375 0.00042269526444068707 0.00041997598936879913
0.0680158544744134 0.06948280727493937 0.0680158544744134 0.12060191237635887 0.1373243417473515 0.16282891984039685 0.1373243417473515 0.12060191237635887 0.007768801664924954 0.009123724162613448 0.007768801664924954 0.012075633005984682 0.011181259274259758 0.01414480565654793 0.011181259274259758 0.012075633005984682 0.0036944646975385774 0.003324563586724346 0.003694464697538577 0.003099369241551941 0.0032905840905452085 0.0029020922233392835 0.003290584090545209 0.003099369241551941 0.0005560197547505622 0.0005202473181177306 0.0005560197547505622 0.0004931450699525201 0.0005010327269244629 0.00046800368820821436 0.0005010327269244629 0.0004931450699525201
0.07673416501757983 0.05436974528808597 0.07673416501757983 0.11881588842451463 0.1404860341323456 0.1158724885775835 0.1404860341323456 0.11881588842451463 0.00908878519874869 0.0074241768402481196 0.00908878519874869 0.012620236712783988 0.01279812479638879 0.011487918193855846 0.01279812479638879 0.012620236712783988 0.007570888917100415 0.007476225993722834 0.007570888917100415 0.006896267855210059 0.007145864257924353 0.006796640235541094 0.007145864257924354 0.006896267855210059 0.0016255059872378394 0.0015677742810331168 0.0016255059872378394 0.0014736634171471051 0.0015286556900585891 0.0014368697758496308 0.0015286556900585891 0.0014736634171471051
0.06746776592302021 0.07828463998427063 0.06746776592302021 0.1189004549609227 0.14272867278848353 0.16378532302822948 0.14272867278848353 0.1189004549609227 0.007422944712187156 0.00821085430429473 0.007422944712187156 0.01072999127251688 0.011075998167999564 0.01210295140538698 0.011075998167999564 0.01072999127251688 0.0023243519530198598 0.0022507345690917554 0.0023243519530198593 0.0020262544493640376 0.002068627333239608 0.001995637865942035 0.002068627333239608 0.0020262544493640376 0.0005130646859781033 0.0004987986307130033 0.0005130646859781033 0.00046624037806468853 0.0004811281324208952 0.0004600706976370599 0.0004811281324208952 0.00046624037806468853
0.07566275397337112 0.04871388262830958 0.07566275397337112 0.11077401632472705 0.17668546820175224 0.09212938799536351 0.17668546820175224 0.11077401632472705 0.007841116675998246 0.006233420430202243 0.007841116675998246 0.010167706382014618 0.012370747563711712 0.008395519605789633 0.012370747563711712 0.010167706382014618 0.0055762743011699405 0.005676412661545096 0.00557627430116994 0.005255582406336054 0.005220974700350797 0.005365139664117381 0.0052209747003508 0.005255582406336054 0.0018647975832895573 0.0018663014939629327 0.0018647975832895573 0.0017508972641505248 0.0017630680678348875 0.0017531286312961155 0.0017630680678348875 0.0017508972641505248
0.06753347471058971 0.04711173853629488 0.06753347471058971 0.09998291385110655 0.17655003795891663 0.12155915311670391 0.17655003795891663 0.09998291385110655 0.008959995789559184 0.009040395241660386 0.008959995789559184 0.012430113237612112 0.01516520898229463 0.015318436020288874 0.01516520898229463 0.012430113237612112 0.0055572332830665285 0.005257302398256146 0.005557233283066526 0.004837260228844724 0.004773276362962419 0.00435233791152173 0.004773276362962419 0.004837260228844724 0.000784537484421152 0.0007575645816284874 0.000784537484421152 0.0007036788141616835 0.0006928996399012035 0.0006618115067724758 0.0006928996399012035 0.0007036788141616835
0.06317388576247064 0.0829928685304318 0.06317388576247064 0.12761181567247912 0.11947044926326121 0.17132798391141302 0.11947044926326121 0.12761181567247912 0.008788262819243142 0.011643476738258282 0.008788262819243142 0.014555663207214556 0.013255393738904893 0.017548423571463297 0.013255393738904893 0.014555663207214556 0.0030024798943157375 0.0025469014007208084 0.00300247989431574 0.002269355485515108 0.002411231149248538 0.0019673625327789666 0.0024112311492485365 0.002269355485515108 0.0004116905377998008 0.00037022917795536574 0.0004116905377998008 0.000343859835863456 0.00034955670864926665 0.0003154659870475387 0.00034955670864926665 0.000343859835863456
0.06727927286129386 0.0815175922614482 0.06727927286129386 0.12298510096692171 0.13904851103918855 0.17060135691564088 0.13904851103918855 0.12298510096692171 0.004463102117778861 0.005406980985589891 0.004463102117778861 0.0069341043971493585 0.006774490850774574 0.008188269691844358 0.006774490850774574 0.0069341043971493585 0.004242277885300551 0.004037881368125131 0.00424227788530055 0.003930103604853637 0.0040837874657350896 0.003796344318621858 0.004083787465735086 0.003930103604853637 0.0009306030452690492 0.0008623935855588727 0.0009306030452690492 0.0008349468354368366 0.0008897561631799381 0.0007970664074067378 0.0008897561631799381 0.0008349468354368366
0.0709760922750027 0.08642090097475764 0.0709760922750027 0.11658483607756974 0.13286322300034364 0.17227348033206438 0.13286322300034364 0.11658483607756974 0.007217968478274648 0.008944153859072794 0.007217968478274648 0.010513576321988743 0.010559753387408761 0.013586667497707995 0.010559753387408761 0.010513576321988743 0.002769918762891543 0.0023979615834228457 0.002769918762891543 0.00220689269952668 0.002313309834470314 0.0018238405009024833 0.0023133098344703144 0.00220689269952668 0.000363744758890631 0.00032654256787190253 0.000363744758890631 0.0003034639937169376 0.00030098924502893506 0.00027891501397338297 0.00030098924502893506 0.0003034639937169376
0.0835343756206597 0.057101999099547836 0.0835343756206597 0.12269917435475566 0.14187356898724024 0.11941579930502327 0.14187356898724024 0.12269917435475566 0.008095733652027055 0.0064326405498346655 0.008095733652027055 0.010065623995087813 0.010907031542480341 0.009419031252574072 0.010907031542480341 0.010065623995087813 0.004888012685676612 0.00501131833918896 0.0048880126856766124 0.004751263095892412 0.004659520102805309 0.004792549149981232 0.004659520102805311 0.004751263095892412 0.0018882870119792555 0.0019005066439570272 0.0018882870119792555 0.0018508720997517476 0.0018274731965885413 0.0018442829700036196 0.0018274731965885413 0.0018508720997517476
0.07171318354627942 0.05256275389588581 0.07171318354627942 0.11104953004369766 0.16378637522451706 0.10305673380880243 0.16378637522451706 0.11104953004369766 0.0095194926704281 0.008607875629694069 0.0095194926704281 0.013394285760221367 0.014607100139275447 0.011815038349459487 0.014607100139275447 0.013394285760221367 0.006131842847049081 0.00625757377598236 0.006131842847049081 0.005604637961188466 0.005560199521752418 0.005912213027472931 0.005560199521752418 0.005604637961188466 0.0011661735093813758 0.001210169393207517 0.0011661735093813758 0.0011085553318124683 0.0010843756975884495 0.0011261376131127708 0.0010843756975884495 0.0011085553318124683
0.0668798039264326 0.08966470151538003 0.0668798039264326 0.1190310565964331 0.13528513700120523 0.1477380343559867 0.13528513700120523 0.1190310565964331 0.007593858528249067 0.009099779749358477 0.007593858528249067 0.010778931335836009 0.010878834535320991 0.011902579000440833 0.010878834535320991 0.010778931335836009 0.0035225537250588076 0.0033261129194874436 0.0035225537250588067 0.0031848119269333418 0.0033105492868854528 0.0031028090053353123 0.003310549286885453 0.0031848119269333418 0.0018590338423191749 0.0018015348587241916 0.0018590338423191749 0.001734870779375367 0.0017698429820138368 0.001705879663160943 0.0017698429820138368 0.001734870779375367
0.05799855216897531 0.07517431313053502 0.05799855216897531 0.12119973794328935 0.1288777582392767 0.143941488852628 0.1288777582392767 0.12119973794328935 0.008192458200412634 0.007645695064761691 0.008192458200412634 0.011824638727221873 0.012915572065537746 0.011201297637383966 0.012915572065537746 0.011824638727221873 0.008262590597298709 0.008591186685403327 0.008262590597298707 0.007887025651048334 0.007681481000573243 0.00803990834348107 0.007681481000573241 0.007887025651048334 0.0020573548124845835 0.00207393941686739 0.0020573548124845835 0.0019368371842682231 0.0018874023146769462 0.0018893530588121159 0.0018874023146769462 0.0019368371842682231
0.08273408599837936 0.05044964188980333 0.08273408599837936 0.12196405782576533 0.1727227932978975 0.12824847799779476 0.1727227932978975 0.12196405782576533 0.005918186046372781 0.003987734188161848 0.005918186046372781 0.007431686441574353 0.009053044717456441 0.0067119160887783155 0.009053044717456441 0.007431686441574353 0.0012556696963239326 0.0013481765079757899 0.0012556696963239317 0.0011219869296657027 0.0010743214678879734 0.001117916324505734 0.001074321467887974 0.0011219869296657027 0.0002127995552194966 0.0002250078434959697 0.0002127995552194966 0.00019147258853427978 0.00018039542544630806 0.0001901291784371276 0.00018039542544630806 0.00019147258853427978
0.05701990324910475 0.10773817333635409 0.05701990324910475 0.1307617671390835 0.11926294653824446 0.20673076092692466 0.11926294653824446 0.1307617671390835 0.004706181859433137 0.007454016810235983 0.004706181859433137 0.008369631187454112 0.006897771571142464 0.011000762085121737 0.006897771571142464 0.008369631187454112 0.0016434572066921702 0.0013840106089463213 0.0016434572066921704 0.0013243337766416312 0.0015077715808842103 0.001141159713491431 0.0015077715808842103 0.0013243337766416312 0.00022296780105344945 0.00018755659113644914 0.00022296780105344945 0.00017947879805152157 0.00020281193398358224 0.0001655146442513502 0.00020281193398358224 0.00017947879805152157
0.048601892741052706 0.12682701469882232 0.048601892741052706 0.1442450970490038 0.1026149940231318 0.1966730044753245 0.1026149940231318 0.1442450970490038 0.005470416137330984 0.008990791609242868 0.005470416137330984 0.009795542477418833 0.008031278027946424 0.011665191876298246 0.008031278027946424 0.009795542477418833 0.002019180951160814 0.0018049928454745593 0.0020191809511608135 0.001730210660112179 0.0018272531698680587 0.0016079883425034354 0.0018272531698680591 0.001730210660112179 0.0005154993273148207 0.0004724368222903092 0.0005154993273148207 0.00045128792747839365 0.000467279645048714 0.00041871505630862097 0.000467279645048714 0.00045128792747839365
0.07069642208478258 0.09221724853151245 0.07069642208478258 0.11985518337551061 0.12594428290179904 0.16519820764720292 0.12594428290179904 0.11985518337551061 0.007961485295109007 0.009809054913994038 0.007961485295109007 0.011452145262357586 0.011044637958152954 0.013907928240189058 0.011044637958152954 0.011452145262357586 0.002854444386926577 0.0025145277147639936 0.0028544443869265783 0.0023628177482531037 0.0024984486691048127 0.0020871788746245246 0.0024984486691048127 0.0023628177482531037 0.0007092429022385975 0.0006077710227498621 0.0007092429022385975 0.0005781587683987394 0.000615816821506663 0.0005119107066825948 0.000615816821506663 0.0005781587683987394
0.07937120947792187 0.05859603263556255 0.07937120947792187 0.10324027878914781 0.1785096768988392 0.12210750814145149 0.1785096768988392 0.10324027878914781 0.00654256447175456 0.006015839177123473 0.00654256447175456 0.007870760630806854 0.009951785103581537 0.008893244014827629 0.009951785103581537 0.007870760630806854 0.0031436802969594248 0.003096327451632088 0.003143680296959423 0.002967096563477458 0.002940868765130167 0.0028789994537826965 0.002940868765130169 0.002967096563477458 0.0012267818105906475 0.0012011696673986483 0.0012267818105906475 0.0011453139323479025 0.0011390173775382266 0.0011128112220301354 0.0011390173775382266 0.0011453139323479025
0.06467900658223665 0.05846632307130298 0.06467900658223665 0.11234263117147597 0.15284188439524274 0.12358993358938986 0.15284188439524274 0.11234263117147597 0.009428289777451275 0.010621748000364927 0.009428289777451275 0.014384884164799924 0.014930452130889055 0.016176882513165722 0.014930452130889055 0.014384884164799924 0.006260993366909515 0.00590384882162904 0.006260993366909512 0.0054598930601167375 0.005544248926070457 0.005124936200485651 0.005544248926070457 0.0054598930601167375 0.001138947809120771 0.001096542242314712 0.001138947809120771 0.0010166048599114024 0.0010099619384969845 0.0009441891959041367 0.0010099619384969845 0.0010166048599114024
0.07558849360648924 0.07549629574847067 0.07558849360648924 0.12854606644275574 0.1350183162206776 0.14358301897082063 0.1350183162206776 0.12854606644275574 0.007632029749826921 0.007624324453335455 0.007632029749826921 0.010834643241546942 0.01037372037642384 0.0111690929642584 0.01037372037642384 0.010834643241546942 0.003022069107601655 0.0028888028546748845 0.0030220691076016546 0.0026769598781387375 0.0028299658308003667 0.002487313482859212 0.0028299658308003663 0.0026769598781387375 0.0005076623213137707 0.00046277380678187653 0.0005076623213137707 0.00043826916678095626 0.00047180092857382404 0.0004083839769397923 0.00047180092857382404 0.00043826916678095626
0.0790329372865997 0.05403037796322304 0.0790329372865997 0.11751643282349884 0.16016630319739014 0.10794081710422249 0.16016630319739014 0.11751643282349884 0.009080868077604014 0.008856919807983393 0.009080868077604014 0.012664790009172843 0.013507360235293605 0.013257362752721297 0.013507360235293605 0.012664790009172843 0.00397592440560788 0.003617904605831709 0.00397592440560788 0.003297155886450862 0.0034296498262277237 0.0029240055594979635 0.0034296498262277224 0.003297155886450862 0.0005724412410880862 0.0005128599620960257 0.0005724412410880862 0.00047371701767407224 0.0004960115748433368 0.00043256908152186884 0.0004960115748433368 0.00047371701767407224
0.07288112298781284 0.07004049803110848 0.07288112298781284 0.11566122423525335 0.1464009919552392 0.13988771855705884 0.1464009919552392 0.11566122423525335 0.008970068209735966 0.009518235912746458 0.008970068209735966 0.012423036142189267 0.01309513822988794 0.014147781832360777 0.01309513822988794 0.012423036142189267 0.0033004403711140596 0.003034677374892426 0.0033004403711140596 0.0027996334988910454 0.0028593677642993745 0.0025005160663004356 0.0028593677642993736 0.0027996334988910454 0.0005717792191699304 0.0005262358745025101 0.0005717792191699304 0.0004915049887252539 0.0004940255312774489 0.0004476700838386156 0.0004940255312774489 0.0004915049887252539
0.08284199863048787 0.06318701211595927 0.08284199863048787 0.11998673033604126 0.16067508353316756 0.12012262333184312 0.16067508353316756 0.11998673033604126 0.006736234541302855 0.00636797292310278 0.006736234541302855 0.00900874280395599 0.009644525583649012 0.009089580720146252 0.009644525583649012 0.00900874280395599 0.0026885700708589653 0.0025287831575190743 0.0026885700708589658 0.0023694106101573896 0.002417892614624968 0.0021624402856431457 0.0024178926146249677 0.0023694106101573896 0.0005309911932685093 0.0004832005296935965 0.0005309911932685093 0.0004591219123891913 0.0004663811825496851 0.0004070209111862195 0.0004663811825496851 0.0004591219123891913
0.0604587279360978 0.08346772531561744 0.0604587279360978 0.11641678575368009 0.1447962509259131 0.18255335923929303 0.1447962509259131 0.11641678575368009 0.006895231867765146 0.007885211623313794 0.006895231867765146 0.009644414046103932 0.011010819591332198 0.012240276002733102 0.011010819591332198 0.009644414046103932 0.001843820621623123 0.00180640927967181 0.0018438206216231218 0.0016230299606533134 0.001502838079748057 0.0014625545702342143 0.001502838079748057 0.0016230299606533134 0.0003022783444252407 0.00029911021926583075 0.0003022783444252407 0.00027106239340585664 0.0002525808049670441 0.0002496730984409996 0.0002525808049670441 0.00027106239340585664
0.06771177823068028 0.09518486922222887 0.06771177823068028 0.11202976305482198 0.15489859973894515 0.14013467641494526 0.15489859973894515 0.11202976305482198 0.006179744099573114 0.007440500759791595 0.006179744099573114 0.008840699698494152 0.009866929701272873 0.009520878842347705 0.009866929701272873 0.008840699698494152 0.003190757797343136 0.0031155401431063887 0.003190757797343134 0.002944270293220148 0.0029785546138163367 0.0029236788020364462 0.0029785546138163363 0.002944270293220148 0.0005817608178056613 0.0005634279283690639 0.0005817608178056613 0.0005334280410124473 0.0005423990788427219 0.0005190575555185712 0.0005423990788427219 0.0005334280410124473
0.0875280785472681 0.056487258244611496 0.0875280785472681 0.11289347170672914 0.1785018259290371 0.10762474896407426 0.1785018259290371 0.11289347170672914 0.006907766310827287 0.005230277810476016 0.006907766310827287 0.008364232269409855 0.010319909254161016 0.00755980191211685 0.010319909254161016 0.008364232269409855 0.0016298396112958424 0.0017221190731884562 0.0016298396112958428 0.0014847244593494363 0.001387072611820746 0.0014753805521428589 0.0013870726118207467 0.0014847244593494363 0.00025330516204487806 0.00025857022215069586 0.00025330516204487806 0.00022896582686357408 0.00021254414652916053 0.000218371550567068 0.00021254414652916053 0.00022896582686357408
0.08390289504122196 0.053578824976089234 0.08390289504122196 0.11206499333371049 0.1669797905438297 0.10384762586215202 0.1669797905438297 0.11206499333371049 0.007448056363856964 0.007062173304612427 0.007448056363856964 0.010105270767191527 0.010871457315708875 0.01052418488066868 0.010871457315708875 0.010105270767191527 0.005012804429283441 0.004545075243269969 0.005012804429283441 0.004344579785402337 0.004662003669745649 0.003829074052492019 0.00466200366974565 0.004344579785402337 0.0008286106183612132 0.0007043767228678161 0.0008286106183612132 0.0006780360648616727 0.0007555446816564695 0.0006005797281871835 0.0007555446816564695 0.0006780360648616727
