0.06321250496421817 0.0833495196393179 0.06321250496421817 0.12624521457772234 0.12723071340223874 0.1681003027382654 0.12723071340223874 0.12624521457772234 0.00878445326169063 0.010110112873252282 0.00878445326169063 0.013002472862999359 0.012624033691010506 0.014583596278212057 0.012624033691010506 0.013002472862999359 0.002681843826795441 0.002529471192678128 0.0026818438267954413 0.0022376057236507736 0.0023419114410902805 0.0021719542295019372 0.0023419114410902814 0.0022376057236507736 0.00033283202228700305 0.00031631016306078773 0.00033283202228700305 0.0002873269400547701 0.00029854851948151785 0.00027981041923238955 0.00029854851948151785 0.0002873269400547701
0.049682215668396874 0.08508937636193378 0.049682215668396874 0.0936739066534221 0.13385193226662565 0.222735879369694 0.13385193226662565 0.0936739066534221 0.008523544379191773 0.012769826536750677 0.008523544379191773 0.013098332121836835 0.014132494721941 0.02034604342205817 0.014132494721941 0.013098332121836835 0.0040332552738930215 0.0032632070486326146 0.004033255273893022 0.0031818333819087718 0.003332611074247803 0.0026189515976097707 0.0033326110742478033 0.0031818333819087718 0.000890678677159645 0.0007466599317017303 0.000890678677159645 0.0007277850710120641 0.0007612847117348062 0.0006503077288785964 0.0007612847117348062 0.0007277850710120641
0.07642298120138592 0.09046520608955486 0.07642298120138592 0.1313481481871803 0.14237108911266316 0.15045448911826179 0.14237108911266316 0.1313481481871803 0.0052767482735643235 0.0060141708904664914 0.0052767482735643235 0.007595872278129776 0.007358692119452893 0.007815890329895533 0.007358692119452893 0.007595872278129776 0.0005513917749407915 0.0005099830863169266 0.0005513917749407916 0.0004401026277323755 0.0004777230958456477 0.00045404785197946117 0.0004777230958456476 0.0004401026277323755 8.081405506581977e-05 7.705745800596645e-05 8.081405506581977e-05 7.185802370028468e-05 7.351000224455095e-05 7.129367170732447e-05 7.351000224455095e-05 7.185802370028468e-05
0.07555143710415699 0.07973335214869576 0.07555143710415699 0.12830488889154765 0.14450642047603932 0.14266702214249616 0.14450642047603932 0.12830488889154765 0.006018015247091683 0.006923045401028777 0.006018015247091683 0.009174249904027265 0.008917570942194097 0.009780875904068663 0.008917570942194097 0.009174249904027265 0.0018714769333761335 0.0017515673359882486 0.001871476933376133 0.001561950595207646 0.001632803723149334 0.0015035222976086593 0.001632803723149334 0.001561950595207646 0.0003467294361666727 0.00032464471846802213 0.0003467294361666727 0.0003066052500862696 0.0003168877814164567 0.0002978974827266626 0.0003168877814164567 0.0003066052500862696
0.05928934179952003 0.10204940158272059 0.05928934179952003 0.12463042853138195 0.11858584103237706 0.2211748185565687 0.11858584103237706 0.12463042853138195 0.005351194263744431 0.007205172066894347 0.005351194263744431 0.008170885383740691 0.007738535896412545 0.010999219442106155 0.007738535896412545 0.008170885383740691 0.0013026032283856607 0.0011849882056567426 0.0013026032283856603 0.0011119742229669144 0.0011319672016001858 0.00100421336580413 0.0011319672016001864 0.0011119742229669144 0.00023733234611143404 0.00022274325924620875 0.00023733234611143404 0.00021459505057746449 0.00021539030245606102 0.00019926500245417904 0.00021539030245606102 0.00021459505057746449
0.06981961770944266 0.07535042458164334 0.06981961770944266 0.11609784714115966 0.14744012998790088 0.16200229149530046 0.14744012998790088 0.11609784714115966 0.007003520077850958 0.00816407223222813 0.007003520077850958 0.010171399121806333 0.010253126723903404 0.012345413951384741 0.010253126723903404 0.010171399121806333 0.0023671977273753654 0.002178971935807501 0.002367197727375364 0.0019968084193758263 0.0020573237814093706 0.001820448832002373 0.0020573237814093706 0.0019968084193758263 0.0005163320897390973 0.00048233218718731635 0.0005163320897390973 0.0004492028860320011 0.0004500073999245887 0.00041101865260593454 0.0004500073999245887 0.0004492028860320011
0.06982610603927493 0.08976500162773204 0.06982610603927493 0.11380779536294512 0.13768666841931973 0.1762128149499086 0.13768666841931973 0.11380779536294512 0.008209711094933467 0.009147621862672014 0.008209711094933467 0.010803651549260176 0.011637205639523767 0.013003621611101156 0.011637205639523767 0.010803651549260176 0.0009698860187657425 0.0009355800972920439 0.0009698860187657421 0.0007912023257292592 0.0007737170623441742 0.0007384785878301748 0.0007737170623441741 0.0007912023257292592 0.0001623866898682648 0.00015923428252440495 0.0001623866898682648 0.00014289341021047133 0.00013943376203696663 0.00013633223251538986 0.00013943376203696663 0.00014289341021047133
0.06555786152816345 0.0850530991986797 0.06555786152816345 0.12619665512550635 0.13703463141151237 0.18711397493756074 0.13703463141151237 0.12619665512550635 0.005480646211562732 0.006566850528158929 0.005480646211562732 0.008406955183906379 0.008237102646164129 0.010019862103432456 0.008237102646164129 0.008406955183906379 0.001096889748471113 0.00101294343852228 0.0010968897484711134 0.0009075399177978435 0.0009285352449325348 0.0008564444015732726 0.0009285352449325353 0.0009075399177978435 0.00022908513392554025 0.00021539103921069459 0.00022908513392554025 0.00020347164742594583 0.0002057965864517065 0.00019109358122177864 0.0002057965864517065 0.00020347164742594583
0.07095599001257342 0.0771030981449367 0.07095599001257342 0.13371096731934817 0.14520611336316433 0.1408721917695031 0.14520611336316433 0.13371096731934817 0.007430156692314108 0.007357477691560065 0.007430156692314108 0.010880265745941588 0.010999702567482526 0.010281087701316347 0.010999702567482526 0.010880265745941588 0.0007569670051093008 0.0008491973356245394 0.0007569670051093008 0.0005682911732118029 0.0005882254839997937 0.0006894555655136204 0.0005882254839997936 0.0005682911732118029 8.819514564827903e-05 9.77178497750556e-05 8.819514564827903e-05 7.374810955580213e-05 7.490325622530348e-05 8.272219262169649e-05 7.490325622530348e-05 7.374810955580213e-05
0.04912605014044983 0.09600506580648317 0.04912605014044983 0.15136064221978682 0.10924315141796088 0.21209117176525544 0.10924315141796088 0.15136064221978682 0.005025885362800271 0.007184938567926006 0.005025885362800271 0.009239104765954097 0.0076707404208907455 0.01095527526233609 0.0076707404208907455 0.009239104765954097 0.0013424772930610014 0.0011744047505800662 0.0013424772930610007 0.0010430291718735824 0.0011086843310528732 0.000963631014688594 0.0011086843310528732 0.0010430291718735824 0.00018739335816990373 0.0001679044028839811 0.00018739335816990373 0.0001523547962325669 0.00015803891839183995 0.00014250403659777668 0.00015803891839183995 0.0001523547962325669
0.07759045798792306 0.06874740354300723 0.07759045798792306 0.11948625818452341 0.15477605395027075 0.14787929521364285 0.15477605395027075 0.11948625818452341 0.006732796227661355 0.006608453094368036 0.006732796227661355 0.009020386656674437 0.009994709869305621 0.010016013241886399 0.009994709869305621 0.009020386656674437 0.0013743442224247301 0.0013359260331984879 0.0013743442224247303 0.0011853482784065412 0.001160522441504025 0.0011134978512561634 0.0011605224415040252 0.0011853482784065412 0.00022606907128973434 0.00021865230311536766 0.00022606907128973434 0.000203042847925323 0.00019555675013974827 0.00018966574342788568 0.00019555675013974827 0.000203042847925323
0.05355847568025565 0.11322008250673349 0.05355847568025565 0.11393456391440569 0.1157963267387167 0.24287749208621387 0.1157963267387167 0.11393456391440569 0.005085489812809324 0.008929172185465172 0.005085489812809324 0.009004834013397743 0.008017385645196447 0.013629740137877697 0.008017385645196447 0.009004834013397743 0.0014383571877230612 0.0010809191964328152 0.0014383571877230612 0.0010472158600147881 0.0011842724402595576 0.0008347760872582866 0.0011842724402595572 0.0010472158600147881 0.00019813414132685323 0.00015034069682142015 0.00019813414132685323 0.00014833601352656244 0.00016342197360893378 0.00012385026071463809 0.00016342197360893378 0.00014833601352656244
0.09071007082037572 0.08646227866339934 0.09071007082037572 0.1265369651171358 0.1234720603271056 0.13145728361238918 0.1234720603271056 0.1265369651171358 0.010299942354751752 0.01048675522649536 0.010299942354751752 0.012576027348649916 0.01243909644789544 0.013159352985863989 0.01243909644789544 0.012576027348649916 0.000766584192047326 0.0007268959046595526 0.000766584192047326 0.0006314561293760416 0.0006330688214605275 0.000591557609141891 0.0006330688214605272 0.0006314561293760416 0.00013209063747397174 0.00012947623184155787 0.00013209063747397174 0.00011946127058845853 0.00011887778998166814 0.00011499725252459714 0.00011887778998166814 0.00011946127058845853
0.07379885767014129 0.09182527690232596 0.07379885767014129 0.1170696749945751 0.1437275042366454 0.1710317600873254 0.1437275042366454 0.1170696749945751 0.006230763056579353 0.00695921048785166 0.006230763056579353 0.008173265129013046 0.008817458134862734 0.0096910897455356 0.008817458134862734 0.008173265129013046 0.0005905382483756836 0.0005593207790782052 0.0005905382483756837 0.0005013333906414568 0.0004905343098633956 0.0004633856732087027 0.0004905343098633955 0.0005013333906414568 9.253126925734195e-05 8.681011662019135e-05 9.253126925734195e-05 8.16948443699102e-05 7.973464732209707e-05 7.536634476054591e-05 7.973464732209707e-05 8.16948443699102e-05
0.06460369370457048 0.08515020990494215 0.06460369370457048 0.11846688732013123 0.14494943910090535 0.16191787270142213 0.14494943910090535 0.11846688732013123 0.0073373882758623705 0.008712518682754418 0.0073373882758623705 0.010698693735705716 0.01134361272607155 0.01243832328546695 0.01134361272607155 0.010698693735705716 0.002115313838698856 0.001955257443105999 0.0021153138386988566 0.001739074065050481 0.0017714314770963914 0.0015738957608117192 0.0017714314770963914 0.001739074065050481 0.00030829666105378176 0.00028335446643980663 0.00030829666105378176 0.0002625597920846446 0.0002665131824287476 0.00024275999573769184 0.0002665131824287476 0.0002625597920846446
0.06337620130380157 0.09610624318231359 0.06337620130380157 0.13142174716159785 0.11791295391954856 0.18100481595088663 0.11791295391954856 0.13142174716159785 0.008090280265045097 0.01058408157848284 0.008090280265045097 0.012460449918807587 0.011368523091581434 0.01463402328347825 0.011368523091581434 0.012460449918807587 0.0011404179086445432 0.0009109839099846046 0.0011404179086445425 0.0008317624551773229 0.000918929876777938 0.0007275981691693883 0.000918929876777938 0.0008317624551773229 0.00014482426817330327 0.00012105612078520396 0.00014482426817330327 0.00011471632030251397 0.00012207607011820905 0.0001054326857475909 0.00012207607011820905 0.00011471632030251397
0.05389606208163812 0.11060189496952952 0.05389606208163812 0.13754665070333771 0.11067337633199603 0.2161108645808104 0.11067337633199603 0.13754665070333771 0.00519862040070685 0.007609688969747537 0.00519862040070685 0.008894538797017099 0.007621418109718822 0.011096031978268977 0.007621418109718822 0.008894538797017099 0.0008091326649362398 0.0007010367595626071 0.0008091326649362396 0.0006212174120205393 0.0006780458787722947 0.0005763213990935915 0.0006780458787722947 0.0006212174120205393 0.00019328095371915155 0.00017709230804265421 0.00019328095371915155 0.00016956832952111478 0.00017927886213615077 0.00016468798390452394 0.00017927886213615077 0.00016956832952111478
0.06521062150692178 0.09067794295749962 0.06521062150692178 0.12978964108082275 0.1333017630328005 0.16084494791849055 0.1333017630328005 0.12978964108082275 0.00820622935557659 0.00949756252612486 0.00820622935557659 0.011489830422491994 0.011771598892423248 0.013023630274139712 0.011771598892423248 0.011489830422491994 0.0007879971594431043 0.0007387666635127369 0.0007879971594431039 0.0006304870248885963 0.0006158999332690474 0.0005757502749202688 0.0006158999332690476 0.0006304870248885963 0.00013727393871737668 0.00013372377848812182 0.00013727393871737668 0.00012647219852544227 0.00012483250352514187 0.00012238150801295854 0.00012483250352514187 0.00012647219852544227
0.06794395193604738 0.09492460463110233 0.06794395193604738 0.12143719759631805 0.13350669705348098 0.16583937642882104 0.13350669705348098 0.12143719759631805 0.0073088426124870275 0.008879415153684865 0.0073088426124870275 0.010490728550723938 0.010393519362864563 0.012149977287387297 0.010393519362864563 0.010490728550723938 0.001753623002009177 0.001614079193829783 0.0017536230020091766 0.001475098945038797 0.0015373093923270722 0.0013914323685361063 0.0015373093923270718 0.001475098945038797 0.00046674439533784086 0.0004402007952071284 0.00046674439533784086 0.0004249699378996937 0.00043638015757201993 0.0004107882572183784 0.00043638015757201993 0.0004249699378996937
0.06403327343783845 0.10417465134164454 0.06403327343783845 0.12947252536726384 0.11556841517006079 0.18757287857686725 0.11556841517006079 0.12947252536726384 0.007110805235040277 0.009388811113550246 0.007110805235040277 0.0105594469213207 0.009509850770161527 0.01264340858324271 0.009509850770161527 0.0105594469213207 0.0015918366804411647 0.001463072095614299 0.0015918366804411645 0.0013925689116430246 0.001447776524507764 0.0012823759776014322 0.0014477765245077634 0.0013925689116430246 0.00028452956340116426 0.00026549674959219457 0.00028452956340116426 0.00025438718110586757 0.0002610949945407971 0.0002362840472365407 0.0002610949945407971 0.00025438718110586757
0.07123676352404776 0.08081717610245377 0.07123676352404776 0.1366985933047499 0.1362001899008252 0.17690825511599698 0.1362001899008252 0.1366985933047499 0.004638982618325342 0.005057626342958093 0.004638982618325342 0.007454692264297392 0.006723177198077745 0.007757536890982786 0.006723177198077745 0.007454692264297392 0.0004626455231252671 0.0004575029545423527 0.00046264552312526714 0.00032962594436954074 0.0003707132056950325 0.0003693455391365427 0.0003707132056950326 0.00032962594436954074 5.6208224133037746e-05 5.7116014262115896e-05 5.6208224133037746e-05 4.464317033631749e-05 4.737777631854065e-05 4.8215731065158814e-05 4.737777631854065e-05 4.464317033631749e-05
0.07456534776115191 0.08469378826702488 0.07456534776115191 0.12544398427680473 0.13800308915632423 0.1716812606244924 0.13800308915632423 0.12544398427680473 0.005726456937086237 0.006549099086831862 0.005726456937086237 0.008145284733038586 0.008041764272813775 0.009452565306921961 0.008041764272813775 0.008145284733038586 0.0009179269887484054 0.0008446846960716166 0.0009179269887484056 0.0007794030017800552 0.0008135758440933448 0.000730461639476693 0.0008135758440933451 0.0007794030017800552 0.000161135972930951 0.00014677604862828008 0.000161135972930951 0.00014055889129481813 0.00014639739923136445 0.0001315138599556316 0.00014639739923136445 0.00014055889129481813
0.049654846378464276 0.11532336174215185 0.049654846378464276 0.14296948695925013 0.09869737980722304 0.23080538851871646 0.09869737980722304 0.14296948695925013 0.004947620854482529 0.008220645868943959 0.004947620854482529 0.009470365798152065 0.00720696811240974 0.011765887566565983 0.00720696811240974 0.009470365798152065 0.0010271821357685723 0.0008444797881066302 0.0010271821357685734 0.0007618329137773447 0.0008727822338973384 0.0007004157538099428 0.0008727822338973381 0.0007618329137773447 0.0001606783355698515 0.00013717930036743437 0.0001606783355698515 0.00012878677060144237 0.0001427535197311694 0.00012127382268280486 0.0001427535197311694 0.00012878677060144237
0.07320645718698322 0.08633309664165292 0.07320645718698322 0.12524101485627218 0.13580000675025292 0.17178406544089347 0.13580000675025292 0.12524101485627218 0.00666328352800133 0.007443933416544363 0.00666328352800133 0.009218402213168686 0.009349569445525237 0.010824948450669279 0.009349569445525237 0.009218402213168686 0.0005771624229404084 0.00052882468436658 0.0005771624229404082 0.0004544988400695516 0.00046581003705584503 0.0004114977456329977 0.0004658100370558451 0.0004544988400695516 0.00010097770121301739 8.974710899329302e-05 0.00010097770121301739 8.464993837049728e-05 9.019014472338653e-05 7.984038209459466e-05 9.019014472338653e-05 8.464993837049728e-05
0.07112742656571483 0.08260484059659463 0.07112742656571483 0.12302687910599426 0.15558621295774386 0.16587439912356583 0.15558621295774386 0.12302687910599426 0.004518332382882621 0.004999701395811452 0.004518332382882621 0.006648754979749197 0.006907057173717667 0.007313038240888977 0.006907057173717667 0.006648754979749197 0.00044247303693189735 0.0004104509843315538 0.00044247303693189724 0.00033138185764704047 0.00036012482940925083 0.0003350474452098777 0.00036012482940925094 0.00033138185764704047 7.8884589202833e-05 7.234053250961656e-05 7.8884589202833e-05 6.649032558503905e-05 6.947380558824005e-05 6.319846075446385e-05 6.947380558824005e-05 6.649032558503905e-05
0.06652442165047294 0.09730914850021816 0.06652442165047294 0.13223723565229928 0.11567776893853209 0.19121209133975903 0.11567776893853209 0.13223723565229928 0.0064539655098181945 0.008439586059061078 0.0064539655098181945 0.010085859274055423 0.008671329777370822 0.012212622228620622 0.008671329777370822 0.010085859274055423 0.0013929949827633469 0.0011888960409638567 0.0013929949827633467 0.001101541248683807 0.0012451099893198423 0.0009760020698504542 0.001245109989319842 0.001101541248683807 0.00027158292665207216 0.0002224844085901419 0.00027158292665207216 0.00021404663289076775 0.00024854501669303907 0.00019036615383351258 0.00024854501669303907 0.00021404663289076775
0.08603863213012132 0.08681028133841853 0.08603863213012132 0.11562528878974496 0.14310553943176368 0.15185059538355627 0.14310553943176368 0.11562528878974496 0.0072959011148305865 0.0073509502151805515 0.0072959011148305865 0.008630657924138281 0.009470991210364427 0.009657467916174793 0.009470991210364427 0.008630657924138281 0.00048051025431834543 0.0004727590171439708 0.0004805102543183455 0.0004143712787825886 0.0003985046821456084 0.00038976971657824546 0.00039850468214560833 0.0004143712787825886 7.279049849967353e-05 7.271055308455025e-05 7.279049849967353e-05 6.701513182631487e-05 6.501543231477648e-05 6.503010216186345e-05 6.501543231477648e-05 6.701513182631487e-05
0.06824502774726779 0.08823816093337947 0.06824502774726779 0.12055539468970952 0.1330639531421851 0.19112296926880126 0.1330639531421851 0.12055539468970952 0.006055591355947774 0.007557719531935609 0.006055591355947774 0.009006119528808873 0.008746654980659048 0.01140766274279633 0.008746654980659048 0.009006119528808873 0.0013316585108023875 0.0011702415369660702 0.001331658510802388 0.0010518865613310614 0.0011008980868256904 0.0009259937381831593 0.00110089808682569 0.0010518865613310614 0.00017976022228654735 0.00016250542321165026 0.00017976022228654735 0.00014957011209459925 0.00015303828516847505 0.00013564037855265084 0.00015303828516847505 0.00014957011209459925
0.05861535223692105 0.0926914084937023 0.05861535223692105 0.12498222283837614 0.1282757198180789 0.20633439992520639 0.1282757198180789 0.12498222283837614 0.00579817516208951 0.007728546073703114 0.00579817516208951 0.009558723649293997 0.009098889787222248 0.012223819822044013 0.009098889787222248 0.009558723649293997 0.0011029094789910179 0.0009472002113206572 0.001102909478991017 0.0008276656238263802 0.0008827718308108202 0.0007137998767454822 0.0008827718308108205 0.0008276656238263802 0.0001556503667011923 0.00013912649866484742 0.0001556503667011923 0.00012521276166418605 0.00012883534487473405 0.0001174413009129059 0.00012883534487473405 0.00012521276166418605
0.0428458989557387 0.10639202638231761 0.0428458989557387 0.13649734380849887 0.105072393200591 0.2467737924989333 0.105072393200591 0.13649734380849887 0.004968885158031063 0.008526947284859494 0.004968885158031063 0.009986051196366526 0.00810979517343823 0.013508698501652993 0.00810979517343823 0.009986051196366526 0.001337280585546448 0.0010746149466458502 0.0013372805855464483 0.0009690298094733626 0.0010849597219143802 0.0008387329593273307 0.0010849597219143802 0.0009690298094733626 0.00016786899284368514 0.00014112244708344848 0.00016786899284368514 0.00013199797607992052 0.0001420785055410002 0.00011689881105358061 0.0001420785055410002 0.00013199797607992052
0.056713452894727207 0.10316116550547229 0.056713452894727207 0.12395928215245404 0.12121732041816834 0.20619360384447696 0.12121732041816834 0.12395928215245404 0.006771880338178838 0.009330207150818089 0.006771880338178838 0.010936190469306762 0.01006483819806145 0.013653576186715408 0.01006483819806145 0.010936190469306762 0.0011044828427553106 0.0009730556701352904 0.001104482842755311 0.0008155762850006733 0.0008765638317913183 0.0007566785012303095 0.000876563831791318 0.0008155762850006733 0.00014143007499940096 0.0001369596359457172 0.00014143007499940096 0.00011780184502424835 0.00012122090992718434 0.00011467298441641766 0.00012122090992718434 0.00011780184502424835
0.04154327303244111 0.11946709002808707 0.04154327303244111 0.1592189234855333 0.08229842581186633 0.23945008226660544 0.08229842581186633 0.1592189234855333 0.004624828948536958 0.009266534342645367 0.004624828948536958 0.010756051379815753 0.006852324660551405 0.013757961329801062 0.006852324660551405 0.010756051379815753 0.001098352256578685 0.0007568124653565537 0.0010983522565786855 0.000692475264736398 0.000878768760933907 0.0005813456415465187 0.0008787687609339066 0.000692475264736398 0.00012349522311258068 9.192066939167703e-05 0.00012349522311258068 8.609210476498843e-05 0.00010298090360714235 7.626959160920548e-05 0.00010298090360714235 8.609210476498843e-05
0.07511487096710559 0.07872088429942689 0.07511487096710559 0.0984971049712337 0.15205631572698786 0.18313005809036417 0.15205631572698786 0.0984971049712337 0.007509045348025083 0.008121669160007845 0.007509045348025083 0.009128495682655701 0.011142513168053722 0.0125595777658683 0.011142513168053722 0.009128495682655701 0.001338158443422256 0.0012491246629334621 0.0013381584434222558 0.001111843334961037 0.0010596265823743674 0.0009685500988622631 0.001059626582374368 0.001111843334961037 0.00018595696835494618 0.00017676478321883385 0.00018595696835494618 0.00016112207466798654 0.0001576088278019097 0.0001480469480299337 0.0001576088278019097 0.00016112207466798654
0.0683494709716243 0.08762720533966802 0.0683494709716243 0.09383607977634097 0.15184477710742947 0.20067930413165821 0.15184477710742947 0.09383607977634097 0.007124177927893363 0.008357357754734658 0.007124177927893363 0.008668048056172621 0.010718110886454548 0.012790999942964568 0.010718110886454548 0.008668048056172621 0.0012157438124230865 0.0010824274606669594 0.001215743812423086 0.0010094474470922685 0.0009708717850375285 0.0008456949867726978 0.0009708717850375284 0.0010094474470922685 0.00016177530498404465 0.00014519453805971285 0.00016177530498404465 0.00013829428143125505 0.00013714622077456247 0.0001239286901591692 0.00013714622077456247 0.00013829428143125505
0.06305559241486501 0.08925206513277693 0.06305559241486501 0.1064779651551922 0.14170906027768396 0.1979794220622749 0.14170906027768396 0.1064779651551922 0.007732797897174825 0.009121061171262872 0.007732797897174825 0.010182345012365498 0.01178209985903458 0.014036734640499817 0.01178209985903458 0.010182345012365498 0.0010185763412731807 0.000905626023200021 0.0010185763412731811 0.0008232821507252686 0.0007860477570516166 0.0006775006205733315 0.0007860477570516166 0.0008232821507252686 0.0001265049976933745 0.00011546790726065804 0.0001265049976933745 0.00010927108083001047 0.0001048013391481488 9.543387607601571e-05 0.0001048013391481488 0.00010927108083001047
0.07082961572657978 0.0852816391175647 0.07082961572657978 0.12626791809089002 0.14467986118376194 0.1631983453439799 0.14467986118376194 0.12626791809089002 0.005719792988105376 0.006483030092241552 0.005719792988105376 0.008119486140507769 0.008284520342867273 0.009216887807277065 0.008284520342867273 0.008119486140507769 0.0009351659643997291 0.0008622377867280527 0.0009351659643997295 0.0007972529273902129 0.0008302728974036258 0.0007426183891516414 0.0008302728974036258 0.0007972529273902129 0.00017715600270343728 0.00015716051547312677 0.00017715600270343728 0.0001528619948211219 0.00016471606986723404 0.00014084028898878008 0.00016471606986723404 0.0001528619948211219
0.07127336336501615 0.09685986387311654 0.07127336336501615 0.11093645252209451 0.1467769021938248 0.1906066567917546 0.1467769021938248 0.11093645252209451 0.004651589262111345 0.005676428265805014 0.004651589262111345 0.006409193152660639 0.006886718136235368 0.00821642924627662 0.006886718136235368 0.006409193152660639 0.0005686942171525126 0.000499029074850301 0.0005686942171525126 0.00046014563178618746 0.00047197199079807185 0.00040601240319129033 0.00047197199079807185 0.00046014563178618746 0.00011950312766872186 0.00010781647491430337 0.00011950312766872186 0.00010420724308939018 0.00010690182211784351 9.647854098024345e-05 0.00010690182211784351 0.00010420724308939018
0.0832047357286422 0.0754246241057405 0.0832047357286422 0.1301503481321958 0.13777866262242963 0.15073925099122296 0.13777866262242963 0.1301503481321958 0.00656307060422096 0.006335617083158964 0.00656307060422096 0.008702179910903675 0.008955013680056917 0.009272848008253004 0.008955013680056917 0.008702179910903675 0.0009307167953420958 0.0009144398110739101 0.0009307167953420962 0.0007722618446258266 0.0007572639242549507 0.0007440827931083966 0.0007572639242549506 0.0007722618446258266 0.000130536236956862 0.00012655677859877798 0.000130536236956862 0.00011204880007715989 0.00011101276152698221 0.00010687834637733357 0.00011101276152698221 0.00011204880007715989
0.041587548230145994 0.10311883635373806 0.041587548230145994 0.14081591438977537 0.07755975086334145 0.2397976184405936 0.07755975086334145 0.14081591438977537 0.006607272108703112 0.012776815739002459 0.006607272108703112 0.014800430272201851 0.010237533130963263 0.020119147969398062 0.010237533130963263 0.014800430272201851 0.004892497759051236 0.004062744683037895 0.004892497759051237 0.0039068534780561225 0.00421810463937444 0.003481533289714491 0.004218104639374439 0.0039068534780561225 0.0010247850667272072 0.0009257476703757452 0.0010247850667272072 0.0009014717241643367 0.0008977279095510497 0.0008177767100289097 0.0008977279095510497 0.0009014717241643367
0.06788432015537603 0.07635412424676183 0.06788432015537603 0.13164787853415744 0.13623859665067684 0.16739780306432586 0.13623859665067684 0.13164787853415744 0.006345778168245667 0.008348825925982087 0.006345778168245667 0.010649515036746531 0.009357959156123516 0.012752220749867687 0.009357959156123516 0.010649515036746531 0.0014728688203599833 0.0011364582252260988 0.0014728688203599833 0.0010291145345085314 0.0012065685926839237 0.0008661746209590195 0.0012065685926839244 0.0010291145345085314 0.0002216144104391264 0.00018045375091498052 0.0002216144104391264 0.00016808766593294085 0.00018486124008911184 0.00014961348528318302 0.00018486124008911184 0.00016808766593294085
0.06713810785139065 0.08008017012275871 0.06713810785139065 0.13607866126452148 0.13462872293334477 0.1709009405106815 0.13462872293334477 0.13607866126452148 0.0056274595924116 0.007484800002611773 0.0056274595924116 0.009595029410597236 0.008351315573776604 0.011288772302119604 0.008351315573776604 0.009595029410597236 0.001007465166735983 0.0007826315072093952 0.0010074651667359828 0.0006914610555460352 0.0008084778040474426 0.0005941355469384706 0.000808477804047443 0.0006914610555460352 0.00015084903087689866 0.00012535881275177848 0.00015084903087689866 0.00011566036668353517 0.0001256355151513437 0.00010550006476168208 0.0001256355151513437 0.00011566036668353517
0.08187703232633595 0.06811628670419197 0.08187703232633595 0.1278921698376176 0.1550824100319996 0.13091787830944193 0.1550824100319996 0.1278921698376176 0.006756619553852657 0.005837684324283115 0.006756619553852657 0.008820876339639485 0.009549131703837428 0.008364008486532681 0.009549131703837428 0.008820876339639485 0.0007826484890274927 0.0008108113094767601 0.000782648489027493 0.000661468959512715 0.0006620862717608988 0.0006877666944678986 0.0006620862717608985 0.000661468959512715 0.00014775462538566968 0.0001446550415193415 0.00014775462538566968 0.00013148016256183675 0.00013265483084682302 0.00012824286533001322 0.00013265483084682302 0.00013148016256183675
0.08393766884504263 0.0654743853621456 0.08393766884504263 0.11696422611410663 0.16391061969178866 0.13192636082954742 0.16391061969178866 0.11696422611410663 0.0061671438117765365 0.00559498962418268 0.0061671438117765365 0.008133716328902809 0.009015741256392757 0.008256167350277715 0.009015741256392757 0.008133716328902809 0.0014290776083466876 0.0013780029477454849 0.0014290776083466876 0.0012100593557327396 0.001276849573768407 0.0011716846808092062 0.0012768495737684072 0.0012100593557327396 0.0002963173556300768 0.00026068141045227766 0.0002963173556300768 0.00024467002018943503 0.00027063828782419836 0.00022427129583625326 0.00027063828782419836 0.00024467002018943503
0.03587492758154355 0.12012730367723828 0.03587492758154355 0.1575304586530815 0.07625112686320493 0.27214677647681257 0.07625112686320493 0.1575304586530815 0.0038173057413122967 0.006955539640474357 0.0038173057413122967 0.008311262578902317 0.005740167337741893 0.010869990966148815 0.005740167337741893 0.008311262578902317 0.0015559079527895769 0.0013670342584507277 0.0015559079527895769 0.0012735509318769164 0.0013780802268864576 0.0011951516717281317 0.001378080226886458 0.0012735509318769164 0.0005196792889507691 0.0004733473161850029 0.0005196792889507691 0.0004635112505688873 0.0004959364898907944 0.0004410261994624009 0.0004959364898907944 0.0004635112505688873
0.07601084584593841 0.09241323187712969 0.07601084584593841 0.13449338738752073 0.1300322751764928 0.15960611783185025 0.1300322751764928 0.13449338738752073 0.005999312544809748 0.006909999861815389 0.005999312544809748 0.008518030854780562 0.008319631668099117 0.009557556315729016 0.008319631668099117 0.008518030854780562 0.0006244935392258486 0.0005268739487326997 0.0006244935392258489 0.00045574495803847744 0.00048651145640926224 0.00040530387897765876 0.00048651145640926196 0.00045574495803847744 0.0001007909026370279 9.000621452325187e-05 0.0001007909026370279 8.216349394486893e-05 8.40480104320733e-05 7.643839458410709e-05 8.40480104320733e-05 8.216349394486893e-05
0.051898952789141105 0.11611860095499256 0.051898952789141105 0.1344533582267214 0.10487219649537463 0.2364966478055531 0.10487219649537463 0.1344533582267214 0.004654484098352605 0.007356740650340858 0.004654484098352605 0.008398194918170643 0.007099076492613336 0.011004493018766397 0.007099076492613336 0.008398194918170643 0.0008260284908369213 0.0006715268096176196 0.0008260284908369208 0.0006127863594189561 0.0006754233486825841 0.000537767944000838 0.0006754233486825841 0.0006127863594189561 0.00012265789414037115 0.00010186157523150579 0.00012265789414037115 9.603133989251712e-05 0.00010412178451519174 8.573676577666356e-05 0.00010412178451519174 9.603133989251712e-05
0.0800305496146667 0.08646540888726777 0.0800305496146667 0.12927254945548355 0.14144325944709144 0.15179834374409984 0.14144325944709144 0.12927254945548355 0.005952316747656411 0.0061084282665550375 0.005952316747656411 0.007765652728364569 0.008042884241053292 0.008309136869186152 0.008042884241053292 0.007765652728364569 0.00028993123271843377 0.0002787510298128568 0.0002899312327184339 0.00022496470729140692 0.0002311098861733702 0.0002178556662988401 0.0002311098861733703 0.00022496470729140692 4.341156548897712e-05 4.276559366234142e-05 4.341156548897712e-05 3.736495786683141e-05 3.718848103320776e-05 3.6943813340783824e-05 3.718848103320776e-05 3.736495786683141e-05
0.05769363601563162 0.08359652853162274 0.05769363601563162 0.10171352846066059 0.13665195382716663 0.19529522473840752 0.13665195382716663 0.10171352846066059 0.009957246940864419 0.011721661699054087 0.009957246940864419 0.013733515382449062 0.015645148932008402 0.018623668383429142 0.015645148932008402 0.013733515382449062 0.002355339724229673 0.002160345560426448 0.0023553397242296738 0.001860080495829509 0.0018751872828940556 0.0016466312769691195 0.0018751872828940556 0.001860080495829509 0.0005371104645596218 0.0005146309613708271 0.0005371104645596218 0.0004825591631204318 0.0004892012096621463 0.0004522930505676774 0.0004892012096621463 0.0004825591631204318
0.06432719772959483 0.09887804315027152 0.06432719772959483 0.12475969814227515 0.13142979401810206 0.17772360534829085 0.13142979401810206 0.12475969814227515 0.007352155311770224 0.008186408554739623 0.007352155311770224 0.009413437410069546 0.010505610993351027 0.011466628192045962 0.010505610993351027 0.009413437410069546 0.0010035207805416811 0.0010479264587515628 0.001003520780541681 0.0009053247991355203 0.0007943301842738348 0.000832117551454977 0.0007943301842738345 0.0009053247991355203 0.00011769636470786267 0.00012394507376547334 0.00011769636470786267 0.00010966098754436463 0.00010020558434456806 0.00010406105925867917 0.00010020558434456806 0.00010966098754436463
0.07114179565112322 0.09660202008936179 0.07114179565112322 0.1258077960200699 0.1288319898366912 0.18757457329692195 0.1288319898366912 0.1258077960200699 0.005318697153502738 0.006623438815497118 0.005318697153502738 0.00779546961130007 0.007423300275377909 0.009538165903098682 0.007423300275377909 0.00779546961130007 0.0008766703400772085 0.0007791827228794006 0.0008766703400772085 0.0007245578968351659 0.0007584079209432121 0.0006388047686726326 0.000758407920943212 0.0007245578968351659 0.00012539825155187637 0.00011168782748347435 0.00012539825155187637 0.00010618935627857862 0.00010809626823394835 9.538941211489008e-05 0.00010809626823394835 0.00010618935627857862
0.06830316384390092 0.08693582940929888 0.06830316384390092 0.13607950721231638 0.12723003183366582 0.1640809046815776 0.12723003183366582 0.13607950721231638 0.006877998141147646 0.008431263990669244 0.006877998141147646 0.010524053132928281 0.009671116694538144 0.011944805502480657 0.009671116694538144 0.010524053132928281 0.0013249262355929743 0.0011778180449312059 0.0013249262355929739 0.0011042129343811163 0.001182589294349427 0.0010006129951357755 0.0011825892943494274 0.0011042129343811163 0.0002552333925504054 0.00022386315397750187 0.0002552333925504054 0.0002160713970325572 0.00023613512249089498 0.0001948237521401167 0.00023613512249089498 0.0002160713970325572
0.06549486278327564 0.09674475128456105 0.06549486278327564 0.12424750080394517 0.13105399896246725 0.18099889404550554 0.13105399896246725 0.12424750080394517 0.007065225811573666 0.007973713922152084 0.007065225811573666 0.00997267100411847 0.010182975734314722 0.011120386873055329 0.010182975734314722 0.00997267100411847 0.0008437242122272087 0.000819484042125774 0.0008437242122272085 0.0006852827438757957 0.0006999008972111988 0.0006818141869473592 0.0006999008972111989 0.0006852827438757957 0.0001588817279648764 0.00015359646699584871 0.0001588817279648764 0.00013946086320455696 0.00014119101293810223 0.0001360060644237772 0.00014119101293810223 0.00013946086320455696
0.04878996600394717 0.10716165603159213 0.04878996600394717 0.14067645936747214 0.09788435933017577 0.22399886519360174 0.09788435933017577 0.14067645936747214 0.007285474791654904 0.009539442451158684 0.007285474791654904 0.011511472986540138 0.01036402307646348 0.013933217524310714 0.01036402307646348 0.011511472986540138 0.0015156520568674506 0.00145026116228586 0.0015156520568674516 0.001261868211624406 0.001288675752490757 0.001213147176125065 0.0012886757524907572 0.001261868211624406 0.00021230026601233852 0.00020132121955272655 0.00021230026601233852 0.00018563068961945466 0.00018761292569658802 0.00017509832424398802 0.00018761292569658802 0.00018563068961945466
0.06279413797724735 0.10204470303618673 0.06279413797724735 0.14073409183257046 0.121211443984114 0.17089565870342902 0.121211443984114 0.14073409183257046 0.005149449390925782 0.007358266590549168 0.005149449390925782 0.008971048309678093 0.007497932047340008 0.009915218799489166 0.007497932047340008 0.008971048309678093 0.0015627939772746404 0.0013768678323588393 0.0015627939772746404 0.0013009634308077129 0.001404707005261198 0.001246799499608001 0.0014047070052611982 0.0013009634308077129 0.0007508501695493771 0.0007352313216075129 0.0007508501695493771 0.000731498041548715 0.0007424594455329736 0.0007245029930709248 0.0007424594455329736 0.000731498041548715
0.06950297202058335 0.09452705060184025 0.06950297202058335 0.1151162469675075 0.14228695110196365 0.185507218150378 0.14228695110196365 0.1151162469675075 0.005926905517512307 0.007042599156654356 0.005926905517512307 0.008002343618236329 0.008622700273089284 0.009922886252059462 0.008622700273089284 0.008002343618236329 0.0005221144255429719 0.00047388698175057365 0.0005221144255429721 0.00041442705725855075 0.0004097418483612044 0.00038417286587668264 0.00040974184836120434 0.00041442705725855075 7.481226283744612e-05 7.051370383332159e-05 7.481226283744612e-05 6.345475597193045e-05 6.298835643965753e-05 6.0355876998961564e-05 6.298835643965753e-05 6.345475597193045e-05
0.05173216360604338 0.10514314647537924 0.05173216360604338 0.13205637073347146 0.10196845585457177 0.22589884077963315 0.10196845585457177 0.13205637073347146 0.006499120066479913 0.009896793684083407 0.006499120066479913 0.011422352768091162 0.00923028255444749 0.014749220074515745 0.00923028255444749 0.011422352768091162 0.0019716851043617752 0.0017230624556466606 0.0019716851043617752 0.0015966113967715218 0.0017557468954620627 0.0015276808053341282 0.0017557468954620629 0.0015966113967715218 0.0005965845247530662 0.0005965613608474837 0.0005965845247530662 0.0005619746642419103 0.0005604127557881604 0.0005611725155928796 0.0005604127557881604 0.0005619746642419103
0.07364453610889392 0.08363560758463771 0.07364453610889392 0.11918177601462361 0.1437217616392888 0.16308067705364507 0.1437217616392888 0.11918177601462361 0.007608657166987046 0.008228064958154426 0.007608657166987046 0.009938812922266099 0.01075064733619671 0.011617563594100112 0.01075064733619671 0.009938812922266099 0.00048783048091819196 0.00045016797970110395 0.00048783048091819196 0.0003842101889946638 0.000375764337723827 0.00033139928637844387 0.00037576433772382704 0.0003842101889946638 6.468750910722837e-05 6.194935740456619e-05 6.468750910722837e-05 5.6657530050099606e-05 5.5370039863479454e-05 5.3147636151330016e-05 5.5370039863479454e-05 5.6657530050099606e-05
0.07707950682015033 0.0788359159074554 0.07707950682015033 0.1333696275948287 0.1438445488652336 0.14335439613762227 0.1438445488652336 0.1333696275948287 0.006515353935612376 0.006349976090896768 0.006515353935612376 0.008899405948770344 0.009135664894940833 0.008660481271686893 0.009135664894940833 0.008899405948770344 0.0006109390524779395 0.0006268340399159159 0.0006109390524779398 0.0005018239049686626 0.0005173332554394245 0.000532028965598216 0.0005173332554394246 0.0005018239049686626 9.287414706461831e-05 9.169255670750891e-05 9.287414706461831e-05 8.23411318453703e-05 8.448507909496096e-05 8.086576926263381e-05 8.448507909496096e-05 8.23411318453703e-05
