0.026906708929510824 0.09641881688055405 0.026906708929510824 0.08208933326904323 0.06859201149092556 0.20763681696414749 0.06859201149092556 0.08208933326904323 0.007726665517995097 0.013096254090374081 0.007726665517995097 0.012810573790869017 0.012884353087437891 0.019884807273507953 0.012884353087437891 0.012810573790869017 0.02405717769394513 0.023306983898542622 0.02405717769394513 0.02292779786245311 0.023091070230575467 0.022125291992589276 0.02309107023057546 0.02292779786245311 0.007223991635168512 0.006939347957838685 0.007223991635168512 0.006778297350902304 0.006959736498100894 0.006496246228591821 0.006959736498100894 0.006778297350902304
0.033183450706260165 0.04571194439676182 0.033183450706260165 0.061976634891116364 0.08613957014021534 0.12311254707574022 0.08613957014021534 0.061976634891116364 0.014358163535881336 0.015447495475543733 0.014358163535881336 0.020454971670464114 0.025296969795356585 0.027204281010085853 0.025296969795356585 0.020454971670464114 0.03365837620692205 0.03361532197017098 0.03365837620692205 0.03162952091099803 0.030213819106902646 0.0303166366546397 0.030213819106902642 0.03162952091099803 0.006638013795706024 0.006830795274972357 0.006638013795706024 0.006301435085807594 0.005898534522501234 0.006262057405822542 0.005898534522501234 0.006301435085807594
0.06482516510200009 0.05198306314564312 0.06482516510200009 0.0848593834128494 0.14713030863624593 0.12323539582019427 0.14713030863624593 0.0848593834128494 0.010095376597702268 0.009161909399373787 0.010095376597702268 0.011754846099518103 0.01604345255388736 0.014627148885495416 0.01604345255388736 0.011754846099518103 0.01281978763946884 0.012945448793130589 0.01281978763946884 0.012460636086677449 0.011907828432254174 0.012075706684264852 0.011907828432254181 0.012460636086677449 0.0041545678914763065 0.0041984133772085515 0.0041545678914763065 0.004004341253271815 0.003862467608180427 0.003936591267624964 0.003862467608180427 0.004004341253271815
0.06083585074717338 0.09339931548553453 0.06083585074717338 0.11712493876778379 0.12053402589746329 0.17496359393978955 0.12053402589746329 0.11712493876778379 0.008114322718798571 0.012049059113525867 0.008114322718798571 0.01329891655655689 0.011695573032908187 0.01645744124848454 0.011695573032908187 0.01329891655655689 0.0042093500998613914 0.003745853539435356 0.004209350099861392 0.0036182361479620774 0.003819041509050558 0.003471418476581653 0.0038190415090505587 0.0036182361479620774 0.0012126675083890183 0.0011853082947773817 0.0012126675083890183 0.0011594787977292093 0.001172679786709161 0.0011378467611000889 0.001172679786709161 0.0011594787977292093
0.07930124378894653 0.07792253119250168 0.07930124378894653 0.14764690061102714 0.12256269175443119 0.12913276003019644 0.12256269175443119 0.14764690061102714 0.005824185137683147 0.006792560327658087 0.005824185137683147 0.009322974334222456 0.00811425651134637 0.009682848072862906 0.00811425651134637 0.009322974334222456 0.0035478914017152067 0.0032855247468283485 0.003547891401715207 0.003087490963828915 0.0032164893639479056 0.002883969862072862 0.0032164893639479056 0.003087490963828915 0.0006825359143371967 0.000642108327898304 0.0006825359143371967 0.0005986869727906788 0.0006358090554449508 0.0005753858205380162 0.0006358090554449508 0.0005986869727906788
0.06529580297454605 0.08377267337747073 0.06529580297454605 0.10629819637794026 0.12480425847870236 0.1595097569371989 0.12480425847870236 0.10629819637794026 0.01097595061176832 0.012566023375859018 0.01097595061176832 0.014690402498919739 0.015873973498983247 0.017890058303265215 0.015873973498983247 0.014690402498919739 0.006350550712807318 0.006183654535132269 0.006350550712807316 0.005759632481919263 0.005692901406428217 0.005545830691885245 0.005692901406428221 0.005759632481919263 0.0006198774863214275 0.0005438491346774094 0.0006198774863214275 0.00030311600173610174 0.0002571254364573251 0.00014457771145181216 0.0002571254364573251 0.00030311600173610174
0.05451255226364328 0.07544837323610312 0.05451255226364328 0.11083769441145305 0.09506736616044612 0.13980730641017702 0.09506736616044612 0.11083769441145305 0.008245949210935619 0.011191695176133405 0.008245949210935619 0.013695820060370538 0.012752846390376073 0.01698577247119897 0.012752846390376073 0.013695820060370538 0.020362704343380018 0.019823899642229453 0.020362704343380018 0.019211596567369777 0.01918268752192464 0.01873770227316085 0.01918268752192463 0.019211596567369777 0.0013479461757492524 0.001157075430190671 0.0013479461757492524 0.0013856196564257359 0.0012313181034634005 0.0011799736297313846 0.0012313181034634005 0.0013856196564257359
0.06160912773131151 0.06784158397724542 0.06160912773131151 0.1055136246997996 0.13039755505161627 0.1589069990712814 0.13039755505161627 0.1055136246997996 0.011742176345125867 0.012934057618150495 0.011742176345125867 0.01601480432303162 0.017980021733444197 0.02026844861227998 0.017980021733444197 0.01601480432303162 0.0069699533453897655 0.006750880562428802 0.006969953345389774 0.006211332233986745 0.005989326361580076 0.005767726875742723 0.005989326361580077 0.006211332233986745 0.00017051873298852083 0.0006777695305685114 0.00017051873298852083 0.00033666262265396685 0.0001359925222017341 0.0007103423460430498 0.0001359925222017341 0.00033666262265396685
0.05179779286815898 0.13043659317949827 0.05179779286815898 0.1406580362203573 0.08887714232908629 0.1654716762799469 0.08887714232908629 0.1406580362203573 0.0065510835214340965 0.012804604147583394 0.0065510835214340965 0.01316651849517558 0.00965486845644135 0.015398546115591771 0.00965486845644135 0.01316651849517558 0.007066268424428252 0.006247774469137663 0.0070662684244282474 0.006137332611289777 0.006495240930267894 0.005849306278087305 0.006495240930267896 0.006137332611289777 0.000510546226058349 0.00020377536796635664 0.000510546226058349 0.0005044141504653863 0.0002822310242887118 0.00018477364728439373 0.0002822310242887118 0.0005044141504653863
0.060355062366840295 0.06163841605872144 0.060355062366840295 0.10332539404553741 0.12886474370246212 0.11988234809941573 0.12886474370246212 0.10332539404553741 0.00859461782674889 0.009223346004915584 0.00859461782674889 0.01222635668833436 0.013739232978692601 0.014594754727660664 0.013739232978692601 0.01222635668833436 0.016976327565924192 0.016820970853232427 0.016976327565924192 0.01616760883404504 0.01590330876871701 0.015747418944978605 0.015903308768717 0.01616760883404504 0.0010630982420981718 0.0009723834657947165 0.0010630982420981718 0.0007967245156023746 0.0017033867760050821 0.0016886372232656941 0.0017033867760050821 0.0007967245156023746
0.07072135271741882 0.10261552526627737 0.07072135271741882 0.11645979327949534 0.11701541418244708 0.1372191029333673 0.11701541418244708 0.11645979327949534 0.008868702845652233 0.0112336606143192 0.008868702845652233 0.01236671030812697 0.012359430901872416 0.014020894717755542 0.012359430901872416 0.01236671030812697 0.007397801224764273 0.00707443070424445 0.007397801224764273 0.0068158402900563315 0.006818039434207286 0.0065852023699925245 0.00681803943420729 0.0068158402900563315 0.0006168215488542184 0.00048628625028851886 0.0006168215488542184 1.7476655921851827e-05 0.0006364814395803509 0.0005771674869608155 0.0006364814395803509 1.7476655921851827e-05
0.06050480223636555 0.07659658432488063 0.06050480223636555 0.11673875118640964 0.13542943409923866 0.1674797169453207 0.13542943409923866 0.11673875118640964 0.009418722804692883 0.010378066687342433 0.009418722804692883 0.013679639194664478 0.014374262301189808 0.01569582308162682 0.014374262301189808 0.013679639194664478 0.0033859807806016873 0.0033622771388236955 0.0033859807806016877 0.0030209828292591823 0.0029488716636966203 0.002935222532872399 0.002948871663696619 0.0030209828292591823 0.0006034746777436741 0.0006149816282995529 0.0006034746777436741 0.0005571652841049611 0.0005343577600173771 0.0005444380248646552 0.0005343577600173771 0.0005571652841049611
0.05176334756534151 0.11726467718080878 0.05176334756534151 0.1399794055525863 0.08538459618116293 0.224595221840364 0.08538459618116293 0.1399794055525863 0.006293593152157006 0.011188356199874504 0.006293593152157006 0.012411241834183209 0.008458381762593054 0.01586711107654202 0.008458381762593054 0.012411241834183209 0.0025546792959773214 0.0019822950461431473 0.002554679295977322 0.0018781336871528016 0.0022492975499671785 0.0017315245383038341 0.0022492975499671785 0.0018781336871528016 0.0007315289366165213 0.0006736294377214368 0.0007315289366165213 0.0006501470634329708 0.0006819528095350913 0.0006245738988305519 0.0006819528095350913 0.0006501470634329708
0.049679037948349464 0.08984834073980921 0.049679037948349464 0.11875142809168776 0.11825120597036466 0.19819976112944115 0.11825120597036466 0.11875142809168776 0.008068980136942598 0.01135796251871138 0.008068980136942598 0.013158561615410833 0.013030341312200228 0.017561042700721168 0.013030341312200228 0.013158561615410833 0.004886366978970308 0.004536178116340626 0.00488636697897031 0.004257920145386429 0.004190998145759108 0.003890443497551516 0.004190998145759107 0.004257920145386429 0.0008390660823576076 0.0007848137537629829 0.0008390660823576076 0.0007326966502689381 0.0007269187454705949 0.0006744138973249771 0.0007269187454705949 0.0007326966502689381
0.027993266527272992 0.10666532450956312 0.027993266527272992 0.10692533711904026 0.07924270512521339 0.2688401087902068 0.07924270512521339 0.10692533711904026 0.00774559265231301 0.018014501943331866 0.00774559265231301 0.018450705145324483 0.01332156470611916 0.029199427001408818 0.01332156470611916 0.018450705145324483 0.008503522033019253 0.006559239784727451 0.008503522033019253 0.006371283474164047 0.007368921563632662 0.005458850515473797 0.00736892156363266 0.006371283474164047 0.0019403160409572845 0.0016080706702496662 0.0019403160409572845 0.0015557653363435342 0.0016974812683172263 0.0014215548016038465 0.0016974812683172263 0.0015557653363435342
0.06563383749064589 0.07226445614787372 0.06563383749064589 0.11351034570334952 0.11776437283537981 0.13769062472018137 0.11776437283537981 0.11351034570334952 0.008599824604213581 0.010286565691800283 0.008599824604213581 0.01291069920639259 0.012659085277422565 0.015175096819998877 0.012659085277422565 0.01291069920639259 0.012899567512461338 0.012507611158583655 0.012899567512461341 0.0120797992417757 0.012136814769807118 0.01170972430261944 0.01213681476980712 0.0120797992417757 0.0008386315695304255 0.0007072080485090351 0.0008386315695304255 0.0001882353295385773 0.0001306101699655343 0.0009550656894683432 0.0001306101699655343 0.0001882353295385773
0.03161350041100869 0.1357076967194339 0.03161350041100869 0.1399849280111815 0.07731799718791983 0.25700446176835484 0.07731799718791983 0.1399849280111815 0.004698220226549438 0.012261200939610062 0.004698220226549438 0.012414532112575599 0.007561677845950985 0.017384074414707178 0.007561677845950985 0.012414532112575599 0.0038127732914164094 0.002847523864109411 0.0038127732914164103 0.002780187269565693 0.0033940275217735584 0.0024800267466140915 0.0033940275217735592 0.002780187269565693 0.0007475454880424228 0.0006101932416365536 0.0007475454880424228 0.0005909803595903676 0.0006707311221858731 0.0005306206100132586 0.0006707311221858731 0.0005909803595903676
0.07171112304080465 0.08018904212182411 0.07171112304080465 0.11020806201418178 0.13256909107789408 0.14336944632189702 0.13256909107789408 0.11020806201418178 0.008444144335940344 0.009657358016547242 0.008444144335940344 0.011382160346396424 0.01230870604300155 0.013602478292793522 0.01230870604300155 0.011382160346396424 0.007552254397716456 0.007339095881526659 0.007552254397716448 0.00697745193766362 0.006854899469036527 0.006659309604526585 0.006854899469036529 0.00697745193766362 0.0003567570123759129 0.0006626724541344175 0.0003567570123759129 0.0003789391459369435 0.00020372640167611703 0.0006259668615015712 0.00020372640167611703 0.0003789391459369435
0.07085599571486151 0.07152688143100519 0.07085599571486151 0.11612985052691831 0.14276545334475207 0.13883874297372878 0.14276545334475207 0.11612985052691831 0.008718876796495877 0.008968072967304945 0.008718876796495877 0.011676427994712081 0.01272451719731681 0.012888765900412996 0.01272451719731681 0.011676427994712081 0.004400687942728789 0.0043300648916677125 0.004400687942728789 0.004092460584870742 0.00406783175981109 0.003964300794574981 0.00406783175981109 0.004092460584870742 0.0011254555370883656 0.0010938613491391985 0.0011254555370883656 0.001055308212141352 0.0010689820379106534 0.0010256143929508698 0.0010689820379106534 0.001055308212141352
0.056536145207949584 0.06962236590257305 0.056536145207949584 0.10291218903479726 0.0999357599365485 0.12636340914286617 0.0999357599365485 0.10291218903479726 0.005237598337268883 0.008698938430128976 0.005237598337268883 0.010074171192642709 0.00861698997864284 0.01389209197361746 0.00861698997864284 0.010074171192642709 0.026575971152938 0.02548059346073379 0.026575971152938 0.025139522044118214 0.0256922851811569 0.02415747720245371 0.02569228518115689 0.025139522044118214 0.0014988603170133813 0.0006745729692013263 0.0014988603170133813 0.0017332933721280555 0.0009325096122647569 0.0013399601834875182 0.0009325096122647569 0.0017332933721280555
0.05893646624825302 0.07427512279849972 0.05893646624825302 0.1066934605478985 0.12854817527027665 0.14785756481517276 0.12854817527027665 0.1066934605478985 0.0062649883694233435 0.008099745132345054 0.0062649883694233435 0.009599160446689004 0.010095536514472174 0.012498196913810286 0.010095536514472174 0.009599160446689004 0.01426725060898801 0.013942851074339822 0.014267250608988001 0.013679590274726146 0.01365787809186587 0.013370485165135719 0.013657878091865869 0.013679590274726146 0.0013619226318623764 0.0012032959524043024 0.0013619226318623764 0.0006093449087659025 0.0005769031503449799 0.00017138402116045364 0.0005769031503449799 0.0006093449087659025
0.07819479055684428 0.054776755061924046 0.07819479055684428 0.09389845976528213 0.1313235924872968 0.09968892750399264 0.1313235924872968 0.09389845976528213 0.00912843577614806 0.007884323925863123 0.00912843577614806 0.01050013647106746 0.013373473217465076 0.011762801116567375 0.013373473217465076 0.01050013647106746 0.01840032714870392 0.018539594643711528 0.018400327148703915 0.017926203652348913 0.01746931632365019 0.017653245620510908 0.01746931632365019 0.017926203652348913 0.00105777328585045 0.0009831428192413026 0.00105777328585045 0.0014301458673425234 0.0010783742439643992 0.0011491517162607792 0.0010783742439643992 0.0014301458673425234
0.022743149074001937 0.04636690061762572 0.022743149074001937 0.04468616848892189 0.05361635123568753 0.11947836501238274 0.05361635123568753 0.04468616848892189 0.01301590229903201 0.019234534534464248 0.01301590229903201 0.021171246841456763 0.022999895660010046 0.033324940456133184 0.022999895660010046 0.021171246841456763 0.045850516089454736 0.04384936644617104 0.04585051608945472 0.04254474458458404 0.042124665974626586 0.03962822340720073 0.042124665974626566 0.04254474458458404 0.010898313054313049 0.010369701666886938 0.010898313054313049 0.009850461468032307 0.009763618768014416 0.00921790078286493 0.009763618768014416 0.009850461468032307
0.05814448674421598 0.10982508594988322 0.05814448674421598 0.12286122451536596 0.11307315328955933 0.19576388594481586 0.11307315328955933 0.12286122451536596 0.0062865616086069335 0.009076033258906014 0.0062865616086069335 0.009755593704978627 0.009090547200452074 0.012580034617950086 0.009090547200452074 0.009755593704978627 0.004294372113118957 0.004113104106992513 0.004294372113118955 0.004000394951924983 0.004023013033072105 0.003865383836495184 0.004023013033072104 0.004000394951924983 0.00020595718977163766 3.983661478907704e-05 0.00020595718977163766 9.000244746900689e-05 0.0003678699453115216 0.0003502821824737274 0.0003678699453115216 9.000244746900689e-05
0.06557747376877418 0.09410937324665601 0.06557747376877418 0.11966150363454295 0.11489578326963927 0.149761856455481 0.11489578326963927 0.11966150363454295 0.008162651833698981 0.010494923150808917 0.008162651833698981 0.011862906948340893 0.011758597053332449 0.013993451442697662 0.011758597053332449 0.011862906948340893 0.008480057285651942 0.008162019782597068 0.008480057285651942 0.007928887814803505 0.00794023302173611 0.007682889972138692 0.007940233021736107 0.007928887814803505 0.00048282598616334444 0.0001476991136753748 0.00048282598616334444 0.00038624381590437936 0.0003343604596844458 0.0007047370514004924 0.0003343604596844458 0.00038624381590437936
0.06089134950877827 0.06669932077695333 0.06089134950877827 0.09724584737850495 0.10770793000543731 0.12852008152667962 0.10770793000543731 0.09724584737850495 0.007815373187655347 0.009646501557514113 0.007815373187655347 0.011352664195584736 0.012422178159215837 0.01505309247755902 0.012422178159215837 0.011352664195584736 0.022705352969935106 0.022358605341125555 0.022705352969935113 0.02186639771558021 0.021665973560187984 0.02140799683852006 0.021665973560187974 0.02186639771558021 0.0007607777664499551 0.0006756599348233757 0.0007607777664499551 0.0015847836023776928 0.0011519548985209033 0.0012975756503682415 0.0011519548985209033 0.0015847836023776928
0.05864280094754803 0.1091577982410821 0.05864280094754803 0.10670791786180556 0.12387432203623247 0.20099510066183215 0.12387432203623247 0.10670791786180556 0.0070034567329296145 0.009930003633749173 0.0070034567329296145 0.009931469990688065 0.010524918834408746 0.013753960981170738 0.010524918834408746 0.009931469990688065 0.004096862595379079 0.0038545815780125065 0.004096862595379078 0.0037656176092584893 0.0037511536560837348 0.003562619947572571 0.003751153656083733 0.0037656176092584893 0.0002204193028239495 0.0002108691764211459 0.0002204193028239495 0.0002981151064359851 0.0002686374060781444 0.0003636816208159177 0.0002686374060781444 0.0002981151064359851
0.0527098742711175 0.09633601833097274 0.0527098742711175 0.12962585626247 0.10695652093704815 0.1962283354089664 0.10695652093704815 0.12962585626247 0.008373534615088168 0.011999847888120268 0.008373534615088168 0.014138880337198779 0.012542819405280839 0.01768825364256355 0.012542819405280839 0.014138880337198779 0.003229102959914411 0.0028714465598046867 0.003229102959914412 0.0026848201643623836 0.002750495748612121 0.002465969326556121 0.0027504957486121206 0.0026848201643623836 0.0008637136197120593 0.000841761281817743 0.0008637136197120593 0.0007802377177423079 0.0007602865724628646 0.0007360823391793234 0.0007602865724628646 0.0007802377177423079
0.053509565734846394 0.13119520168316098 0.053509565734846394 0.13114089386060335 0.09063869544489442 0.1971749644755288 0.09063869544489442 0.13114089386060335 0.006807868060393608 0.012759005603424124 0.006807868060393608 0.01285603255000198 0.009560827779611975 0.015770173644956236 0.009560827779611975 0.01285603255000198 0.0032395820062334005 0.0027662326837492295 0.0032395820062334005 0.002727197311637542 0.0029643454754148023 0.0026245972734272103 0.0029643454754148015 0.002727197311637542 0.001382265515272703 0.0013526745416908698 0.001382265515272703 0.0013359640197610513 0.0013569793774783074 0.0013167158217634943 0.0013569793774783074 0.0013359640197610513
0.05459360941489415 0.07971112671016164 0.05459360941489415 0.11229251768529351 0.08778696870121731 0.1163385910947692 0.08778696870121731 0.11229251768529351 0.009908943802355222 0.012867686081617443 0.009908943802355222 0.016647089125394993 0.01619204894286173 0.019322809492358803 0.01619204894286173 0.016647089125394993 0.021420956646141978 0.020648071384452713 0.021420956646141978 0.019557698480763566 0.01939405203557095 0.018745671647466735 0.01939405203557095 0.019557698480763566 0.0028342002870447814 0.002554011124508329 0.0028342002870447814 0.0018770945650270756 0.0016878718196066205 0.0014259294523213059 0.0016878718196066205 0.0018770945650270756
0.060122716373681065 0.06549917085799825 0.060122716373681065 0.11242989707230065 0.10376741782921751 0.11918433067987505 0.10376741782921751 0.11242989707230065 0.007131416829484068 0.008682344624255272 0.007131416829484068 0.011805952678675511 0.011201422863442419 0.013144915071260877 0.011201422863442419 0.011805952678675511 0.02215337510097604 0.02186446938480697 0.022153375100976026 0.02115601600641451 0.021119190849959474 0.020923803289551086 0.02111919084995947 0.02115601600641451 0.0004707381787908509 0.0016270165996014085 0.0004707381787908509 0.0008223221747818948 0.0015474580234210162 0.0016181015303610583 0.0015474580234210162 0.0008223221747818948
0.0430338158618163 0.09189443991144221 0.0430338158618163 0.1219885767009654 0.10360923273413813 0.22289471712061396 0.10360923273413813 0.1219885767009654 0.009191246638192653 0.01548076380608157 0.009191246638192653 0.017669569434096227 0.014727200563552005 0.024714965252386957 0.014727200563552005 0.017669569434096227 0.0034651704521240375 0.0025783656636836397 0.0034651704521240375 0.002371317883989518 0.0026813398326920967 0.0019206729330921446 0.002681339832692096 0.002371317883989518 0.00046501457618174384 0.0003647605062633217 0.00046501457618174384 0.0003444721646245829 0.00037831217230035276 0.00030077677709021785 0.00037831217230035276 0.0003444721646245829
0.04649832202021846 0.11293487288204851 0.04649832202021846 0.12441702933079178 0.09955191823114085 0.1996406757074491 0.09955191823114085 0.12441702933079178 0.010191446652666775 0.017396588100006324 0.010191446652666775 0.018315619737440742 0.015605751257836233 0.023265458072227907 0.015605751257836233 0.018315619737440742 0.0025372680052028252 0.0016723743820661093 0.0025372680052028257 0.0015833721076743419 0.0018573920658149468 0.0013173214526031876 0.0018573920658149462 0.0015833721076743419 0.0004187937293203905 0.0003026723592503589 0.0004187937293203905 0.0002935494635720571 0.0003313180829852404 0.0002664756750192151 0.0003313180829852404 0.0002935494635720571
0.06761386205683208 0.1010667767791765 0.06761386205683208 0.11743757614522103 0.11980600687361792 0.18866272047168875 0.11980600687361792 0.11743757614522103 0.007587019509718254 0.01008585610464428 0.007587019509718254 0.011045469820813562 0.010468152827851553 0.014004351054621 0.010468152827851553 0.011045469820813562 0.0022709885343998493 0.0019561442479322814 0.00227098853439985 0.0018288959382501864 0.001913064234400113 0.0016246561804303251 0.0019130642344001136 0.0018288959382501864 0.00038011826235144 0.0003378132260572528 0.00038011826235144 0.00031431522121281306 0.0003227371969136591 0.000285268692284803 0.0003227371969136591 0.00031431522121281306
0.05277568201721181 0.08234862731794942 0.05277568201721181 0.1187495072817717 0.12999947277200394 0.19972534170863024 0.12999947277200394 0.1187495072817717 0.008873155229951976 0.011159280879134228 0.008873155229951976 0.01351219972629236 0.013865625657505135 0.01736411207417849 0.013865625657505135 0.01351219972629236 0.0018072469670706993 0.0016016860981289255 0.0018072469670706993 0.0014078873468277382 0.001401118782655089 0.0012328729983403666 0.00140111878265509 0.0014078873468277382 0.0002529858161961545 0.0002347030221309611 0.0002529858161961545 0.00021396912691203155 0.00020986080242655774 0.00019595284785682918 0.00020986080242655774 0.00021396912691203155
0.03247042305955707 0.031647742283270344 0.03247042305955707 0.04903980042060405 0.07704336012824031 0.07712207817625273 0.07704336012824031 0.04903980042060405 0.017960062875933172 0.014828319357948606 0.017960062875933172 0.02354287032026544 0.03128502186595818 0.025938368565663197 0.03128502186595818 0.02354287032026544 0.04000313735959088 0.04159938092660838 0.0400031373595909 0.037776587568402985 0.03518411364700262 0.03780465220185055 0.035184113647002635 0.037776587568402985 0.010871108699703163 0.011570664440573572 0.010871108699703163 0.010149141528838642 0.009257462638701783 0.010322613822235961 0.009257462638701783 0.010149141528838642
0.03930479076238933 0.06254791324416394 0.03930479076238933 0.10003118422738379 0.10298962808851622 0.16691161522315073 0.10298962808851622 0.10003118422738379 0.01000144442409009 0.014522984523062403 0.01000144442409009 0.018445372605834606 0.017063277471840985 0.025252967108876607 0.017063277471840985 0.018445372605834606 0.018347100918456385 0.016969084561853663 0.01834710091845639 0.016178435765711714 0.016933287989460827 0.014698908541285739 0.016933287989460827 0.016178435765711714 0.002826735160472999 0.0025501348249296076 0.002826735160472999 0.002434347105102075 0.0025870980466258012 0.0022609868409076707 0.0025870980466258012 0.002434347105102075
0.05778864369169059 0.05792378199471018 0.05778864369169059 0.09363667437848483 0.09105448665952201 0.1035826114652797 0.09105448665952201 0.09363667437848483 0.005542895404529037 0.00716502345775905 0.005542895404529037 0.009367285959133843 0.008882201126197819 0.011243178919333928 0.008882201126197819 0.009367285959133843 0.03562694581158195 0.03515786418782974 0.03562694581158197 0.034442029017483035 0.03450359208410811 0.034004249572729905 0.03450359208410811 0.034442029017483035 0.0016759285291493065 0.0007306793771861798 0.0016759285291493065 0.0007685573116214679 0.000667648699806777 0.002278833678553728 0.000667648699806777 0.0007685573116214679
0.06634116593734518 0.09325142993061186 0.06634116593734518 0.10678599055001632 0.11651544941847553 0.15534427485558022 0.11651544941847553 0.10678599055001632 0.009234305745429137 0.011603902613500243 0.009234305745429137 0.012598674825267135 0.01330562111422535 0.015950697551156752 0.01330562111422535 0.012598674825267135 0.009274140533428536 0.008919616315037859 0.009274140533428536 0.008610634913436487 0.008518943597383586 0.008215585223036694 0.008518943597383592 0.008610634913436487 0.0008041603882452343 0.000674171203835322 0.0008041603882452343 0.0003709520891903918 0.0002798508000266411 0.0007605424823019 0.0002798508000266411 0.0003709520891903918
0.05730796479925315 0.08224756577459737 0.05730796479925315 0.11149357143864262 0.10315352965959898 0.14039930093377978 0.10315352965959898 0.11149357143864262 0.007093649610180651 0.009566866875080241 0.007093649610180651 0.011523140298013714 0.011069062727722703 0.013985858157982058 0.011069062727722703 0.011523140298013714 0.018623092728974895 0.01826358330352647 0.018623092728974895 0.017752576128047298 0.017725975625629626 0.017382098346449076 0.0177259756256296 0.017752576128047298 0.0003823702057455899 0.0011842369886776714 0.0003823702057455899 0.0011362261451385886 0.0009723680726590896 0.0005034347406934372 0.0009723680726590896 0.0011362261451385886
0.06300249929473338 0.06576112555775826 0.06300249929473338 0.10972538351328671 0.136533236145214 0.13106893876258133 0.136533236145214 0.10972538351328671 0.008146113179444891 0.008669114092984792 0.008146113179444891 0.011454432197084625 0.012711091421272094 0.013251723642678025 0.012711091421272094 0.011454432197084625 0.011886221299287474 0.011677013628191422 0.011886221299287476 0.011237059102057774 0.011082473619594836 0.010837662827333543 0.011082473619594831 0.011237059102057774 0.0012635582405408855 0.0011014700998644182 0.0012635582405408855 0.0008159785490856243 0.00075284594249712 0.00041116638040930467 0.00075284594249712 0.0008159785490856243
0.06260634374141062 0.08207973408146883 0.06260634374141062 0.12231960161136822 0.10937650840191232 0.1768678469091697 0.10937650840191232 0.12231960161136822 0.00688466994762658 0.010263724061256963 0.00688466994762658 0.012148774594023656 0.010409557679951206 0.016133599123768584 0.010409557679951206 0.012148774594023656 0.007262381838111244 0.006567428557884175 0.007262381838111245 0.006370246612030732 0.006644971681939279 0.0058537376258080654 0.006644971681939282 0.006370246612030732 0.0018885382720520332 0.0017754143449104122 0.0018885382720520332 0.001723414983998437 0.001776516092990462 0.0016354643809037756 0.001776516092990462 0.001723414983998437
0.051319468643950636 0.07742093064522002 0.051319468643950636 0.114420966618159 0.12784408899629968 0.16565270033562926 0.12784408899629968 0.114420966618159 0.00707117797563277 0.011695579897205636 0.00707117797563277 0.013482094389163212 0.011659586081213685 0.0165807762980416 0.011659586081213685 0.013482094389163212 0.007958084599739101 0.006877011538740621 0.0079580845997391 0.006657598038523749 0.007210222011688047 0.006235485380194904 0.007210222011688047 0.006657598038523749 0.0026890394028266677 0.0025186609828661095 0.0026890394028266677 0.0024630455275188212 0.002543048254750217 0.002382013843170719 0.002543048254750217 0.0024630455275188212
0.05204782853882199 0.08434195070490688 0.05204782853882199 0.11289281986308039 0.12051578964799638 0.17237418114027123 0.12051578964799638 0.11289281986308039 0.0099288907945196 0.014851375022274472 0.0099288907945196 0.017632472088604575 0.015728025184487224 0.021223570872959494 0.015728025184487224 0.017632472088604575 0.006034477428519055 0.0051836951086542205 0.006034477428519055 0.004737205523278946 0.005072061763663442 0.004407685058232447 0.005072061763663445 0.004737205523278946 0.001159023904476888 0.0010595093392176645 0.001159023904476888 0.0010065797860867095 0.0010486441511850856 0.0009503954040429755 0.0010486441511850856 0.0010065797860867095
0.07860725545075467 0.1164717585309347 0.07860725545075467 0.12119620178899977 0.12007573770809675 0.1611686886929158 0.12007573770809675 0.12119620178899977 0.006576965346638159 0.008224126125897964 0.006576965346638159 0.008483659781577935 0.008322702916813023 0.009837696082725686 0.008322702916813023 0.008483659781577935 0.002166459703841808 0.002100946565157763 0.0021664597038418094 0.0020439742221671315 0.002046980796738324 0.001997024718536563 0.0020469807967383245 0.0020439742221671315 0.00021536277516783785 0.00020421968083134137 0.00021536277516783785 0.00012002524325386146 9.330962004737145e-05 9.826889480694072e-05 9.330962004737145e-05 0.00012002524325386146
0.0486941086812615 0.09354177669001365 0.0486941086812615 0.11636489662329504 0.12073076914594617 0.21829102838290804 0.12073076914594617 0.11636489662329504 0.006100933128694176 0.010231236990051178 0.006100933128694176 0.0111064424624883 0.009968628116508253 0.0161624898348959 0.009968628116508253 0.0111064424624883 0.004402879177266834 0.0035624539751155397 0.004402879177266833 0.0034226821529211274 0.0038715413522448596 0.0029114878222684226 0.0038715413522448596 0.0034226821529211274 0.0009129067412711188 0.0006850718272964122 0.0009129067412711188 0.0006586566649847863 0.0007826875045923526 0.0005801909745018169 0.0007826875045923526 0.0006586566649847863
0.0475351625997057 0.07892101448675876 0.0475351625997057 0.06265711625545548 0.13629880976376862 0.22711030523419393 0.13629880976376862 0.06265711625545548 0.009855764491168926 0.014395543571206745 0.009855764491168926 0.01301888537019138 0.017306275837203997 0.024477433047671398 0.017306275837203997 0.01301888537019138 0.010625444193503569 0.0095952843436387 0.010625444193503567 0.009581520641858519 0.00946491069234125 0.008423648942745072 0.009464910692341252 0.009581520641858519 0.0005476698577137496 0.0008081818940342462 0.0005476698577137496 0.0005123765921192633 0.0005271225137628176 0.0004064708621645884 0.0005271225137628176 0.0005123765921192633
0.054033592339304715 0.09624092818699405 0.054033592339304715 0.10219041163301225 0.12111960292277893 0.18988080704983692 0.12111960292277893 0.10219041163301225 0.008589592076180645 0.011996615157064582 0.008589592076180645 0.012634032985548665 0.01322397873441904 0.01735044418641075 0.01322397873441904 0.012634032985548665 0.006394529846563384 0.006012548363520326 0.006394529846563386 0.005857921875246425 0.005952645235467404 0.005612579034468243 0.005952645235467404 0.005857921875246425 0.001711726297263141 0.0016193262858724162 0.001711726297263141 0.0015686238547271316 0.001608363255521525 0.0015167096237660954 0.001608363255521525 0.0015686238547271316
0.0572298190332247 0.07185360661953655 0.0572298190332247 0.10585651764733658 0.12003128396232482 0.14159055511835983 0.12003128396232482 0.10585651764733658 0.0067582362223611225 0.010358072153753606 0.0067582362223611225 0.011898222326084925 0.010932977504058127 0.016341104976101344 0.010932977504058127 0.011898222326084925 0.01644240744580476 0.01541549005212856 0.016442407445804753 0.015076825557832981 0.01544693607876005 0.014250902808273612 0.015446936078760062 0.015076825557832981 0.0016636722868378568 0.0013006275297178503 0.0016636722868378568 0.0017161036933782392 0.0011493780713655545 0.0004848810833890372 0.0011493780713655545 0.0017161036933782392
0.051703941725344586 0.10160221632863921 0.051703941725344586 0.13602440473861363 0.1078589146634589 0.19472192307126054 0.1078589146634589 0.13602440473861363 0.007717380809151555 0.012782104955521512 0.007717380809151555 0.014412553251545163 0.011570158317460978 0.01720048384113148 0.011570158317460978 0.014412553251545163 0.002135298389337264 0.001396893461562687 0.002135298389337264 0.001286568335646294 0.0016173602621472485 0.0011214222653606056 0.0016173602621472475 0.001286568335646294 0.000405047199826216 0.00027869214105848594 0.000405047199826216 0.000270677385578119 0.0003196888024988977 0.000252276174247748 0.0003196888024988977 0.000270677385578119
0.05805624534484773 0.07037047987175975 0.05805624534484773 0.10736676753425307 0.12351547057511347 0.13469111535111447 0.12351547057511347 0.10736676753425307 0.007221678786125892 0.009984753610653702 0.007221678786125892 0.012154005819322206 0.011581177064512893 0.015317246671120955 0.011581177064512893 0.012154005819322206 0.01589083047137034 0.015131320900044171 0.015890830471370344 0.014663091145709097 0.014863533307574023 0.014042952635489945 0.014863533307574013 0.014663091145709097 0.001506849863075181 0.0006286523377790049 0.001506849863075181 0.0013417936020235423 0.0014506972650733258 0.0006091970640364474 0.0014506972650733258 0.0013417936020235423
0.05689264178395246 0.08413962036571315 0.05689264178395246 0.12665105087158524 0.13412957410200066 0.17256245145940322 0.13412957410200066 0.12665105087158524 0.007464972523785927 0.009415715486407855 0.007464972523785927 0.011670371462148088 0.011864621540171993 0.014016389934132574 0.011864621540171993 0.011670371462148088 0.0027064198351696806 0.002535442207232048 0.002706419835169682 0.0023205597439103854 0.0022947082500131026 0.002194213732714322 0.0022947082500131013 0.0023205597439103854 0.00043208580422072 0.00042291514012604884 0.00043208580422072 0.00037992898675954265 0.0003664839350050748 0.0003664139968250861 0.0003664839350050748 0.00037992898675954265
0.03838819662767108 0.11971323587680595 0.03838819662767108 0.1390225288007862 0.07007362225174482 0.18407298494926136 0.07007362225174482 0.1390225288007862 0.005347599257540099 0.014042716632026645 0.005347599257540099 0.014685521100034417 0.008850898643371947 0.018695122139068397 0.008850898643371947 0.014685521100034417 0.014228845328490027 0.012924268303991933 0.014228845328490024 0.012770448286040579 0.013426125664763127 0.012237945196180268 0.013426125664763122 0.012770448286040579 0.0008991468141287868 0.0005666523181811824 0.0008991468141287868 0.0007312419872435331 0.0003696339786176382 0.00015945710361979452 0.0003696339786176382 0.0007312419872435331
0.023823217690815635 0.12667227596855798 0.023823217690815635 0.113585482433605 0.06479676226975065 0.2006883818677349 0.06479676226975065 0.113585482433605 0.0075796122484931465 0.01759618643214839 0.0075796122484931465 0.01740457737190452 0.01312495742744662 0.02257460040812755 0.01312495742744662 0.01740457737190452 0.013660219366870546 0.012108838936567888 0.01366021936687055 0.011798184172087644 0.012440771521860471 0.011274656788583843 0.012440771521860475 0.011798184172087644 0.006797783741131896 0.00663381665527596 0.006797783741131896 0.00645308176350532 0.0065406932316644925 0.006440556464731474 0.0065406932316644925 0.00645308176350532
0.033253665728268406 0.10986023077219297 0.033253665728268406 0.12005298789299584 0.0841608794047275 0.2377497386530451 0.0841608794047275 0.12005298789299584 0.006654395605703504 0.016477963673269733 0.006654395605703504 0.017134917444706788 0.011159875477709346 0.024384626311187374 0.011159875477709346 0.017134917444706788 0.00807029936957014 0.006039563603353181 0.00807029936957014 0.005891166695433679 0.007160404940897275 0.00515242868466545 0.0071604049408972754 0.005891166695433679 0.0020092337989406576 0.001486128473863579 0.0020092337989406576 0.001448836565865112 0.001773132312726489 0.0013097293533330808 0.001773132312726489 0.001448836565865112
0.038747206956027826 0.08691109897604292 0.038747206956027826 0.09074771764371573 0.10540450828209522 0.18416918121119807 0.10540450828209522 0.09074771764371573 0.012118282507793092 0.015191999229648917 0.012118282507793092 0.01773596281261413 0.021125808643368903 0.024228525401554242 0.021125808643368903 0.01773596281261413 0.013482711504323721 0.013482466681903348 0.013482711504323718 0.012330775451203507 0.01140640270523365 0.011549230862775407 0.011406402705233649 0.012330775451203507 0.0024615468215939554 0.0024712068514744267 0.0024615468215939554 0.0022384637374603324 0.0021324380132034778 0.0021326406281356033 0.0021324380132034778 0.0022384637374603324
0.07330576797660572 0.08861702144685779 0.07330576797660572 0.12473649303340649 0.14522745886169725 0.155508486203485 0.14522745886169725 0.12473649303340649 0.005590149685246563 0.0063228187622414115 0.005590149685246563 0.007656088849654551 0.008245729925347361 0.008983714030365542 0.008245729925347361 0.007656088849654551 0.001350075364801444 0.0012551563329105905 0.0013500753648014443 0.001174194045868171 0.0011764217379455974 0.001065394454780181 0.0011764217379455978 0.001174194045868171 0.00018512642666052408 0.00016995963784845184 0.00018512642666052408 0.00015875022101681082 0.00015998813334452099 0.00014496060832097093 0.00015998813334452099 0.00015875022101681082
0.030974061965365576 0.0982811444597837 0.030974061965365576 0.10519820005393928 0.07348823098610893 0.22713762410752708 0.07348823098610893 0.10519820005393928 0.007209474862962104 0.014617429672727429 0.007209474862962104 0.015662541440093353 0.012463598321215918 0.024606212752201106 0.012463598321215918 0.015662541440093353 0.01576700755863634 0.014183080513231257 0.015767007558636352 0.013812860851061804 0.014498810453949134 0.012737274812241262 0.014498810453949136 0.013812860851061804 0.004124001456304644 0.0038171849865488265 0.004124001456304644 0.0036397048258745065 0.0037481611374807805 0.00344674086975458 0.0037481611374807805 0.0036397048258745065
0.025935259821255906 0.10169395900395431 0.025935259821255906 0.10710080626760096 0.05666070213789927 0.19833634827605998 0.05666070213789927 0.10710080626760096 0.007220770129792608 0.01711051305364296 0.007220770129792608 0.01782054534276609 0.011882140995051995 0.025794215268461457 0.011882140995051995 0.01782054534276609 0.022483438878065722 0.020056125898343425 0.022483438878065726 0.019800298069188833 0.021221973087889232 0.018251705070215604 0.021221973087889225 0.019800298069188833 0.001340946894573969 0.005940105978415844 0.001340946894573969 0.005834901291440458 0.006458654883608935 0.005296151852638565 0.006458654883608935 0.005834901291440458
