0.08193264152363047 0.049064978595058636 0.08193264152363047 0.0936092477684751 0.20012084332305735 0.12238932566044257 0.20012084332305735 0.0936092477684751 0.006382671198869757 0.005131167960649197 0.006382671198869757 0.007481056278261656 0.010364118044007076 0.00837761017184973 0.010364118044007076 0.007481056278261656 0.0015741731048923078 0.001502012885477548 0.0015741731048923078 0.0013645403976816838 0.001431231007062094 0.0012918678827814856 0.0014312310070620942 0.0013645403976816838 0.0004923783867221493 0.00045627146117539253 0.0004923783867221493 0.0004478917996596243 0.0004777860608361979 0.0004296075962545138 0.0004777860608361979 0.0004478917996596243
0.08558479992228123 0.0537237417709639 0.08558479992228123 0.11737998757392766 0.18033805471323444 0.12670803926030103 0.18033805471323444 0.11737998757392766 0.004350641132078084 0.003329243113391165 0.004350641132078084 0.005345183007749058 0.006722006138483021 0.005646436523471182 0.006722006138483021 0.005345183007749058 0.000978152971290235 0.0009164266062095537 0.0009781529712902352 0.000867602590022006 0.0008892303368413247 0.0007964145404822772 0.0008892303368413247 0.000867602590022006 0.0005062603767042171 0.0004928730425568378 0.0005062603767042171 0.0004897713298967211 0.0005005739465049338 0.000482297064598159 0.0005005739465049338 0.0004897713298967211
0.10040457015478187 0.05836698777286829 0.10040457015478187 0.14063056200338905 0.1535316330462927 0.1036634807011799 0.1535316330462927 0.14063056200338905 0.004631291111608827 0.0038779087242654564 0.004631291111608827 0.0061315755349267125 0.006030569289071761 0.005489231475845849 0.006030569289071761 0.0061315755349267125 0.000573817590641813 0.0005066895619531873 0.000573817590641813 0.0004590289531821942 0.0004915330130474096 0.0004403307556216223 0.0004915330130474092 0.0004590289531821942 0.0002456336661273257 0.00023152235874384375 0.0002456336661273257 0.00022967490217200387 0.0002399440809499592 0.00022418195713868103 0.0002399440809499592 0.00022967490217200387
0.09748501042337401 0.062286108192065544 0.09748501042337401 0.13769041434590584 0.14544079296581697 0.1235208457878446 0.14544079296581697 0.13769041434590584 0.00450620675421785 0.0035089362622821993 0.00450620675421785 0.005617966810366377 0.005821060582081739 0.005374953101586962 0.005821060582081739 0.005617966810366377 0.0010335298901538717 0.0010466780509662858 0.0010335298901538712 0.0009514898452228972 0.0009342328767268673 0.0009326702876471238 0.0009342328767268673 0.0009514898452228972 0.0005582791461655937 0.0005423416626391017 0.0005582791461655937 0.0005381847858041138 0.0005505369227562784 0.0005320559577833877 0.0005505369227562784 0.0005381847858041138
0.09822132085648197 0.04266352967620813 0.09822132085648197 0.10440843007998639 0.20020526416991022 0.10267609755901091 0.20020526416991022 0.10440843007998639 0.004704810252446157 0.0030003565183670997 0.004704810252446157 0.005004380489823935 0.007084667919650286 0.005012605883974363 0.007084667919650286 0.005004380489823935 0.0007154691886423129 0.0007244429439411056 0.0007154691886423125 0.0006446203817882968 0.0006217292523268077 0.0006086938779242501 0.0006217292523268074 0.0006446203817882968 0.0002710068892383289 0.00026031069697859385 0.0002710068892383289 0.0002565387928681613 0.0002642407434968977 0.00024900481027599527 0.0002642407434968977 0.0002565387928681613
0.07826673548741274 0.07446120803496226 0.07826673548741274 0.13002708073282457 0.15322245028989862 0.1492239620065528 0.15322245028989862 0.13002708073282457 0.004405516190455911 0.004523336817769678 0.004405516190455911 0.006096281597300531 0.006391054818102886 0.006835714397147628 0.006391054818102886 0.006096281597300531 0.0007320587434977004 0.000677777759107517 0.0007320587434977003 0.0006241838619741397 0.0006498754758660285 0.0005876801628445934 0.0006498754758660287 0.0006241838619741397 0.00036526274589993946 0.00035569022811903395 0.00036526274589993946 0.000353057507329633 0.0003607746371484699 0.0003459664180740871 0.0003607746371484699 0.000353057507329633
0.08661790949909542 0.042287002877113206 0.08661790949909542 0.10611250011620979 0.20488862510025777 0.10490635365676824 0.20488862510025777 0.10611250011620979 0.005359241581897246 0.0037146960815660768 0.005359241581897246 0.006148184144460126 0.008553448621805923 0.006247790339371671 0.008553448621805923 0.006148184144460126 0.0006874824221734632 0.0007125079750605246 0.0006874824221734632 0.0006141016341642906 0.0005781138851782011 0.000589021643941959 0.0005781138851782011 0.0006141016341642906 0.0003124693996487237 0.0003014312728767416 0.0003124693996487237 0.00029745615727624734 0.00030643799397221287 0.00028925504102264446 0.00030643799397221287 0.00029745615727624734
0.0836751701792054 0.06730209720142029 0.0836751701792054 0.09669120608777189 0.18562222436480683 0.14424597800507785 0.18562222436480683 0.09669120608777189 0.004586527578886035 0.003964771147179347 0.004586527578886035 0.0052097652451433525 0.006910880835730555 0.00607957908959511 0.006910880835730555 0.0052097652451433525 0.0011205814352338327 0.001142415642045156 0.001120581435233832 0.0010363906779782182 0.0010345792938365767 0.0010253722525745761 0.0010345792938365771 0.0010363906779782182 0.0005752387166014407 0.000553951102844744 0.0005752387166014407 0.000544995014967711 0.0005674742832472156 0.000535768132444779 0.0005674742832472156 0.000544995014967711
0.09001876963557214 0.042651176012165455 0.09001876963557214 0.1205039076363639 0.17492263838577465 0.09813473191882746 0.17492263838577465 0.1205039076363639 0.008329148716717093 0.00632873363103478 0.008329148716717093 0.009719323877731018 0.012283978711610738 0.00953110947297181 0.012283978711610738 0.009719323877731018 0.0014314886034350015 0.0015452267136342346 0.0014314886034350015 0.0013309264108687833 0.0011887618648273805 0.0012882999398638449 0.0011887618648273803 0.0013309264108687833 0.00014254303644267537 0.00015730862258461837 0.00014254303644267537 0.00013104683588105947 0.000113562423891535 0.00013122141068593255 0.000113562423891535 0.00013104683588105947
0.07672345584583706 0.050870196836462225 0.07672345584583706 0.11066663933693503 0.18618147774429608 0.13167512095852488 0.18618147774429608 0.11066663933693503 0.005721031077395348 0.004704759650115658 0.005721031077395348 0.0069128991147077755 0.009039544982687822 0.007681638176536128 0.009039544982687822 0.0069128991147077755 0.001778421565384097 0.0018378168257073028 0.0017784215653840977 0.0016593526800530384 0.0015395258617987647 0.0015708662255960622 0.0015395258617987644 0.0016593526800530384 0.00010790170934757776 0.00014538850626202526 0.00010790170934757776 0.00021398666567838388 0.00013960227677281147 0.00014653509900804663 0.00013960227677281147 0.00021398666567838388
0.061449470044289266 0.06665737476704241 0.061449470044289266 0.12325411615309494 0.16838724701239074 0.15419199741794964 0.16838724701239074 0.12325411615309494 0.005873027956887282 0.0058928783612960675 0.005873027956887282 0.00829076245044298 0.009662605241100885 0.009553659756756358 0.009662605241100885 0.00829076245044298 0.0013068725820153703 0.001267265078755534 0.0013068725820153705 0.0011169282201606912 0.0010664348072678144 0.0010071511354233012 0.0010664348072678144 0.0011169282201606912 7.208663007301929e-05 2.6277650151744015e-05 7.208663007301929e-05 9.976881285810534e-05 8.952416790404968e-05 6.570767565469329e-05 8.952416790404968e-05 9.976881285810534e-05
0.0630298191131527 0.025465550390055654 0.0630298191131527 0.11127921008346942 0.21813929929899303 0.09331801190663941 0.21813929929899303 0.11127921008346942 0.007676604233271849 0.005045308730546508 0.007676604233271849 0.010623036218573507 0.014442757707473301 0.009740842320933639 0.014442757707473301 0.010623036218573507 0.0016122413301750094 0.0017189175427336 0.0016122413301750094 0.00141009096186058 0.0013133693280464286 0.0013645351348064425 0.0013133693280464283 0.00141009096186058 0.0005548318678062359 0.0005432373625858884 0.0005548318678062359 0.0005287796886622972 0.0005368945884900687 0.000509727771749902 0.0005368945884900687 0.0005287796886622972
0.06332213067445175 0.07387465919126608 0.06332213067445175 0.11717722394002233 0.16528897101696147 0.1425370657585033 0.16528897101696147 0.11717722394002233 0.006993188843693708 0.006763184581459058 0.006993188843693708 0.009298964181567167 0.011653175115933759 0.010877623763076777 0.011653175115933759 0.009298964181567167 0.002389773782787164 0.0024079527562849107 0.002389773782787163 0.002145533453232191 0.0019689825788313606 0.00196623945593992 0.0019689825788313615 0.002145533453232191 0.00012150502749781522 0.00010552660582853647 0.00012150502749781522 0.0001745277149794631 0.00013846439358938066 0.000122866440546206 0.00013846439358938066 0.0001745277149794631
0.05827882845331559 0.06996083630013337 0.05827882845331559 0.11127392035582559 0.15689223180361558 0.18942346180435884 0.15689223180361558 0.11127392035582559 0.006893893529185534 0.007926781670204176 0.006893893529185534 0.009846844156250555 0.011099719110586565 0.01302093402477818 0.011099719110586565 0.009846844156250555 0.0014200683650185586 0.0012399925085238774 0.0014200683650185595 0.0011020533642575616 0.0010882904852687297 0.0008875443184899811 0.00108829048526873 0.0011020533642575616 0.0002582689901275466 0.00022475925591595644 0.0002582689901275466 0.0002077663116988819 0.0002070491576866132 0.00017782195192102493 0.0002070491576866132 0.0002077663116988819
0.07102013592352173 0.07135367640433427 0.07102013592352173 0.1206202666757658 0.15600865778660877 0.14637192384584444 0.15600865778660877 0.1206202666757658 0.008132823804671254 0.007502057457371923 0.008132823804671254 0.01039581608769829 0.01220261099469872 0.01155251620622236 0.01220261099469872 0.01039581608769829 0.0008245598367116903 0.0008755491980683445 0.0008245598367116903 0.0007154992336274861 0.0006515695981637508 0.000676905346297275 0.0006515695981637508 0.0007154992336274861 8.044920527375226e-05 7.934572430606186e-05 8.044920527375226e-05 5.8885864047995414e-05 5.604586820932119e-05 5.338405955828026e-05 5.604586820932119e-05 5.8885864047995414e-05
0.06364868117877398 0.08260625300760539 0.06364868117877398 0.12024282898371468 0.15898706301121981 0.1645084876163052 0.15898706301121981 0.12024282898371468 0.005692411190789903 0.006523235444626159 0.005692411190789903 0.008036034709133626 0.009277109582018347 0.009455650093852144 0.009277109582018347 0.008036034709133626 0.0006264319795222373 0.0005970608485618171 0.0006264319795222372 0.0005198477071833851 0.0004746401852357397 0.0004724567385582837 0.00047464018523573964 0.0005198477071833851 0.00011100113031148749 0.00010853754817968624 0.00011100113031148749 0.00010156946939047319 9.776141872474853e-05 9.755761027450996e-05 9.776141872474853e-05 0.00010156946939047319
0.06619210807820013 0.05928990588237817 0.06619210807820013 0.10626087072407041 0.16547053011026383 0.14773522802195946 0.16547053011026383 0.10626087072407041 0.010298410534572866 0.009092564369967627 0.010298410534572866 0.013059506285085048 0.016631059770420613 0.01491800899751862 0.016631059770420613 0.013059506285085048 0.0016474960715429508 0.0018063590593528826 0.0016474960715429504 0.0014113340087834002 0.0011848081717130267 0.0013010624627656485 0.0011848081717130273 0.0014113340087834002 0.00021188928141354342 0.00022625266053753412 0.00021188928141354342 0.00018922588552621988 0.00016880391763993 0.00017853286705625464 0.00016880391763993 0.00018922588552621988
0.06659065068829335 0.056929926104974334 0.06659065068829335 0.1076799947974111 0.1720040033396283 0.1438365382210727 0.1720040033396283 0.1076799947974111 0.008494494990632028 0.007584353700709327 0.008494494990632028 0.010759795395010709 0.013004857008593796 0.011703352198582513 0.013004857008593796 0.010759795395010709 0.002842309464578797 0.002968452457549753 0.002842309464578797 0.0025583982636838685 0.002478068317207269 0.00254795051388978 0.0024780683172072686 0.0025583982636838685 0.00023858698239533543 0.0002840749226123479 0.00023858698239533543 5.820589297786982e-05 0.00032978086097565514 6.705987783314089e-05 0.00032978086097565514 5.820589297786982e-05
0.059516256892172 0.0591270821408366 0.059516256892172 0.10947709220365719 0.16425176342840042 0.16082165300179796 0.16425176342840042 0.10947709220365719 0.008610716718481633 0.009111855490773934 0.008610716718481633 0.012124858003416367 0.014357505802749203 0.01509217931119361 0.014357505802749203 0.012124858003416367 0.002451492320608783 0.002327886885326227 0.002451492320608783 0.0020533169044516936 0.001958146264085477 0.0018186685383427207 0.0019581462640854783 0.0020533169044516936 0.0002950462205527338 0.00028368679669834256 0.0002950462205527338 0.0002539368702554858 0.0002425099242191157 0.00023170472893048173 0.0002425099242191157 0.0002539368702554858
0.0926930361530661 0.09112371921155664 0.0926930361530661 0.12444373692564066 0.14252877266000016 0.14853586427701201 0.14252877266000016 0.12444373692564066 0.004372204101660905 0.00444287620125989 0.004372204101660905 0.005210123565847847 0.0055490638602168196 0.005793920719287427 0.0055490638602168196 0.005210123565847847 6.057283293815031e-05 5.7335593580114584e-05 6.0572832938150326e-05 4.985537558598531e-05 4.7943751529021006e-05 4.519438616634074e-05 4.7943751529021e-05 4.985537558598531e-05 1.2192573936372142e-05 1.2314272188784503e-05 1.2192573936372142e-05 1.097923843158295e-05 1.0576730899155588e-05 1.065979944324403e-05 1.0576730899155588e-05 1.097923843158295e-05
0.08227698914147687 0.05847490038376823 0.08227698914147687 0.11295425206469756 0.17181910543161294 0.1359199662832845 0.17181910543161294 0.11295425206469756 0.005020114655450425 0.004775782164558057 0.005020114655450425 0.00645012691199903 0.007665465917566386 0.007567833957031996 0.007665465917566386 0.00645012691199903 0.002602837663164395 0.0024713013912759266 0.0026028376631643973 0.002393954920110824 0.002450168426418062 0.0022330937069658103 0.0024501684264180614 0.002393954920110824 0.0002031503192495656 0.00014873976619273534 0.0002031503192495656 0.00010852926293909204 0.00014833915409361297 0.000222314609365319 0.00014833915409361297 0.00010852926293909204
0.0639787773953259 0.08559984123747909 0.0639787773953259 0.12897779992553354 0.13847813788473667 0.14611687798072517 0.13847813788473667 0.12897779992553354 0.007924382421264833 0.00878022870551776 0.007924382421264833 0.01130327487164929 0.012147056445263569 0.01312684974028078 0.012147056445263569 0.01130327487164929 0.0027086039014050795 0.002561595229519735 0.002708603901405079 0.0023710719718664256 0.0023442584360289552 0.0021554449766449657 0.0023442584360289544 0.0023710719718664256 0.0001921781854691111 0.00021377338970447087 0.0001921781854691111 0.00010517186486607973 0.00011980670025636561 0.00014434873279636887 0.00011980670025636561 0.00010517186486607973
0.07213352941868004 0.05639964825495516 0.07213352941868004 0.0925422471828452 0.19815548692278667 0.1564934389302547 0.19815548692278667 0.0925422471828452 0.0045263646387177095 0.003933116086902905 0.0045263646387177095 0.005204121088214944 0.007835770627370701 0.006768631642160682 0.007835770627370701 0.005204121088214944 0.0018007342572287466 0.001832445553433921 0.0018007342572287466 0.0017663444731889739 0.0017264064830934517 0.0017509858878084572 0.0017264064830934517 0.0017663444731889739 0.0002276056993042689 0.00022922085041820643 0.0002276056993042689 0.00015565833854732923 0.00014749559133777617 0.00014898335143432104 0.00014749559133777617 0.00015565833854732923
0.07209785581757856 0.05994477765432689 0.07209785581757856 0.10262624327585261 0.1829569341329339 0.14166608654426988 0.1829569341329339 0.10262624327585261 0.007344617312615274 0.007207716153731806 0.007344617312615274 0.009442392046249441 0.01182192093750838 0.010985759213052794 0.01182192093750838 0.009442392046249441 0.0009855638162093137 0.0009211505198227153 0.0009855638162093142 0.000786317507080692 0.0007422251907369474 0.0007100217174655405 0.0007422251907369472 0.000786317507080692 0.0001362729154868027 0.0001265882562040336 0.0001362729154868027 0.00011461609919234598 0.00011071324851416025 0.00010655534120960369 0.00011071324851416025 0.00011461609919234598
0.04330902281364448 0.05411873078541319 0.04330902281364448 0.10103109134966122 0.14151343232251754 0.1779787576048402 0.14151343232251754 0.10103109134966122 0.011197648455853915 0.01375962901718637 0.011197648455853915 0.018422218064135656 0.02049779358631212 0.02512663744708523 0.02049779358631212 0.018422218064135656 0.007106142394334447 0.006381789946397531 0.0071061423943344516 0.005717984043881927 0.005574393558588218 0.004800330668007624 0.005574393558588216 0.005717984043881927 0.001335873886060928 0.0011926356445049427 0.001335873886060928 0.0010904254576485028 0.0010581952784590545 0.0009330464643688309 0.0010581952784590545 0.0010904254576485028
0.06474350311342698 0.05530663720269011 0.06474350311342698 0.11021686834441603 0.18219178383860538 0.15707829578476795 0.18219178383860538 0.11021686834441603 0.005999359679389105 0.005899484203764253 0.005999359679389105 0.008405474159714016 0.010434390938470912 0.010212999839687629 0.010434390938470912 0.008405474159714016 0.0009484211605230026 0.0009174792658572444 0.0009484211605230021 0.0007675346408398229 0.0007275746365888151 0.0007001211874182848 0.0007275746365888151 0.0007675346408398229 0.00014081115558758206 0.00013356654666127736 0.00014081115558758206 0.00012165588436140305 0.00012122285231476477 0.00011421516067747694 0.00012122285231476477 0.00012165588436140305
0.0722793535385736 0.08601333572963057 0.0722793535385736 0.13009331810553473 0.14347700531082133 0.1641715409711682 0.14347700531082133 0.13009331810553473 0.005019285120794351 0.005586970984728267 0.005019285120794351 0.0072685732998757175 0.00733317210915074 0.007912189239629618 0.00733317210915074 0.0072685732998757175 0.0006113006301263324 0.0006394270475437628 0.0006113006301263321 0.0005000705161202128 0.0005186238138327407 0.0005496299693816899 0.0005186238138327412 0.0005000705161202128 0.00011839163332365354 0.00014296440689525312 0.00011839163332365354 0.00010501933116995527 0.00010555540697441756 0.00012460401842702494 0.00010555540697441756 0.00010501933116995527
0.07251128210788603 0.05716103064669241 0.07251128210788603 0.10660792762489572 0.1827266187764241 0.1414472140696082 0.1827266187764241 0.10660792762489572 0.0063215097959098306 0.005709332426121119 0.0063215097959098306 0.007856230343452049 0.010138910989531411 0.009118953816080388 0.010138910989531411 0.007856230343452049 0.0016993453810869193 0.00172192145323198 0.0016993453810869186 0.0015484976471687936 0.001440498169398349 0.001434331612035156 0.0014404981693983481 0.0015484976471687936 0.0002336806670770057 0.00023578768643133058 0.0002336806670770057 0.00020993794816967447 0.0001944483485157841 0.00019365269076797529 0.0001944483485157841 0.00020993794816967447
0.09056684002988946 0.04732258930482208 0.09056684002988946 0.11091622844204804 0.18522150071764767 0.11160581428147541 0.18522150071764767 0.11091622844204804 0.006555738170343054 0.004579762158089887 0.006555738170343054 0.007392345824527669 0.009644763766303991 0.007231388595736709 0.009644763766303991 0.007392345824527669 0.001049076266969799 0.001170207690632257 0.0010490762669697986 0.0009749848045839459 0.0008949410462832095 0.0009603506650899215 0.0008949410462832094 0.0009749848045839459 6.749461025743116e-05 9.869326585638882e-05 6.749461025743116e-05 2.2750261516378466e-05 0.0001371104813115328 0.00014364519493293603 0.0001371104813115328 2.2750261516378466e-05
0.0936922708565849 0.054551524503506726 0.0936922708565849 0.12802644975560495 0.17668149462063854 0.10498759380211829 0.17668149462063854 0.12802644975560495 0.004176487446261154 0.003349622446532752 0.004176487446261154 0.005260507864450722 0.006018624830331525 0.004933426058896859 0.006018624830331525 0.005260507864450722 0.00042156671668311136 0.00039281276622042747 0.00042156671668311147 0.0003557843899707005 0.0003617529288947291 0.0003376328542093103 0.0003617529288947291 0.0003557843899707005 0.00018924193509281583 0.0001796066538468855 0.00018924193509281583 0.0001782693003387251 0.0001846874823544435 0.00017350466025615153 0.0001846874823544435 0.0001782693003387251
0.05922499551843684 0.046985765772154374 0.05922499551843684 0.11149725495872868 0.17504925228721913 0.1422873490873598 0.17504925228721913 0.11149725495872868 0.007874838262678615 0.008023953964901796 0.007874838262678615 0.011523055546832228 0.013535815486860357 0.014130552352982648 0.013535815486860357 0.011523055546832228 0.004173948709679283 0.00385784588595719 0.004173948709679283 0.0035457906046852286 0.0035520024759817977 0.0030550122651453906 0.0035520024759817964 0.0035457906046852286 5.0047656933250274e-05 0.00018388577329084545 5.0047656933250274e-05 0.00033030911555313963 0.00033243389033070655 9.614587036941735e-05 0.00033243389033070655 0.00033030911555313963
0.06619119548924934 0.06985132814977792 0.06619119548924934 0.11070997020965642 0.16544081654623358 0.1685955069498942 0.16544081654623358 0.11070997020965642 0.005344080173965754 0.00601465438402321 0.005344080173965754 0.007703488238023793 0.008773363655781416 0.009729606311349765 0.008773363655781416 0.007703488238023793 0.002200045750167208 0.002020668496408347 0.0022000457501672077 0.0018556121743370454 0.0018765574955651285 0.001670013739675036 0.001876557495565128 0.0018556121743370454 9.297384634866008e-05 0.00030833429228510823 9.297384634866008e-05 0.0002872484488536671 0.0002997810837227383 0.0002596214527770261 0.0002997810837227383 0.0002872484488536671
0.0520052775582631 0.09579564820590536 0.0520052775582631 0.12638098369252448 0.1298277231160531 0.1479895309236386 0.1298277231160531 0.12638098369252448 0.009106174447295615 0.010131091436905956 0.009106174447295615 0.012687212903490442 0.015644181823292375 0.01610379416903783 0.015644181823292375 0.012687212903490442 0.005062346702442982 0.004992888022359465 0.005062346702442982 0.004568320233251262 0.004133997501759048 0.004110891636043729 0.004133997501759049 0.004568320233251262 0.00037142679331957394 0.00034480119253107756 0.00037142679331957394 0.0002565234861421625 0.0001640573012224521 0.00011490329546483323 0.0001640573012224521 0.0002565234861421625
0.0718192120726874 0.07288724256479724 0.0718192120726874 0.1078296017351642 0.16460228445812586 0.14526592167647898 0.16460228445812586 0.1078296017351642 0.008561295532118958 0.009100456625682068 0.008561295532118958 0.010648713729037165 0.012951575157549662 0.012891733356399766 0.012951575157549662 0.010648713729037165 0.0008969292026437145 0.0008302030798555277 0.0008969292026437149 0.0007676854046513124 0.0006982771705524835 0.0006503928449306278 0.0006982771705524832 0.0007676854046513124 0.00011321438625039933 0.00010790628293479642 0.00011321438625039933 0.00010234671173268823 9.54474009480433e-05 9.297764599729826e-05 9.54474009480433e-05 0.00010234671173268823
0.07592860840723126 0.07502117861410672 0.07592860840723126 0.1267168339118613 0.13015980340230168 0.14866914019992492 0.13015980340230168 0.1267168339118613 0.009111207375449076 0.010760850693683866 0.009111207375449076 0.01315069204750255 0.013516275227912308 0.015171923817613236 0.013516275227912308 0.01315069204750255 0.0017568719738377473 0.0015741544219295088 0.0017568719738377473 0.0014005388681048632 0.0013755250448457962 0.0012860922356295003 0.0013755250448457966 0.0014005388681048632 0.00019213341685645296 0.00017659406957942227 0.00019213341685645296 0.00014822671574409924 0.00014351984706064924 0.00013959347011723705 0.00014351984706064924 0.00014822671574409924
0.07717367653520718 0.0512092289198052 0.07717367653520718 0.11784875133304505 0.18065498561954058 0.13468342931273256 0.18065498561954058 0.11784875133304505 0.005200020894365245 0.0042446161808030024 0.005200020894365245 0.006621298297533126 0.008227326499507458 0.007092209618159967 0.008227326499507458 0.006621298297533126 0.0014408314850205086 0.0014305922216136442 0.0014408314850205088 0.001325248573674159 0.0012859126272585775 0.0012438194178185607 0.0012859126272585766 0.001325248573674159 5.042208473068921e-05 9.723494013130714e-05 5.042208473068921e-05 6.687270010466344e-05 5.6718032610967395e-05 9.474002373934518e-05 5.6718032610967395e-05 6.687270010466344e-05
0.057344780933755876 0.07258215360710031 0.057344780933755876 0.11550819563748353 0.15519562606043197 0.15232826121900614 0.15519562606043197 0.11550819563748353 0.009079179934386148 0.008701641345327468 0.009079179934386148 0.012056605783921192 0.01569497763131839 0.014751542129872217 0.01569497763131839 0.012056605783921192 0.002833123231838639 0.002936861321250968 0.002833123231838639 0.0025296438440761035 0.002219166123059882 0.002305495856557749 0.002219166123059882 0.0025296438440761035 0.00010218691624026312 0.00011118174927109786 0.00010218691624026312 0.000246745731182684 0.00022045332219029578 0.00022149247184409388 0.00022045332219029578 0.000246745731182684
0.08812039654475542 0.06615632617636853 0.08812039654475542 0.126192501389273 0.1639075469180122 0.12677180814006916 0.1639075469180122 0.126192501389273 0.005162405932102547 0.004610757894069523 0.005162405932102547 0.006435879203797142 0.0073317369214017086 0.006571549581749368 0.0073317369214017086 0.006435879203797142 0.0002037405290400394 0.0002027735358303479 0.00020374052904003929 0.00016000035001305604 0.00015353741871377744 0.00015611484466407987 0.00015353741871377733 0.00016000035001305604 2.6572048060286188e-05 2.672971931478325e-05 2.6572048060286188e-05 2.3432231085517233e-05 2.275212595654096e-05 2.2936883511632685e-05 2.275212595654096e-05 2.3432231085517233e-05
0.034175461562068944 0.03819955101184665 0.034175461562068944 0.07721110820557217 0.11948015637052606 0.1348334478888576 0.11948015637052606 0.07721110820557217 0.014683458201639871 0.015318751875200763 0.014683458201639871 0.02231943933541554 0.028166252618257594 0.029317709458678815 0.028166252618257594 0.02231943933541554 0.025268477339795932 0.025125405191530992 0.025268477339795918 0.023362942057039402 0.02214156264353932 0.021979735095445554 0.022141562643539305 0.023362942057039402 0.0001769905652290597 0.0002591590721378843 0.0001769905652290597 0.0002177042094468034 0.00019264386250624242 0.00017384646422794131 0.00019264386250624242 0.0002177042094468034
0.09291821179423339 0.0718292517638829 0.09291821179423339 0.12151659567851388 0.1504205544401226 0.14097382447997853 0.1504205544401226 0.12151659567851388 0.004974483609515922 0.004958910164238052 0.004974483609515922 0.006474361362068723 0.006790758894679796 0.007417482094614161 0.006790758894679796 0.006474361362068723 0.0007449640907378332 0.0006714154891703757 0.0007449640907378331 0.0006283799038314088 0.0006574079809277076 0.0005815075480031386 0.0006574079809277075 0.0006283799038314088 0.0004239254213914453 0.00041121373628775197 0.0004239254213914453 0.00040921913623602816 0.00041917069553825315 0.0004003287082311369 0.00041917069553825315 0.00040921913623602816
0.07888976166145255 0.04748079061164089 0.07888976166145255 0.11321240474785942 0.18220593421834436 0.12039114316580685 0.18220593421834436 0.11321240474785942 0.007248874552212527 0.0055990636179700706 0.007248874552212527 0.008886943246876843 0.011657802568272363 0.009463677187877897 0.011657802568272363 0.008886943246876843 0.0016695590873450393 0.0017232777749720209 0.0016695590873450387 0.0014842910310944358 0.0013428411321634453 0.0013505930256007474 0.0013428411321634453 0.0014842910310944358 7.972661280605239e-05 9.212026134064574e-05 7.972661280605239e-05 0.0001229420729754338 9.807033770084987e-05 0.00010103181658415545 9.807033770084987e-05 0.0001229420729754338
0.06540371962246531 0.06467916948729979 0.06540371962246531 0.1089059853122757 0.18294391853679112 0.1332671560880211 0.18294391853679112 0.1089059853122757 0.007008694344535093 0.007192128537892343 0.007008694344535093 0.009365618553518605 0.012110708456455975 0.01137006011338528 0.012110708456455975 0.009365618553518605 0.0016140216847942222 0.0014683198730877885 0.0016140216847942222 0.0013217493366790257 0.0012770273753343478 0.0011710527964522066 0.0012770273753343478 0.0013217493366790257 0.0001482788572391542 0.00012787570711348038 0.0001482788572391542 0.00010947637285621946 0.00010658197342515225 9.267654400827418e-05 0.00010658197342515225 0.00010947637285621946
0.08635389816293408 0.037243993785460394 0.08635389816293408 0.10072768912380295 0.2003461872079668 0.09422127300679287 0.2003461872079668 0.10072768912380295 0.007173654607374986 0.005127001805405154 0.007173654607374986 0.007849653079570007 0.011691371393831656 0.008355032177913653 0.011691371393831656 0.007849653079570007 0.0032867397953313883 0.003375489252462871 0.0032867397953313887 0.0032070639316945067 0.0030683666358656213 0.003142860975315435 0.0030683666358656213 0.0032070639316945067 0.0001714586974708234 0.0001190323009474603 0.0001714586974708234 0.00012544705057743107 0.00014941973149535057 0.00011341785987098366 0.00014941973149535057 0.00012544705057743107
0.0819943522775116 0.07448443978396206 0.0819943522775116 0.10359531059094143 0.16262138591199254 0.16065422312049357 0.16262138591199254 0.10359531059094143 0.006532960890152816 0.006540138096553066 0.006532960890152816 0.007715131937570235 0.009363456458305575 0.009716356047578876 0.009363456458305575 0.007715131937570235 0.0005200209446829798 0.0004742023790533878 0.0005200209446829797 0.00043109019025833146 0.0004306216322425301 0.00037057079867569836 0.00043062163224253037 0.00043109019025833146 0.00018051629878020983 0.0001667054624180328 0.00018051629878020983 0.00016379983678755153 0.00017379508106471885 0.00014848021068420005 0.00017379508106471885 0.00016379983678755153
0.08553701809505361 0.04989216684491893 0.08553701809505361 0.12220536420919238 0.14983014407475936 0.10873838050655024 0.14983014407475936 0.12220536420919238 0.00926025591676997 0.008697989948778516 0.00926025591676997 0.012369254743802153 0.014967714941589027 0.013449767420955262 0.014967714941589027 0.012369254743802153 0.004053522216311882 0.004002564259285698 0.004053522216311883 0.0036482637270523074 0.003405599307785211 0.003419710517790617 0.003405599307785211 0.0036482637270523074 4.2614048922556214e-05 2.5070961244393055e-05 4.2614048922556214e-05 0.00026579124145550606 0.00019400021560061782 0.00021526406388714664 0.00019400021560061782 0.00026579124145550606
0.07924893812946464 0.039760261756565246 0.07924893812946464 0.10407336794342134 0.19948285237012567 0.10369508177689148 0.19948285237012567 0.10407336794342134 0.008348267464881754 0.005795398150398593 0.008348267464881754 0.00976708215919415 0.01336601783745643 0.009296958859055052 0.01336601783745643 0.00976708215919415 0.0015932941898620045 0.001761496397968357 0.001593294189862004 0.00145205980635518 0.0013198693362028665 0.0014589095964757737 0.001319869336202867 0.00145205980635518 9.088500487702013e-05 0.0001397398764385022 9.088500487702013e-05 2.9240405530326687e-05 0.0002501860698335186 4.803215179725221e-05 0.0002501860698335186 2.9240405530326687e-05
0.06761384727004706 0.056702106034552516 0.06761384727004706 0.12173637782413693 0.17247274552085565 0.13538337986972732 0.17247274552085565 0.12173637782413693 0.006690084453714132 0.0062071997625169125 0.006690084453714132 0.009140529221262421 0.011048899039602543 0.0099384893830462 0.011048899039602543 0.009140529221262421 0.0018492001058907574 0.0018479613938103831 0.0018492001058907574 0.0015995092640672419 0.0014590745862016734 0.001453668406698494 0.0014590745862016726 0.0015995092640672419 8.317831433675878e-05 7.662796917247495e-05 8.317831433675878e-05 0.00021068014834773488 0.00019445462703238903 0.0001934064294850871 0.00019445462703238903 0.00021068014834773488
0.09926583673099827 0.06239250922325234 0.09926583673099827 0.11810449327562897 0.1610681498390232 0.12431564381948004 0.1610681498390232 0.11810449327562897 0.005916940771484856 0.004559323511157423 0.005916940771484856 0.006418171702695092 0.007637905638577346 0.006617819138839561 0.007637905638577346 0.006418171702695092 0.0006332924060875357 0.0006724237527408192 0.000633292406087536 0.0005823584607610783 0.0005329055493438573 0.000540919582829629 0.0005329055493438569 0.0005823584607610783 7.819592331258122e-05 8.203514172791347e-05 7.819592331258122e-05 7.183503321124695e-05 6.587790598795826e-05 6.739935574819616e-05 6.587790598795826e-05 7.183503321124695e-05
0.08281665016044135 0.07426503231925448 0.08281665016044135 0.12313730517698435 0.16016109745450877 0.14627020095185203 0.16016109745450877 0.12313730517698435 0.00452280948989701 0.004379459359760982 0.00452280948989701 0.00568334687773248 0.006562637956451307 0.006460547600986354 0.006562637956451307 0.00568334687773248 0.0003576021584544837 0.00034462920265055416 0.00035760215845448374 0.00030135421652214574 0.00027600508219344553 0.00025773267803764024 0.0002760050821934456 0.00030135421652214574 5.2434621428192047e-05 5.138068591287514e-05 5.2434621428192047e-05 4.733472298795836e-05 4.533668196926593e-05 4.3188002403602254e-05 4.533668196926593e-05 4.733472298795836e-05
0.07374362745060133 0.05701076533518915 0.07374362745060133 0.10933910206855921 0.17553169918349226 0.1449239390431307 0.17553169918349226 0.10933910206855921 0.007881328559090107 0.006586596954257757 0.007881328559090107 0.009434533164093529 0.011986867255241609 0.010540956746868658 0.011986867255241609 0.009434533164093529 0.0005996750164863107 0.0007071755478280686 0.0005996750164863105 0.0005305100684431998 0.0004416116613057449 0.0005034387896281855 0.00044161166130574526 0.0005305100684431998 9.916247921664225e-05 0.00011002854037008879 9.916247921664225e-05 9.2228414522286e-05 8.354434196940131e-05 8.93197166841034e-05 8.354434196940131e-05 9.2228414522286e-05
0.08458099100207724 0.07528932164542357 0.08458099100207724 0.12491638457083248 0.1591163740662654 0.14291164988809824 0.1591163740662654 0.12491638457083248 0.004276215233878429 0.003886841363800071 0.004276215233878429 0.005380776444008532 0.0063972389150038726 0.005976652195405221 0.0063972389150038726 0.005380776444008532 0.0003104806105928135 0.0003230691320483169 0.00031048061059281337 0.0002667653079132424 0.00023622096211469711 0.0002400295112871236 0.00023622096211469714 0.0002667653079132424 5.474570988362405e-05 5.51590108122921e-05 5.474570988362405e-05 4.953736804999891e-05 4.9191951544866485e-05 4.743296879493396e-05 4.9191951544866485e-05 4.953736804999891e-05
0.08373784460399133 0.04948922770478677 0.08373784460399133 0.10048237499360867 0.17249498344050865 0.1159906755766433 0.17249498344050865 0.10048237499360867 0.010212915154830627 0.008131356991752003 0.010212915154830627 0.011631790917348856 0.015602507098613735 0.013155060051964821 0.015602507098613735 0.011631790917348856 0.0030928181966755905 0.003179351436885462 0.003092818196675593 0.0028379821258433706 0.0025844816591737807 0.002607590509629727 0.0025844816591737807 0.0028379821258433706 0.0002850466569915966 0.00028528971994973306 0.0002850466569915966 0.00013019248083704686 0.0003301480990571753 0.00031527715342734487 0.0003301480990571753 0.00013019248083704686
0.08723491047161108 0.06727795461870159 0.08723491047161108 0.10070329139068548 0.17313493957911413 0.14548163379347406 0.17313493957911413 0.10070329139068548 0.005642543856746439 0.004603075673389971 0.005642543856746439 0.006335544689765426 0.00794355263468924 0.007184154928270973 0.00794355263468924 0.006335544689765426 0.0009992267330195715 0.0010458669012028009 0.0009992267330195715 0.0009491829928581122 0.0009310620468630434 0.0009364493004125327 0.0009310620468630434 0.0009491829928581122 0.0007237037359232528 0.00071423872240825 0.0007237037359232528 0.0007104308718252601 0.0007190227569907959 0.000701802541956048 0.0007190227569907959 0.0007104308718252601
0.0736878403144598 0.06762150714060478 0.0736878403144598 0.11253864311962526 0.17522864057712026 0.14893985022832446 0.17522864057712026 0.11253864311962526 0.00467112169442082 0.0051300532966617905 0.00467112169442082 0.006516650525956841 0.007498972084928292 0.00784526494052216 0.007498972084928292 0.006516650525956841 0.0008755161929188481 0.0007949542422576202 0.0008755161929188481 0.000754028786274556 0.0007666016921259417 0.0007019732280531783 0.0007666016921259416 0.000754028786274556 0.0004982226388567079 0.00048228718737510623 0.0004982226388567079 0.00047927545233251057 0.0004914112980011049 0.0004702609821591356 0.0004914112980011049 0.00047927545233251057
0.053659606584891516 0.05427803738491106 0.053659606584891516 0.10765087736029746 0.1709730826840869 0.1642004282842573 0.1709730826840869 0.10765087736029746 0.007706859330490413 0.008674082061120756 0.007706859330490413 0.01203288793071857 0.014170147274849925 0.01553892414655004 0.014170147274849925 0.01203288793071857 0.003307463974193558 0.0030247400929492374 0.0033074639741935584 0.002710785624521707 0.002673046467884693 0.0023860971816169873 0.002673046467884693 0.002710785624521707 0.00026288297235111904 0.00016714822752090483 0.00026288297235111904 0.0003024322619938099 0.0002939420101816462 0.0002425136681511074 0.0002939420101816462 0.0003024322619938099
0.08788222993373031 0.05291490034565137 0.08788222993373031 0.10868583066939962 0.1914026570930694 0.11873907728133179 0.1914026570930694 0.10868583066939962 0.005343423691047434 0.004077017782353212 0.005343423691047434 0.006029794968793598 0.008242293160223435 0.006367229053706628 0.008242293160223435 0.006029794968793598 0.000332869187068713 0.00037226262121295883 0.0003328691870687129 0.00029432200996336153 0.0002475057412455599 0.0002739980291694135 0.00024750574124555986 0.00029432200996336153 4.512017304014947e-05 4.8954136035416004e-05 4.512017304014947e-05 4.115916391352879e-05 3.655396488106803e-05 3.9041237786822867e-05 3.655396488106803e-05 4.115916391352879e-05
0.07552264302782703 0.04270492144050733 0.07552264302782703 0.08246090940195965 0.21829123050716184 0.11499692975142312 0.21829123050716184 0.08246090940195965 0.007750577603819158 0.005679784720385119 0.007750577603819158 0.0083808984549593 0.013472682742629584 0.00941656085939084 0.013472682742629584 0.0083808984549593 0.001919140463498384 0.0020459381827901673 0.001919140463498383 0.001792189055311778 0.0016032886746222043 0.0017228137933485506 0.001603288674622205 0.001792189055311778 0.00017083810651669583 0.00018187660941952125 0.00017083810651669583 0.0001249991124418446 8.549667132076281e-05 0.00010138699859884483 8.549667132076281e-05 0.0001249991124418446
0.06750883457008183 0.06427463274203632 0.06750883457008183 0.10312856621277276 0.18393669853648265 0.17117484214449846 0.18393669853648265 0.10312856621277276 0.004735130686026957 0.004542846394943318 0.004735130686026957 0.005909699883675085 0.008068249566297406 0.007605114434961162 0.008068249566297406 0.005909699883675085 0.0006890600010022669 0.000663391944954284 0.0006890600010022666 0.0006108537569102169 0.0005676714861225008 0.0005355252236471899 0.0005676714861225007 0.0006108537569102169 0.00011987890304879454 0.00011895481363759918 0.00011987890304879454 0.00011133710347424905 0.00010402337823028516 0.00010468413307159799 0.00010402337823028516 0.00011133710347424905
